image=custom_adventurer_smear.png

[stance]
frames=1
duration=100ms
type=play_once
frame=0,0,501,179,1,1,80,112
frame=0,1,501,179,1,1,80,112
frame=0,2,501,179,1,1,80,112
frame=0,3,501,179,1,1,80,112
frame=0,4,501,179,1,1,80,112
frame=0,5,501,179,1,1,80,112
frame=0,6,501,179,1,1,80,112
frame=0,7,501,179,1,1,80,112

[swing]
frames=8
duration=640ms
type=play_once
frame=0,0,501,179,1,1,80,112
frame=0,1,501,179,1,1,80,112
frame=0,2,501,179,1,1,80,112
frame=0,3,501,179,1,1,80,112
frame=0,4,501,179,1,1,80,112
frame=0,5,501,179,1,1,80,112
frame=0,6,501,179,1,1,80,112
frame=0,7,501,179,1,1,80,112
frame=1,0,501,179,1,1,80,112
frame=1,1,501,179,1,1,80,112
frame=1,2,501,179,1,1,80,112
frame=1,3,501,179,1,1,80,112
frame=1,4,501,179,1,1,80,112
frame=1,5,501,179,1,1,80,112
frame=1,6,501,179,1,1,80,112
frame=1,7,501,179,1,1,80,112
frame=2,0,404,144,96,19,49,37
frame=2,1,0,144,72,34,50,53
frame=2,2,148,88,46,42,50,62
frame=2,3,333,88,81,35,49,68
frame=2,4,73,144,97,32,46,70
frame=2,5,75,88,72,51,20,71
frame=2,6,310,0,46,57,-6,68
frame=2,7,195,88,81,41,30,55
frame=3,0,0,179,65,19,48,55
frame=3,1,265,179,63,14,34,58
frame=3,2,293,144,27,28,-9,59
frame=3,3,257,144,35,29,-9,53
frame=3,4,70,179,62,18,13,37
frame=3,5,321,144,62,21,27,34
frame=3,6,297,88,35,36,34,48
frame=3,7,415,88,30,35,42,53
frame=4,0,501,179,1,1,80,112
frame=4,1,501,179,1,1,80,112
frame=4,2,501,179,1,1,80,112
frame=4,3,501,179,1,1,80,112
frame=4,4,501,179,1,1,80,112
frame=4,5,501,179,1,1,80,112
frame=4,6,501,179,1,1,80,112
frame=4,7,501,179,1,1,80,112
frame=5,0,501,179,1,1,80,112
frame=5,1,501,179,1,1,80,112
frame=5,2,501,179,1,1,80,112
frame=5,3,501,179,1,1,80,112
frame=5,4,501,179,1,1,80,112
frame=5,5,501,179,1,1,80,112
frame=5,6,501,179,1,1,80,112
frame=5,7,501,179,1,1,80,112
frame=6,0,501,179,1,1,80,112
frame=6,1,501,179,1,1,80,112
frame=6,2,501,179,1,1,80,112
frame=6,3,501,179,1,1,80,112
frame=6,4,501,179,1,1,80,112
frame=6,5,501,179,1,1,80,112
frame=6,6,501,179,1,1,80,112
frame=6,7,501,179,1,1,80,112
frame=7,0,501,179,1,1,80,112
frame=7,1,501,179,1,1,80,112
frame=7,2,501,179,1,1,80,112
frame=7,3,501,179,1,1,80,112
frame=7,4,501,179,1,1,80,112
frame=7,5,501,179,1,1,80,112
frame=7,6,501,179,1,1,80,112
frame=7,7,501,179,1,1,80,112

[swing2]
frames=8
duration=680ms
type=play_once
frame=0,0,501,179,1,1,80,112
frame=0,1,501,179,1,1,80,112
frame=0,2,501,179,1,1,80,112
frame=0,3,501,179,1,1,80,112
frame=0,4,501,179,1,1,80,112
frame=0,5,501,179,1,1,80,112
frame=0,6,501,179,1,1,80,112
frame=0,7,501,179,1,1,80,112
frame=1,0,501,179,1,1,80,112
frame=1,1,501,179,1,1,80,112
frame=1,2,501,179,1,1,80,112
frame=1,3,501,179,1,1,80,112
frame=1,4,501,179,1,1,80,112
frame=1,5,501,179,1,1,80,112
frame=1,6,501,179,1,1,80,112
frame=1,7,501,179,1,1,80,112
frame=2,0,168,0,88,67,51,73
frame=2,1,0,88,74,55,51,79
frame=2,2,148,0,19,68,21,89
frame=2,3,257,0,52,65,28,92
frame=2,4,357,0,88,56,35,89
frame=2,5,73,0,74,73,21,87
frame=2,6,0,0,19,87,-4,84
frame=2,7,20,0,52,78,22,78
frame=3,0,423,179,20,12,40,7
frame=3,1,133,179,16,18,42,23
frame=3,2,66,179,3,19,19,37
frame=3,3,150,179,13,18,-4,37
frame=3,4,444,179,21,11,-22,25
frame=3,5,466,179,15,11,-28,14
frame=3,6,498,179,2,2,-19,-6
frame=3,7,482,179,15,10,14,0
frame=4,0,501,179,1,1,80,112
frame=4,1,501,179,1,1,80,112
frame=4,2,501,179,1,1,80,112
frame=4,3,501,179,1,1,80,112
frame=4,4,501,179,1,1,80,112
frame=4,5,501,179,1,1,80,112
frame=4,6,501,179,1,1,80,112
frame=4,7,501,179,1,1,80,112
frame=5,0,501,179,1,1,80,112
frame=5,1,501,179,1,1,80,112
frame=5,2,501,179,1,1,80,112
frame=5,3,501,179,1,1,80,112
frame=5,4,501,179,1,1,80,112
frame=5,5,501,179,1,1,80,112
frame=5,6,501,179,1,1,80,112
frame=5,7,501,179,1,1,80,112
frame=6,0,501,179,1,1,80,112
frame=6,1,501,179,1,1,80,112
frame=6,2,501,179,1,1,80,112
frame=6,3,501,179,1,1,80,112
frame=6,4,501,179,1,1,80,112
frame=6,5,501,179,1,1,80,112
frame=6,6,501,179,1,1,80,112
frame=6,7,501,179,1,1,80,112
frame=7,0,501,179,1,1,80,112
frame=7,1,501,179,1,1,80,112
frame=7,2,501,179,1,1,80,112
frame=7,3,501,179,1,1,80,112
frame=7,4,501,179,1,1,80,112
frame=7,5,501,179,1,1,80,112
frame=7,6,501,179,1,1,80,112
frame=7,7,501,179,1,1,80,112

[swing3]
frames=8
duration=600ms
type=play_once
frame=0,0,501,179,1,1,80,112
frame=0,1,501,179,1,1,80,112
frame=0,2,501,179,1,1,80,112
frame=0,3,501,179,1,1,80,112
frame=0,4,501,179,1,1,80,112
frame=0,5,501,179,1,1,80,112
frame=0,6,501,179,1,1,80,112
frame=0,7,501,179,1,1,80,112
frame=1,0,501,179,1,1,80,112
frame=1,1,501,179,1,1,80,112
frame=1,2,501,179,1,1,80,112
frame=1,3,501,179,1,1,80,112
frame=1,4,501,179,1,1,80,112
frame=1,5,501,179,1,1,80,112
frame=1,6,501,179,1,1,80,112
frame=1,7,501,179,1,1,80,112
frame=2,0,171,144,43,31,51,52
frame=2,1,277,88,19,38,42,68
frame=2,2,215,144,41,31,29,72
frame=2,3,329,179,58,13,12,62
frame=2,4,388,179,34,13,-19,53
frame=2,5,384,144,19,21,-25,44
frame=2,6,164,179,41,16,10,33
frame=2,7,206,179,58,15,44,32
frame=3,0,501,179,1,1,80,112
frame=3,1,501,179,1,1,80,112
frame=3,2,501,179,1,1,80,112
frame=3,3,501,179,1,1,80,112
frame=3,4,501,179,1,1,80,112
frame=3,5,501,179,1,1,80,112
frame=3,6,501,179,1,1,80,112
frame=3,7,501,179,1,1,80,112
frame=4,0,501,179,1,1,80,112
frame=4,1,501,179,1,1,80,112
frame=4,2,501,179,1,1,80,112
frame=4,3,501,179,1,1,80,112
frame=4,4,501,179,1,1,80,112
frame=4,5,501,179,1,1,80,112
frame=4,6,501,179,1,1,80,112
frame=4,7,501,179,1,1,80,112
frame=5,0,501,179,1,1,80,112
frame=5,1,501,179,1,1,80,112
frame=5,2,501,179,1,1,80,112
frame=5,3,501,179,1,1,80,112
frame=5,4,501,179,1,1,80,112
frame=5,5,501,179,1,1,80,112
frame=5,6,501,179,1,1,80,112
frame=5,7,501,179,1,1,80,112
frame=6,0,501,179,1,1,80,112
frame=6,1,501,179,1,1,80,112
frame=6,2,501,179,1,1,80,112
frame=6,3,501,179,1,1,80,112
frame=6,4,501,179,1,1,80,112
frame=6,5,501,179,1,1,80,112
frame=6,6,501,179,1,1,80,112
frame=6,7,501,179,1,1,80,112
frame=7,0,501,179,1,1,80,112
frame=7,1,501,179,1,1,80,112
frame=7,2,501,179,1,1,80,112
frame=7,3,501,179,1,1,80,112
frame=7,4,501,179,1,1,80,112
frame=7,5,501,179,1,1,80,112
frame=7,6,501,179,1,1,80,112
frame=7,7,501,179,1,1,80,112
