image=custom_adventurer.png

[stance]
frames=4
duration=800ms
type=back_forth
frame=0,0,396,371,27,68,17,63
frame=0,1,616,441,34,67,21,62
frame=0,2,651,441,29,67,14,64
frame=0,3,644,81,28,72,11,67
frame=0,4,228,155,27,71,8,66
frame=0,5,707,228,34,70,11,63
frame=0,6,659,300,29,69,13,63
frame=0,7,742,228,28,70,15,63
frame=1,0,689,300,27,69,17,63
frame=1,1,681,441,34,67,21,62
frame=1,2,424,371,29,68,14,64
frame=1,3,673,81,28,72,11,67
frame=1,4,256,155,27,71,8,65
frame=1,5,771,228,34,70,11,63
frame=1,6,717,300,29,69,13,63
frame=1,7,806,228,28,70,15,63
frame=2,0,454,371,27,68,17,63
frame=2,1,716,441,34,67,21,62
frame=2,2,751,441,29,67,14,64
frame=2,3,702,81,28,72,11,67
frame=2,4,284,155,27,71,8,66
frame=2,5,312,155,34,71,11,64
frame=2,6,835,228,29,70,13,64
frame=2,7,347,155,28,71,15,64
frame=3,0,482,371,27,68,17,63
frame=3,1,781,441,34,67,21,62
frame=3,2,816,441,29,67,14,64
frame=3,3,731,81,28,72,11,67
frame=3,4,376,155,27,71,8,66
frame=3,5,865,228,34,70,11,63
frame=3,6,747,300,29,69,13,63
frame=3,7,900,228,28,70,15,63

[run]
frames=8
duration=640ms
type=looped
frame=0,0,513,578,37,64,16,62
frame=0,1,56,578,35,65,20,60
frame=0,2,510,371,30,68,14,62
frame=0,3,0,81,35,73,18,66
frame=0,4,36,81,37,73,19,67
frame=0,5,541,371,35,68,13,65
frame=0,6,778,510,30,66,14,66
frame=0,7,92,578,35,65,15,65
frame=1,0,846,441,45,67,17,62
frame=1,1,128,578,46,65,21,60
frame=1,2,577,371,30,68,14,60
frame=1,3,760,81,31,72,18,65
frame=1,4,608,371,45,68,26,67
frame=1,5,777,300,46,69,23,66
frame=1,6,824,300,30,69,14,65
frame=1,7,855,300,31,69,11,64
frame=2,0,551,578,51,64,19,61
frame=2,1,734,578,48,62,21,59
frame=2,2,892,441,30,67,14,59
frame=2,3,887,300,34,69,20,63
frame=2,4,809,510,51,66,30,66
frame=2,5,404,155,48,71,25,65
frame=2,6,74,81,30,73,14,64
frame=2,7,792,81,34,72,12,63
frame=3,0,923,441,47,67,17,62
frame=3,1,783,578,47,62,21,60
frame=3,2,175,578,30,65,14,60
frame=3,3,654,371,32,68,19,65
frame=3,4,687,371,47,68,28,67
frame=3,5,453,155,47,71,24,66
frame=3,6,105,81,30,73,14,65
frame=3,7,827,81,32,72,11,64
frame=4,0,971,441,37,67,16,62
frame=4,1,0,510,40,67,20,60
frame=4,2,735,371,30,68,14,62
frame=4,3,501,155,30,71,13,66
frame=4,4,922,300,37,69,19,67
frame=4,5,206,578,40,65,18,65
frame=4,6,861,510,30,66,14,66
frame=4,7,766,371,30,68,15,65
frame=5,0,603,578,43,63,15,62
frame=5,1,41,510,39,67,19,60
frame=5,2,929,228,30,70,14,62
frame=5,3,960,228,43,70,22,65
frame=5,4,0,300,43,70,26,65
frame=5,5,960,300,39,69,18,64
frame=5,6,0,371,30,69,14,65
frame=5,7,81,510,43,67,19,64
frame=6,0,831,578,51,61,19,61
frame=6,1,247,578,40,65,18,59
frame=6,2,31,371,30,69,14,61
frame=6,3,125,510,47,67,25,64
frame=6,4,797,371,51,68,30,64
frame=6,5,860,81,40,72,20,63
frame=6,6,136,81,30,73,14,64
frame=6,7,62,371,47,69,20,63
frame=7,0,647,578,45,63,15,62
frame=7,1,693,578,40,63,19,60
frame=7,2,173,510,30,67,14,62
frame=7,3,204,510,45,67,24,65
frame=7,4,44,300,45,70,28,65
frame=7,5,901,81,40,72,19,64
frame=7,6,167,81,30,73,14,65
frame=7,7,110,371,45,69,19,64

[swing]
frames=6
duration=600ms
type=play_once
frame=0,0,849,371,32,68,20,62
frame=0,1,882,371,34,68,20,61
frame=0,2,942,81,29,72,14,65
frame=0,3,198,81,32,73,12,68
frame=0,4,532,155,32,71,10,67
frame=0,5,972,81,34,72,12,64
frame=0,6,710,0,29,74,13,65
frame=0,7,156,371,32,69,18,64
frame=1,0,250,510,32,67,20,61
frame=1,1,189,371,34,69,20,62
frame=1,2,231,81,29,73,14,67
frame=1,3,261,81,33,73,13,68
frame=1,4,392,0,32,76,10,72
frame=1,5,33,0,34,79,12,71
frame=1,6,425,0,29,76,13,67
frame=1,7,917,371,33,68,18,63
frame=2,0,283,510,33,67,21,61
frame=2,1,295,81,32,73,18,66
frame=2,2,455,0,31,76,16,70
frame=2,3,487,0,39,75,18,71
frame=2,4,527,0,33,75,10,71
frame=2,5,0,0,32,80,12,72
frame=2,6,68,0,31,77,13,68
frame=2,7,224,371,39,69,19,63
frame=3,0,951,371,33,68,21,62
frame=3,1,985,371,35,68,22,61
frame=3,2,328,81,31,73,16,67
frame=3,3,740,0,33,74,12,70
frame=3,4,0,155,33,72,10,68
frame=3,5,34,155,35,72,11,64
frame=3,6,360,81,31,73,13,64
frame=3,7,90,300,33,70,19,64
frame=4,0,264,371,33,69,20,63
frame=4,1,0,441,33,68,20,61
frame=4,2,892,510,33,66,18,60
frame=4,3,926,510,34,66,14,61
frame=4,4,288,578,33,65,11,61
frame=4,5,565,155,33,71,11,63
frame=4,6,392,81,33,73,13,64
frame=4,7,298,371,34,69,18,64
frame=5,0,34,441,32,68,20,62
frame=5,1,67,441,34,68,20,61
frame=5,2,70,155,29,72,14,65
frame=5,3,426,81,32,73,12,68
frame=5,4,599,155,32,71,10,67
frame=5,5,100,155,34,72,12,64
frame=5,6,774,0,29,74,13,65
frame=5,7,333,371,32,69,18,64

[hit]
frames=2
duration=300ms
type=play_once
frame=0,0,102,441,27,68,17,63
frame=0,1,317,510,34,67,21,62
frame=0,2,352,510,30,67,14,64
frame=0,3,135,155,28,72,11,67
frame=0,4,632,155,27,71,8,66
frame=0,5,660,155,34,71,11,64
frame=0,6,124,300,30,70,14,64
frame=0,7,695,155,28,71,15,64
frame=1,0,130,441,27,68,17,63
frame=1,1,383,510,34,67,21,62
frame=1,2,418,510,30,67,14,64
frame=1,3,164,155,28,72,11,67
frame=1,4,724,155,27,71,8,66
frame=1,5,752,155,34,71,11,64
frame=1,6,155,300,30,70,14,64
frame=1,7,787,155,28,71,15,64

[block]
frames=2
duration=300ms
type=play_once
frame=0,0,158,441,23,68,13,63
frame=0,1,449,510,31,67,18,62
frame=0,2,322,578,30,65,14,62
frame=0,3,186,300,24,70,11,65
frame=0,4,211,300,23,70,8,65
frame=0,5,816,155,31,71,11,64
frame=0,6,235,300,30,70,14,64
frame=0,7,848,155,24,71,11,64
frame=1,0,182,441,29,68,16,62
frame=1,1,212,441,34,68,20,62
frame=1,2,961,510,29,66,14,62
frame=1,3,247,441,34,68,16,62
frame=1,4,366,371,29,69,11,63
frame=1,5,193,155,34,72,12,65
frame=1,6,873,155,29,71,13,65
frame=1,7,903,155,34,71,16,64

[cast]
frames=4
duration=600ms
type=play_once
frame=0,0,282,441,33,68,23,63
frame=0,1,481,510,38,67,25,62
frame=0,2,353,578,30,65,14,62
frame=0,3,316,441,37,68,11,63
frame=0,4,266,300,33,70,8,65
frame=0,5,938,155,38,71,11,64
frame=0,6,300,300,30,70,14,64
frame=0,7,977,155,37,71,24,64
frame=1,0,804,0,28,74,15,70
frame=1,1,100,0,34,77,20,73
frame=1,2,459,81,30,73,14,71
frame=1,3,135,0,37,77,16,73
frame=1,4,561,0,28,75,11,70
frame=1,5,0,228,34,71,12,65
frame=1,6,35,228,30,71,14,66
frame=1,7,66,228,37,71,19,65
frame=2,0,833,0,28,74,15,70
frame=2,1,173,0,34,77,20,73
frame=2,2,490,81,30,73,14,71
frame=2,3,208,0,37,77,16,73
frame=2,4,590,0,28,75,11,70
frame=2,5,104,228,34,71,12,65
frame=2,6,139,228,30,71,14,66
frame=2,7,170,228,37,71,19,65
frame=3,0,354,441,33,68,23,63
frame=3,1,520,510,38,67,25,62
frame=3,2,384,578,30,65,14,62
frame=3,3,388,441,37,68,11,63
frame=3,4,331,300,33,70,8,65
frame=3,5,208,228,38,71,11,64
frame=3,6,365,300,30,70,14,64
frame=3,7,247,228,37,71,24,64

[shoot]
frames=4
duration=600ms
type=play_once
frame=0,0,426,441,33,68,23,63
frame=0,1,559,510,38,67,25,62
frame=0,2,415,578,30,65,14,62
frame=0,3,460,441,37,68,11,63
frame=0,4,396,300,33,70,8,65
frame=0,5,285,228,38,71,11,64
frame=0,6,430,300,30,70,14,64
frame=0,7,324,228,37,71,24,64
frame=1,0,862,0,28,74,15,70
frame=1,1,246,0,34,77,20,73
frame=1,2,521,81,30,73,14,71
frame=1,3,281,0,37,77,16,73
frame=1,4,619,0,28,75,11,70
frame=1,5,362,228,34,71,12,65
frame=1,6,397,228,30,71,14,66
frame=1,7,428,228,37,71,19,65
frame=2,0,891,0,28,74,15,70
frame=2,1,319,0,34,77,20,73
frame=2,2,552,81,30,73,14,71
frame=2,3,354,0,37,77,16,73
frame=2,4,648,0,28,75,11,70
frame=2,5,466,228,34,71,12,65
frame=2,6,501,228,30,71,14,66
frame=2,7,532,228,37,71,19,65
frame=3,0,498,441,33,68,23,63
frame=3,1,598,510,38,67,25,62
frame=3,2,446,578,30,65,14,62
frame=3,3,532,441,37,68,11,63
frame=3,4,461,300,33,70,8,65
frame=3,5,570,228,38,71,11,64
frame=3,6,495,300,30,70,14,64
frame=3,7,609,228,37,71,24,64

[die]
frames=6
duration=900ms
type=play_once
frame=0,0,570,441,22,68,12,63
frame=0,1,637,510,30,67,17,62
frame=0,2,991,510,30,66,14,63
frame=0,3,526,300,28,70,11,65
frame=0,4,593,441,22,68,8,63
frame=0,5,647,228,30,71,11,64
frame=0,6,555,300,30,70,14,64
frame=0,7,678,228,28,71,15,64
frame=1,0,668,510,28,67,7,63
frame=1,1,883,578,30,61,10,57
frame=1,2,914,578,30,61,15,58
frame=1,3,697,510,29,67,18,63
frame=1,4,586,300,28,70,19,66
frame=1,5,583,81,30,73,18,68
frame=1,6,920,0,30,74,13,70
frame=1,7,614,81,29,73,9,68
frame=2,0,945,578,50,58,6,55
frame=2,1,252,645,41,46,8,43
frame=2,2,370,645,32,44,17,41
frame=2,3,61,645,43,54,33,50
frame=2,4,727,510,50,67,42,63
frame=2,5,951,0,41,74,31,71
frame=2,6,677,0,32,75,13,74
frame=2,7,615,300,43,70,8,68
frame=3,0,779,645,70,38,4,35
frame=3,1,213,704,55,27,6,23
frame=3,2,269,704,35,27,20,19
frame=3,3,0,704,60,31,52,26
frame=3,4,181,645,70,50,64,45
frame=3,5,0,578,55,66,47,62
frame=3,6,477,578,35,65,13,64
frame=3,7,0,645,60,58,6,56
frame=4,0,305,704,75,27,-1,13
frame=4,1,599,645,59,42,3,8
frame=4,2,143,645,37,51,22,7
frame=4,3,403,645,67,44,62,9
frame=4,4,61,704,75,31,74,17
frame=4,5,659,645,59,41,54,36
frame=4,6,294,645,37,46,13,43
frame=4,7,850,645,67,35,3,33
frame=5,0,381,704,75,27,-1,13
frame=5,1,539,645,59,43,3,8
frame=5,2,105,645,37,52,22,7
frame=5,3,471,645,67,44,62,9
frame=5,4,137,704,75,30,74,16
frame=5,5,719,645,59,41,54,36
frame=5,6,332,645,37,46,13,43
frame=5,7,918,645,67,35,3,33
