image=custom_gear_battle_axe.png

[stance]
frames=4
duration=800ms
type=back_forth
frame=0,0,0,110,21,32,17,60
frame=0,1,230,207,16,27,20,63
frame=0,2,375,288,5,19,12,68
frame=0,3,422,348,12,13,9,71
frame=0,4,42,143,21,31,2,70
frame=0,5,345,0,16,35,-6,67
frame=0,6,26,0,5,37,-9,63
frame=0,7,362,0,16,35,5,59
frame=1,0,64,143,20,31,17,59
frame=1,1,449,176,15,28,20,63
frame=1,2,381,288,5,19,12,68
frame=1,3,435,348,12,13,9,71
frame=1,4,85,143,20,31,1,70
frame=1,5,379,0,15,35,-7,67
frame=1,6,0,0,5,38,-9,63
frame=1,7,395,0,16,35,5,59
frame=2,0,106,143,22,31,17,60
frame=2,1,247,207,16,27,20,63
frame=2,2,387,288,5,19,12,68
frame=2,3,448,348,13,13,10,71
frame=2,4,129,143,22,31,3,71
frame=2,5,490,39,16,34,-6,67
frame=2,6,32,0,5,37,-9,64
frame=2,7,412,0,17,35,5,60
frame=3,0,0,110,21,32,17,60
frame=3,1,230,207,16,27,20,63
frame=3,2,375,288,5,19,12,68
frame=3,3,462,348,12,13,9,71
frame=3,4,42,143,21,31,2,70
frame=3,5,345,0,16,35,-6,67
frame=3,6,38,0,5,37,-9,63
frame=3,7,430,0,16,35,5,59

[run]
frames=10
duration=660ms
type=looped
frame=0,0,313,75,12,33,14,53
frame=0,1,326,75,10,33,19,59
frame=0,2,337,75,5,33,14,65
frame=0,3,57,288,9,20,6,68
frame=0,4,22,110,12,32,-4,65
frame=0,5,0,75,10,34,-11,61
frame=0,6,149,0,5,36,-11,57
frame=0,7,11,75,9,34,1,53
frame=1,0,343,75,12,33,14,53
frame=1,1,356,75,10,33,19,59
frame=1,2,367,75,5,33,14,65
frame=1,3,393,288,10,19,6,67
frame=1,4,35,110,12,32,-4,65
frame=1,5,21,75,10,34,-11,61
frame=1,6,447,0,5,35,-11,56
frame=1,7,453,0,10,35,2,53
frame=2,0,48,110,15,32,16,54
frame=2,1,152,143,12,31,20,60
frame=2,2,440,263,5,21,13,66
frame=2,3,288,364,10,12,6,68
frame=2,4,64,110,15,32,-3,66
frame=2,5,464,0,12,35,-10,62
frame=2,6,155,0,5,36,-10,57
frame=2,7,477,0,12,35,4,54
frame=3,0,80,110,19,32,19,57
frame=3,1,217,176,14,29,21,62
frame=3,2,404,288,6,19,12,67
frame=3,3,366,263,14,22,6,69
frame=3,4,165,143,19,31,-2,67
frame=3,5,490,0,14,35,-9,63
frame=3,6,44,0,6,37,-8,59
frame=3,7,0,39,15,35,7,56
frame=4,0,487,143,22,30,21,58
frame=4,1,264,207,15,27,21,63
frame=4,2,411,288,7,19,12,67
frame=4,3,0,236,19,26,7,69
frame=4,4,185,143,22,31,-1,68
frame=4,5,161,0,15,36,-8,64
frame=4,6,6,0,7,38,-7,60
frame=4,7,32,75,19,34,10,56
frame=5,0,0,176,24,30,22,58
frame=5,1,381,263,15,22,21,62
frame=5,2,67,288,8,20,12,66
frame=5,3,280,207,21,27,8,69
frame=5,4,208,143,24,31,0,67
frame=5,5,16,39,16,35,-8,63
frame=5,6,51,0,8,37,-6,59
frame=5,7,52,75,21,34,11,56
frame=6,0,25,176,22,30,21,57
frame=6,1,68,263,15,23,21,61
frame=6,2,76,288,7,20,12,66
frame=6,3,20,236,18,26,7,68
frame=6,4,233,143,22,31,-1,66
frame=6,5,33,39,15,35,-8,62
frame=6,6,60,0,7,37,-7,58
frame=6,7,74,75,19,34,10,55
frame=7,0,100,110,19,32,19,56
frame=7,1,232,176,14,29,21,61
frame=7,2,419,288,6,19,12,66
frame=7,3,397,263,14,22,6,68
frame=7,4,256,143,19,31,-2,66
frame=7,5,49,39,14,35,-9,62
frame=7,6,68,0,6,37,-8,58
frame=7,7,64,39,15,35,7,55
frame=8,0,120,110,15,32,16,55
frame=8,1,276,143,12,31,20,61
frame=8,2,446,263,5,21,13,67
frame=8,3,299,364,10,12,6,69
frame=8,4,136,110,15,32,-3,67
frame=8,5,80,39,12,35,-10,63
frame=8,6,177,0,5,36,-10,58
frame=8,7,93,39,12,35,4,55
frame=9,0,152,110,12,32,14,54
frame=9,1,373,75,10,33,19,60
frame=9,2,292,236,5,25,14,66
frame=9,3,84,288,10,20,6,69
frame=9,4,165,110,12,32,-4,66
frame=9,5,94,75,10,34,-11,62
frame=9,6,183,0,5,36,-11,58
frame=9,7,106,39,10,35,2,54

[swing]
frames=8
duration=640ms
type=play_once
hit=160ms
frame=0,0,84,263,23,23,-13,40
frame=0,1,298,236,16,25,16,37
frame=0,2,0,330,32,17,50,40
frame=0,3,255,391,31,9,56,53
frame=0,4,33,330,23,17,34,70
frame=0,5,57,330,17,17,-1,72
frame=0,6,459,378,35,10,-17,61
frame=0,7,475,348,36,13,-22,47
frame=1,0,392,330,35,15,-19,44
frame=1,1,108,263,20,23,-6,38
frame=1,2,392,236,19,24,26,39
frame=1,3,428,330,32,15,54,44
frame=1,4,287,391,35,9,52,58
frame=1,5,461,330,17,15,24,72
frame=1,6,206,330,20,16,-8,70
frame=1,7,0,391,36,10,-20,57
frame=2,0,323,391,30,9,55,41
frame=2,1,248,378,14,11,37,58
frame=2,2,37,391,18,10,6,63
frame=2,3,354,391,33,9,-13,56
frame=2,4,95,288,33,20,-24,48
frame=2,5,39,236,17,26,-22,37
frame=2,6,57,236,20,26,10,31
frame=2,7,219,310,33,18,44,31
frame=3,0,424,391,23,8,-3,54
frame=3,1,263,378,26,11,-10,49
frame=3,2,129,288,18,20,-12,46
frame=3,3,452,263,20,21,3,41
frame=3,4,210,348,36,14,24,37
frame=3,5,310,364,35,12,34,44
frame=3,6,426,288,18,19,28,54
frame=3,7,476,391,8,7,3,58
frame=4,0,0,402,24,6,-7,46
frame=4,1,479,330,25,15,-5,43
frame=4,2,253,310,11,18,-3,38
frame=4,3,265,310,31,18,18,39
frame=4,4,290,378,37,11,29,40
frame=4,5,297,310,28,18,28,50
frame=4,6,473,263,7,21,12,55
frame=4,7,328,378,21,11,1,53
frame=5,0,78,236,21,26,15,68
frame=5,1,0,348,19,15,0,64
frame=5,2,247,348,13,14,-10,59
frame=5,3,326,310,13,18,-6,55
frame=5,4,412,236,23,24,4,54
frame=5,5,178,110,27,32,17,57
frame=5,6,75,0,18,37,21,62
frame=5,7,189,0,14,36,18,66
frame=6,0,117,39,12,35,19,67
frame=6,1,436,236,12,24,13,71
frame=6,2,227,330,12,16,0,71
frame=6,3,465,176,12,28,-7,67
frame=6,4,48,176,12,30,-9,63
frame=6,5,384,75,14,33,-3,60
frame=6,6,204,0,15,36,10,59
frame=6,7,220,0,12,36,17,62
frame=7,0,289,143,21,31,17,60
frame=7,1,478,176,16,28,20,64
frame=7,2,445,288,5,19,12,68
frame=7,3,0,364,12,13,9,71
frame=7,4,311,143,21,31,2,71
frame=7,5,130,39,16,35,-6,67
frame=7,6,14,0,5,38,-9,64
frame=7,7,147,39,16,35,5,60

[swing2]
frames=8
duration=680ms
type=play_once
hit=170ms
frame=0,0,75,330,36,17,-5,70
frame=0,1,350,378,32,11,6,59
frame=0,2,240,330,11,16,14,61
frame=0,3,261,348,22,14,32,67
frame=0,4,346,364,36,12,39,78
frame=0,5,129,263,32,23,24,89
frame=0,6,247,176,11,29,-5,92
frame=0,7,302,207,22,27,-12,84
frame=1,0,0,207,20,28,-17,55
frame=1,1,206,110,21,32,-5,49
frame=1,2,233,0,13,36,11,50
frame=1,3,94,0,11,37,27,56
frame=1,4,164,39,20,35,35,64
frame=1,5,333,143,21,31,24,69
frame=1,6,340,310,10,18,-3,69
frame=1,7,100,236,11,26,-18,63
frame=2,0,61,176,28,30,51,29
frame=2,1,162,263,23,23,50,40
frame=2,2,20,348,10,15,21,45
frame=2,3,56,391,8,10,-14,41
frame=2,4,315,236,28,25,-25,43
frame=2,5,228,110,26,32,-26,32
frame=2,6,247,0,11,36,-12,23
frame=2,7,259,0,17,36,22,22
frame=3,0,185,39,12,35,28,23
frame=3,1,259,176,13,29,34,27
frame=3,2,325,207,10,27,21,35
frame=3,3,13,364,8,13,-1,25
frame=3,4,21,207,12,28,-18,36
frame=3,5,255,110,14,32,-22,28
frame=3,6,198,39,11,35,-12,20
frame=3,7,277,0,10,36,7,18
frame=4,0,105,75,12,34,29,23
frame=4,1,118,75,13,34,34,33
frame=4,2,112,236,10,26,21,35
frame=4,3,383,364,8,12,-1,25
frame=4,4,273,176,12,29,-19,37
frame=4,5,270,110,14,32,-22,28
frame=4,6,210,39,11,35,-12,20
frame=4,7,288,0,11,36,8,18
frame=5,0,481,263,31,21,48,24
frame=5,1,22,364,23,13,46,33
frame=5,2,392,364,7,12,18,45
frame=5,3,388,391,7,9,-18,44
frame=5,4,451,288,30,19,-20,38
frame=5,5,34,207,27,28,-21,30
frame=5,6,399,75,9,33,-11,23
frame=5,7,90,176,21,30,23,20
frame=6,0,285,110,23,32,35,57
frame=6,1,300,0,17,36,33,68
frame=6,2,336,207,6,27,13,76
frame=6,3,123,236,13,26,-7,75
frame=6,4,112,176,23,30,-14,67
frame=6,5,343,207,17,27,-18,56
frame=6,6,449,236,6,24,-9,48
frame=6,7,361,207,19,27,18,48
frame=7,0,289,143,21,31,17,60
frame=7,1,478,176,16,28,20,64
frame=7,2,445,288,5,19,12,68
frame=7,3,0,364,12,13,9,71
frame=7,4,311,143,21,31,2,71
frame=7,5,130,39,16,35,-6,67
frame=7,6,14,0,5,38,-9,64
frame=7,7,147,39,16,35,5,60

[swing3]
frames=8
duration=600ms
type=play_once
hit=150ms
frame=0,0,400,364,32,12,25,35
frame=0,1,252,330,33,16,39,47
frame=0,2,456,236,19,24,33,61
frame=0,3,148,288,12,20,13,67
frame=0,4,286,330,24,16,-3,63
frame=0,5,65,391,35,10,-6,51
frame=0,6,112,330,22,17,-13,44
frame=0,7,351,310,13,18,-3,38
frame=1,0,31,348,30,15,21,33
frame=1,1,383,378,34,11,37,40
frame=1,2,161,288,19,20,33,54
frame=1,3,311,330,10,16,14,62
frame=1,4,284,348,21,14,-2,59
frame=1,5,101,391,36,10,-3,48
frame=1,6,181,288,24,20,-11,44
frame=1,7,186,263,12,23,-6,39
frame=2,0,199,263,28,23,56,65
frame=2,1,137,236,11,26,27,81
frame=2,2,344,236,18,25,-4,83
frame=2,3,0,310,34,19,-21,69
frame=2,4,433,364,30,12,-28,48
frame=2,5,62,348,11,15,-18,34
frame=2,6,464,364,20,12,20,30
frame=2,7,46,364,32,13,53,43
frame=3,0,412,263,27,22,56,65
frame=3,1,381,207,9,27,24,81
frame=3,2,476,236,21,24,-6,81
frame=3,3,135,330,34,17,-24,65
frame=3,4,0,378,29,12,-29,44
frame=3,5,74,348,9,15,-17,31
frame=3,6,79,364,24,13,25,29
frame=3,7,104,364,34,13,56,43
frame=4,0,412,263,27,22,56,65
frame=4,1,381,207,9,27,24,81
frame=4,2,476,236,21,24,-6,81
frame=4,3,135,330,34,17,-24,65
frame=4,4,0,378,29,12,-29,44
frame=4,5,74,348,9,15,-17,31
frame=4,6,79,364,24,13,25,29
frame=4,7,104,364,34,13,56,43
frame=5,0,286,176,25,29,52,67
frame=5,1,136,176,12,30,29,82
frame=5,2,149,236,14,26,-2,86
frame=5,3,312,176,27,29,-21,76
frame=5,4,206,288,28,20,-26,57
frame=5,5,306,348,12,14,-19,42
frame=5,6,319,348,17,14,14,38
frame=5,7,0,288,28,21,46,49
frame=6,0,309,110,12,32,26,63
frame=6,1,132,75,9,34,24,73
frame=6,2,149,176,6,30,9,79
frame=6,3,409,75,11,33,-5,78
frame=6,4,421,75,12,33,-16,71
frame=6,5,142,75,9,34,-17,64
frame=6,6,152,75,6,34,-5,58
frame=6,7,159,75,11,34,14,58
frame=7,0,289,143,21,31,17,60
frame=7,1,478,176,16,28,20,64
frame=7,2,445,288,5,19,12,68
frame=7,3,0,364,12,13,9,71
frame=7,4,311,143,21,31,2,71
frame=7,5,130,39,16,35,-6,67
frame=7,6,14,0,5,38,-9,64
frame=7,7,147,39,16,35,5,60

[hit]
frames=2
duration=300ms
type=play_once
frame=0,0,355,143,22,31,17,60
frame=0,1,391,207,17,27,20,63
frame=0,2,35,310,5,19,12,68
frame=0,3,139,364,13,13,10,71
frame=0,4,378,143,22,31,3,71
frame=0,5,222,39,17,35,-5,68
frame=0,6,106,0,5,37,-9,64
frame=0,7,240,39,17,35,5,60
frame=1,0,401,143,22,31,17,60
frame=1,1,409,207,17,27,20,63
frame=1,2,35,310,5,19,12,68
frame=1,3,153,364,13,13,10,71
frame=1,4,424,143,22,31,3,71
frame=1,5,258,39,17,35,-5,68
frame=1,6,112,0,5,37,-9,64
frame=1,7,276,39,17,35,5,60

[block]
frames=2
duration=300ms
type=play_once
frame=0,0,322,110,17,32,12,59
frame=0,1,156,176,14,30,17,62
frame=0,2,365,310,5,18,12,67
frame=0,3,167,364,11,13,10,70
frame=0,4,340,110,17,32,3,70
frame=0,5,294,39,14,35,-5,67
frame=0,6,118,0,5,37,-9,64
frame=0,7,309,39,14,35,2,60
frame=1,0,30,378,37,12,17,54
frame=1,1,84,348,28,15,20,54
frame=1,2,41,310,5,19,12,59
frame=1,3,113,348,28,15,21,61
frame=1,4,68,378,37,12,18,64
frame=1,5,228,263,28,23,6,68
frame=1,6,427,207,5,27,-9,66
frame=1,7,257,263,28,23,5,61

[cast]
frames=6
duration=600ms
type=play_once
hit=300ms
frame=0,0,371,310,35,18,18,46
frame=0,1,62,207,24,28,19,53
frame=0,2,358,110,8,32,13,58
frame=0,3,286,263,20,23,20,54
frame=0,4,170,330,35,17,15,54
frame=0,5,138,391,24,10,3,52
frame=0,6,337,348,8,14,-7,50
frame=0,7,418,378,29,11,7,44
frame=1,0,322,330,35,16,17,43
frame=1,1,164,236,27,26,19,49
frame=1,2,367,110,8,32,11,55
frame=1,3,29,288,16,21,19,48
frame=1,4,47,310,35,19,16,52
frame=1,5,448,391,27,8,6,48
frame=1,6,179,364,6,13,-7,47
frame=1,7,163,391,27,10,6,42
frame=2,0,142,348,35,15,17,42
frame=2,1,192,236,27,26,19,49
frame=2,2,376,110,8,32,11,55
frame=2,3,220,236,21,26,18,53
frame=2,4,407,310,35,18,16,51
frame=2,5,396,391,27,9,6,48
frame=2,6,346,348,6,14,-7,47
frame=2,7,191,391,26,10,6,42
frame=3,0,87,207,31,28,15,69
frame=3,1,83,310,31,19,27,68
frame=3,2,186,364,16,13,24,72
frame=3,3,106,378,14,12,18,78
frame=3,4,235,288,31,20,14,84
frame=3,5,340,176,31,29,2,85
frame=3,6,324,39,16,35,-10,81
frame=3,7,171,75,15,34,-5,74
frame=4,0,242,236,31,26,12,68
frame=4,1,358,330,33,16,26,65
frame=4,2,121,378,16,12,24,69
frame=4,3,138,378,17,12,22,76
frame=4,4,443,310,31,18,17,83
frame=4,5,433,207,33,27,5,85
frame=4,6,187,75,17,34,-10,82
frame=4,7,385,110,17,32,-7,74
frame=5,0,289,143,21,31,17,60
frame=5,1,478,176,16,28,20,64
frame=5,2,445,288,5,19,12,68
frame=5,3,0,364,12,13,9,71
frame=5,4,311,143,21,31,2,71
frame=5,5,130,39,16,35,-6,67
frame=5,6,14,0,5,38,-9,64
frame=5,7,147,39,16,35,5,60

[shoot]
frames=7
duration=700ms
type=play_once
hit=300ms
frame=0,0,205,75,10,34,15,41
frame=0,1,434,75,12,33,31,48
frame=0,2,403,110,9,32,29,57
frame=0,3,413,110,5,32,12,64
frame=0,4,447,75,10,33,-7,65
frame=0,5,419,110,12,32,-21,58
frame=0,6,341,39,9,35,-22,49
frame=0,7,318,0,5,36,-9,42
frame=1,0,351,39,10,35,10,42
frame=1,1,432,110,14,32,29,47
frame=1,2,447,143,11,31,31,55
frame=1,3,459,143,6,31,16,63
frame=1,4,171,176,10,30,-2,66
frame=1,5,458,75,14,33,-17,61
frame=1,6,362,39,11,35,-22,52
frame=1,7,324,0,6,36,-12,44
frame=2,0,351,39,10,35,10,42
frame=2,1,432,110,14,32,29,47
frame=2,2,447,143,11,31,31,55
frame=2,3,459,143,6,31,16,63
frame=2,4,182,176,10,30,-2,66
frame=2,5,458,75,14,33,-17,61
frame=2,6,362,39,11,35,-22,52
frame=2,7,324,0,6,36,-12,44
frame=3,0,216,75,18,34,16,48
frame=3,1,193,176,23,30,35,52
frame=3,2,274,236,17,26,34,60
frame=3,3,363,236,6,25,15,67
frame=3,4,467,207,18,27,0,69
frame=3,5,447,110,23,32,-14,66
frame=3,6,374,39,17,35,-19,58
frame=3,7,124,0,6,37,-11,51
frame=4,0,235,75,16,34,15,46
frame=4,1,466,143,20,31,33,50
frame=4,2,119,207,15,28,33,58
frame=4,3,486,207,6,27,15,65
frame=4,4,372,176,16,29,-1,68
frame=4,5,471,110,20,32,-15,64
frame=4,6,392,39,15,35,-20,56
frame=4,7,131,0,6,37,-11,49
frame=5,0,203,364,32,13,16,39
frame=5,1,0,263,33,24,25,47
frame=5,2,492,110,17,32,20,56
frame=5,3,115,310,9,19,16,47
frame=5,4,307,263,32,23,14,57
frame=5,5,485,391,21,7,-6,50
frame=5,6,156,378,14,12,-8,46
frame=5,7,171,378,17,12,-1,42
frame=6,0,289,143,21,31,17,60
frame=6,1,478,176,16,28,20,64
frame=6,2,445,288,5,19,12,68
frame=6,3,0,364,12,13,9,71
frame=6,4,311,143,21,31,2,71
frame=6,5,130,39,16,35,-6,67
frame=6,6,20,0,5,38,-9,64
frame=6,7,147,39,16,35,5,60

[die]
frames=6
duration=900ms
type=play_once
frame=0,0,473,75,12,33,13,57
frame=0,1,252,75,10,34,18,63
frame=0,2,263,75,5,34,12,68
frame=0,3,448,378,10,11,6,70
frame=0,4,486,75,12,33,-3,68
frame=0,5,408,39,10,35,-10,65
frame=0,6,419,39,5,35,-9,60
frame=0,7,269,75,10,34,2,57
frame=1,0,493,207,19,27,5,57
frame=1,1,370,236,10,25,9,58
frame=1,2,267,288,11,20,16,62
frame=1,3,236,364,14,13,19,68
frame=1,4,425,39,19,35,12,72
frame=1,5,138,0,10,37,-1,72
frame=1,6,331,0,13,36,-5,68
frame=1,7,0,143,20,32,-1,62
frame=2,0,353,348,30,14,-10,49
frame=2,1,189,378,13,12,-4,41
frame=2,2,203,378,18,12,20,42
frame=2,3,125,310,33,19,40,53
frame=2,4,135,207,30,28,38,67
frame=2,5,280,75,13,34,15,76
frame=2,6,21,143,20,32,-2,74
frame=2,7,34,263,33,24,-9,63
frame=3,0,279,288,31,20,-32,35
frame=3,1,381,236,10,25,-21,22
frame=3,2,340,263,25,23,24,19
frame=3,3,251,364,36,13,58,25
frame=3,4,178,348,31,15,61,47
frame=3,5,46,288,10,21,29,65
frame=3,6,475,310,25,18,-1,66
frame=3,7,218,391,36,10,-24,49
frame=4,0,294,75,18,34,-53,14
frame=4,1,445,39,12,35,-29,-5
frame=4,2,389,176,29,29,27,-12
frame=4,3,311,288,31,20,67,-4
frame=4,4,384,348,18,14,69,16
frame=4,5,222,378,12,12,39,35
frame=4,6,159,310,29,19,0,42
frame=4,7,166,207,31,28,-38,34
frame=5,0,458,39,18,35,-53,14
frame=5,1,477,39,12,35,-29,-5
frame=5,2,419,176,29,29,27,-12
frame=5,3,343,288,31,20,67,-4
frame=5,4,403,348,18,14,69,16
frame=5,5,235,378,12,12,39,35
frame=5,6,189,310,29,19,0,42
frame=5,7,198,207,31,28,-38,34
