image=custom_gear_battle_axe_smear.png

[stance]
frames=1
duration=100ms
type=play_once
frame=0,0,183,220,1,1,80,112
frame=0,1,183,220,1,1,80,112
frame=0,2,183,220,1,1,80,112
frame=0,3,183,220,1,1,80,112
frame=0,4,183,220,1,1,80,112
frame=0,5,183,220,1,1,80,112
frame=0,6,183,220,1,1,80,112
frame=0,7,183,220,1,1,80,112

[swing]
frames=8
duration=640ms
type=play_once
frame=0,0,183,220,1,1,80,112
frame=0,1,183,220,1,1,80,112
frame=0,2,183,220,1,1,80,112
frame=0,3,183,220,1,1,80,112
frame=0,4,183,220,1,1,80,112
frame=0,5,183,220,1,1,80,112
frame=0,6,183,220,1,1,80,112
frame=0,7,183,220,1,1,80,112
frame=1,0,183,220,1,1,80,112
frame=1,1,183,220,1,1,80,112
frame=1,2,183,220,1,1,80,112
frame=1,3,183,220,1,1,80,112
frame=1,4,183,220,1,1,80,112
frame=1,5,183,220,1,1,80,112
frame=1,6,183,220,1,1,80,112
frame=1,7,183,220,1,1,80,112
frame=2,0,0,198,107,21,54,35
frame=2,1,429,96,79,38,56,53
frame=2,2,181,96,54,47,56,63
frame=2,3,0,159,92,38,55,69
frame=2,4,93,159,107,36,51,72
frame=2,5,100,96,80,56,22,72
frame=2,6,432,0,54,62,-4,69
frame=2,7,236,96,92,45,35,55
frame=3,0,108,198,72,20,52,56
frame=3,1,351,198,69,16,34,58
frame=3,2,246,159,33,33,-8,61
frame=3,3,280,159,42,33,-7,53
frame=3,4,181,198,74,19,19,33
frame=3,5,371,159,66,26,33,35
frame=3,6,329,96,38,43,39,49
frame=3,7,391,96,37,39,47,55
frame=4,0,183,220,1,1,80,112
frame=4,1,183,220,1,1,80,112
frame=4,2,183,220,1,1,80,112
frame=4,3,183,220,1,1,80,112
frame=4,4,183,220,1,1,80,112
frame=4,5,183,220,1,1,80,112
frame=4,6,183,220,1,1,80,112
frame=4,7,183,220,1,1,80,112
frame=5,0,183,220,1,1,80,112
frame=5,1,183,220,1,1,80,112
frame=5,2,183,220,1,1,80,112
frame=5,3,183,220,1,1,80,112
frame=5,4,183,220,1,1,80,112
frame=5,5,183,220,1,1,80,112
frame=5,6,183,220,1,1,80,112
frame=5,7,183,220,1,1,80,112
frame=6,0,183,220,1,1,80,112
frame=6,1,183,220,1,1,80,112
frame=6,2,183,220,1,1,80,112
frame=6,3,183,220,1,1,80,112
frame=6,4,183,220,1,1,80,112
frame=6,5,183,220,1,1,80,112
frame=6,6,183,220,1,1,80,112
frame=6,7,183,220,1,1,80,112
frame=7,0,183,220,1,1,80,112
frame=7,1,183,220,1,1,80,112
frame=7,2,183,220,1,1,80,112
frame=7,3,183,220,1,1,80,112
frame=7,4,183,220,1,1,80,112
frame=7,5,183,220,1,1,80,112
frame=7,6,183,220,1,1,80,112
frame=7,7,183,220,1,1,80,112

[swing2]
frames=8
duration=680ms
type=play_once
frame=0,0,183,220,1,1,80,112
frame=0,1,183,220,1,1,80,112
frame=0,2,183,220,1,1,80,112
frame=0,3,183,220,1,1,80,112
frame=0,4,183,220,1,1,80,112
frame=0,5,183,220,1,1,80,112
frame=0,6,183,220,1,1,80,112
frame=0,7,183,220,1,1,80,112
frame=1,0,183,220,1,1,80,112
frame=1,1,183,220,1,1,80,112
frame=1,2,183,220,1,1,80,112
frame=1,3,183,220,1,1,80,112
frame=1,4,183,220,1,1,80,112
frame=1,5,183,220,1,1,80,112
frame=1,6,183,220,1,1,80,112
frame=1,7,183,220,1,1,80,112
frame=2,0,248,0,99,67,57,78
frame=2,1,348,0,83,65,55,84
frame=2,2,166,0,21,80,21,95
frame=2,3,188,0,59,76,31,97
frame=2,4,0,96,99,62,40,93
frame=2,5,82,0,83,82,26,92
frame=2,6,0,0,21,95,-2,90
frame=2,7,22,0,59,88,26,83
frame=3,0,115,220,24,12,44,3
frame=3,1,318,198,17,17,44,21
frame=3,2,421,198,3,16,19,35
frame=3,3,336,198,14,17,-5,34
frame=3,4,159,220,23,11,-22,22
frame=3,5,140,220,18,12,-29,10
frame=3,6,183,220,1,1,80,112
frame=3,7,98,220,16,13,18,-3
frame=4,0,183,220,1,1,80,112
frame=4,1,183,220,1,1,80,112
frame=4,2,183,220,1,1,80,112
frame=4,3,183,220,1,1,80,112
frame=4,4,183,220,1,1,80,112
frame=4,5,183,220,1,1,80,112
frame=4,6,183,220,1,1,80,112
frame=4,7,183,220,1,1,80,112
frame=5,0,183,220,1,1,80,112
frame=5,1,183,220,1,1,80,112
frame=5,2,183,220,1,1,80,112
frame=5,3,183,220,1,1,80,112
frame=5,4,183,220,1,1,80,112
frame=5,5,183,220,1,1,80,112
frame=5,6,183,220,1,1,80,112
frame=5,7,183,220,1,1,80,112
frame=6,0,183,220,1,1,80,112
frame=6,1,183,220,1,1,80,112
frame=6,2,183,220,1,1,80,112
frame=6,3,183,220,1,1,80,112
frame=6,4,183,220,1,1,80,112
frame=6,5,183,220,1,1,80,112
frame=6,6,183,220,1,1,80,112
frame=6,7,183,220,1,1,80,112
frame=7,0,183,220,1,1,80,112
frame=7,1,183,220,1,1,80,112
frame=7,2,183,220,1,1,80,112
frame=7,3,183,220,1,1,80,112
frame=7,4,183,220,1,1,80,112
frame=7,5,183,220,1,1,80,112
frame=7,6,183,220,1,1,80,112
frame=7,7,183,220,1,1,80,112

[swing3]
frames=8
duration=600ms
type=play_once
frame=0,0,183,220,1,1,80,112
frame=0,1,183,220,1,1,80,112
frame=0,2,183,220,1,1,80,112
frame=0,3,183,220,1,1,80,112
frame=0,4,183,220,1,1,80,112
frame=0,5,183,220,1,1,80,112
frame=0,6,183,220,1,1,80,112
frame=0,7,183,220,1,1,80,112
frame=1,0,183,220,1,1,80,112
frame=1,1,183,220,1,1,80,112
frame=1,2,183,220,1,1,80,112
frame=1,3,183,220,1,1,80,112
frame=1,4,183,220,1,1,80,112
frame=1,5,183,220,1,1,80,112
frame=1,6,183,220,1,1,80,112
frame=1,7,183,220,1,1,80,112
frame=2,0,201,159,44,35,56,55
frame=2,1,368,96,22,42,46,73
frame=2,2,323,159,47,33,32,76
frame=2,3,41,220,56,14,10,65
frame=2,4,0,220,40,15,-18,54
frame=2,5,438,159,20,22,-28,43
frame=2,6,425,198,47,16,13,31
frame=2,7,256,198,61,18,49,33
frame=3,0,183,220,1,1,80,112
frame=3,1,183,220,1,1,80,112
frame=3,2,183,220,1,1,80,112
frame=3,3,183,220,1,1,80,112
frame=3,4,183,220,1,1,80,112
frame=3,5,183,220,1,1,80,112
frame=3,6,183,220,1,1,80,112
frame=3,7,183,220,1,1,80,112
frame=4,0,183,220,1,1,80,112
frame=4,1,183,220,1,1,80,112
frame=4,2,183,220,1,1,80,112
frame=4,3,183,220,1,1,80,112
frame=4,4,183,220,1,1,80,112
frame=4,5,183,220,1,1,80,112
frame=4,6,183,220,1,1,80,112
frame=4,7,183,220,1,1,80,112
frame=5,0,183,220,1,1,80,112
frame=5,1,183,220,1,1,80,112
frame=5,2,183,220,1,1,80,112
frame=5,3,183,220,1,1,80,112
frame=5,4,183,220,1,1,80,112
frame=5,5,183,220,1,1,80,112
frame=5,6,183,220,1,1,80,112
frame=5,7,183,220,1,1,80,112
frame=6,0,183,220,1,1,80,112
frame=6,1,183,220,1,1,80,112
frame=6,2,183,220,1,1,80,112
frame=6,3,183,220,1,1,80,112
frame=6,4,183,220,1,1,80,112
frame=6,5,183,220,1,1,80,112
frame=6,6,183,220,1,1,80,112
frame=6,7,183,220,1,1,80,112
frame=7,0,183,220,1,1,80,112
frame=7,1,183,220,1,1,80,112
frame=7,2,183,220,1,1,80,112
frame=7,3,183,220,1,1,80,112
frame=7,4,183,220,1,1,80,112
frame=7,5,183,220,1,1,80,112
frame=7,6,183,220,1,1,80,112
frame=7,7,183,220,1,1,80,112
