image=custom_gear_chain_coif.png

[stance]
frames=4
duration=800ms
type=back_forth
frame=0,0,149,0,12,19,5,62
frame=0,1,498,41,14,18,6,62
frame=0,2,326,99,16,17,7,62
frame=0,3,0,61,14,18,6,62
frame=0,4,162,0,12,19,5,62
frame=0,5,15,61,13,18,6,62
frame=0,6,343,99,16,17,7,62
frame=0,7,29,61,13,18,5,62
frame=1,0,175,0,13,19,6,62
frame=1,1,43,61,14,18,6,62
frame=1,2,360,99,16,17,7,62
frame=1,3,58,61,14,18,6,62
frame=1,4,189,0,13,19,5,62
frame=1,5,203,0,14,19,6,62
frame=1,6,377,99,16,17,7,62
frame=1,7,218,0,13,19,5,62
frame=2,0,0,0,12,20,5,63
frame=2,1,73,61,15,18,6,62
frame=2,2,394,99,16,17,7,62
frame=2,3,232,0,15,19,7,63
frame=2,4,248,0,12,19,5,62
frame=2,5,261,0,14,19,7,63
frame=2,6,411,99,16,17,7,63
frame=2,7,276,0,14,19,5,63
frame=3,0,291,0,12,19,5,62
frame=3,1,89,61,14,18,6,62
frame=3,2,428,99,16,17,7,62
frame=3,3,104,61,14,18,6,62
frame=3,4,304,0,12,19,5,62
frame=3,5,119,61,13,18,6,62
frame=3,6,445,99,16,17,7,62
frame=3,7,133,61,13,18,5,62

[run]
frames=8
duration=640ms
type=looped
frame=0,0,317,0,12,19,0,62
frame=0,1,147,61,14,18,3,60
frame=0,2,462,99,16,17,7,60
frame=0,3,162,61,14,18,9,60
frame=0,4,330,0,12,19,10,62
frame=0,5,343,0,13,19,9,64
frame=0,6,177,61,16,18,7,65
frame=0,7,357,0,13,19,2,64
frame=1,0,13,0,12,20,0,62
frame=1,1,194,61,14,18,3,60
frame=1,2,168,136,16,16,7,59
frame=1,3,209,61,14,18,9,60
frame=1,4,371,0,12,19,10,62
frame=1,5,384,0,13,19,9,64
frame=1,6,479,99,16,17,7,64
frame=1,7,398,0,13,19,2,64
frame=2,0,412,0,12,19,0,61
frame=2,1,224,61,14,18,3,59
frame=2,2,185,136,16,16,7,58
frame=2,3,239,61,14,18,9,59
frame=2,4,425,0,12,19,10,61
frame=2,5,438,0,13,19,9,63
frame=2,6,496,99,16,17,7,63
frame=2,7,452,0,13,19,2,63
frame=3,0,26,0,12,20,0,62
frame=3,1,254,61,14,18,3,60
frame=3,2,202,136,16,16,7,59
frame=3,3,269,61,14,18,9,60
frame=3,4,466,0,12,19,10,62
frame=3,5,479,0,13,19,9,64
frame=3,6,0,118,16,17,7,64
frame=3,7,493,0,13,19,2,64
frame=4,0,0,21,12,19,0,62
frame=4,1,284,61,14,18,3,60
frame=4,2,17,118,16,17,7,60
frame=4,3,299,61,14,18,9,60
frame=4,4,13,21,12,19,10,62
frame=4,5,26,21,13,19,9,64
frame=4,6,314,61,16,18,7,65
frame=4,7,40,21,13,19,2,64
frame=5,0,54,21,12,19,0,62
frame=5,1,331,61,14,18,3,60
frame=5,2,219,136,16,16,7,59
frame=5,3,346,61,14,18,9,60
frame=5,4,67,21,12,19,10,62
frame=5,5,80,21,13,19,9,64
frame=5,6,34,118,16,17,7,64
frame=5,7,94,21,13,19,2,64
frame=6,0,108,21,12,19,0,61
frame=6,1,361,61,14,18,3,59
frame=6,2,236,136,16,16,7,58
frame=6,3,376,61,14,18,9,59
frame=6,4,121,21,12,19,10,61
frame=6,5,134,21,13,19,9,63
frame=6,6,51,118,16,17,7,63
frame=6,7,148,21,13,19,2,63
frame=7,0,162,21,12,19,0,62
frame=7,1,391,61,14,18,3,60
frame=7,2,253,136,16,16,7,59
frame=7,3,406,61,14,18,9,60
frame=7,4,175,21,12,19,10,62
frame=7,5,188,21,13,19,9,64
frame=7,6,68,118,16,17,7,64
frame=7,7,202,21,13,19,2,64

[swing]
frames=6
duration=600ms
type=play_once
frame=0,0,216,21,12,19,1,62
frame=0,1,421,61,15,18,4,60
frame=0,2,85,118,16,17,7,60
frame=0,3,437,61,15,18,9,60
frame=0,4,229,21,12,19,9,62
frame=0,5,453,61,13,18,9,63
frame=0,6,102,118,16,17,7,64
frame=0,7,467,61,13,18,2,63
frame=1,0,242,21,13,19,2,61
frame=1,1,481,61,16,18,6,60
frame=1,2,119,118,16,17,8,60
frame=1,3,256,21,13,19,8,61
frame=1,4,270,21,13,19,9,62
frame=1,5,0,80,16,18,8,63
frame=1,6,136,118,16,17,6,63
frame=1,7,284,21,12,19,2,63
frame=2,0,297,21,13,19,3,61
frame=2,1,17,80,16,18,6,60
frame=2,2,153,118,16,17,8,60
frame=2,3,311,21,13,19,8,61
frame=2,4,34,80,13,18,8,62
frame=2,5,48,80,16,18,8,63
frame=2,6,170,118,14,17,6,63
frame=2,7,185,118,13,17,3,62
frame=3,0,325,21,12,19,2,62
frame=3,1,338,21,14,19,4,61
frame=3,2,199,118,17,17,7,60
frame=3,3,353,21,16,19,8,61
frame=3,4,370,21,13,19,8,61
frame=3,5,65,80,13,18,8,62
frame=3,6,217,118,17,17,8,63
frame=3,7,79,80,16,18,6,63
frame=4,0,384,21,12,19,2,63
frame=4,1,397,21,13,19,2,61
frame=4,2,96,80,16,18,6,60
frame=4,3,113,80,16,18,8,60
frame=4,4,411,21,13,19,8,61
frame=4,5,425,21,13,19,9,62
frame=4,6,130,80,16,18,8,63
frame=4,7,147,80,16,18,6,63
frame=5,0,439,21,12,19,1,62
frame=5,1,164,80,15,18,4,60
frame=5,2,235,118,16,17,7,60
frame=5,3,180,80,15,18,9,60
frame=5,4,452,21,12,19,9,62
frame=5,5,196,80,13,18,9,63
frame=5,6,252,118,16,17,7,64
frame=5,7,210,80,13,18,2,63

[hit]
frames=2
duration=300ms
type=play_once
frame=0,0,39,0,13,20,5,63
frame=0,1,224,80,15,18,6,62
frame=0,2,269,118,16,17,7,62
frame=0,3,465,21,15,19,7,63
frame=0,4,240,80,13,18,6,62
frame=0,5,481,21,14,19,7,63
frame=0,6,286,118,16,17,7,63
frame=0,7,496,21,14,19,5,63
frame=1,0,53,0,13,20,5,63
frame=1,1,254,80,15,18,6,62
frame=1,2,303,118,16,17,7,62
frame=1,3,0,41,15,19,7,63
frame=1,4,270,80,13,18,6,62
frame=1,5,16,41,14,19,7,63
frame=1,6,320,118,16,17,7,63
frame=1,7,31,41,14,19,5,63

[block]
frames=2
duration=300ms
type=play_once
frame=0,0,46,41,13,19,5,63
frame=0,1,284,80,15,18,6,62
frame=0,2,337,118,16,17,7,62
frame=0,3,60,41,15,19,7,63
frame=0,4,300,80,13,18,6,62
frame=0,5,76,41,14,19,7,63
frame=0,6,354,118,16,17,7,63
frame=0,7,91,41,14,19,5,63
frame=1,0,67,0,12,20,1,62
frame=1,1,314,80,15,18,4,60
frame=1,2,371,118,16,17,7,60
frame=1,3,330,80,15,18,9,60
frame=1,4,106,41,12,19,9,61
frame=1,5,119,41,13,19,9,63
frame=1,6,388,118,16,17,7,63
frame=1,7,133,41,13,19,2,63

[cast]
frames=4
duration=600ms
type=play_once
frame=0,0,80,0,13,20,5,63
frame=0,1,346,80,15,18,6,62
frame=0,2,405,118,16,17,7,62
frame=0,3,147,41,15,19,7,63
frame=0,4,163,41,13,19,6,62
frame=0,5,362,80,14,18,7,63
frame=0,6,422,118,16,17,7,63
frame=0,7,377,80,14,18,5,63
frame=1,0,177,41,13,19,2,63
frame=1,1,392,80,15,18,5,62
frame=1,2,270,136,16,16,7,61
frame=1,3,408,80,15,18,8,62
frame=1,4,191,41,13,19,9,63
frame=1,5,287,136,15,16,8,64
frame=1,6,424,80,16,18,7,65
frame=1,7,303,136,15,16,5,64
frame=2,0,205,41,13,19,2,63
frame=2,1,441,80,15,18,5,62
frame=2,2,319,136,16,16,7,61
frame=2,3,457,80,15,18,8,62
frame=2,4,219,41,13,19,9,63
frame=2,5,336,136,15,16,8,64
frame=2,6,473,80,16,18,7,65
frame=2,7,352,136,15,16,5,64
frame=3,0,94,0,13,20,5,63
frame=3,1,490,80,15,18,6,62
frame=3,2,439,118,16,17,7,62
frame=3,3,233,41,15,19,7,63
frame=3,4,249,41,13,19,6,62
frame=3,5,0,99,14,18,7,63
frame=3,6,456,118,16,17,7,63
frame=3,7,15,99,14,18,5,63

[shoot]
frames=4
duration=600ms
type=play_once
frame=0,0,108,0,13,20,5,63
frame=0,1,30,99,15,18,6,62
frame=0,2,473,118,16,17,7,62
frame=0,3,263,41,15,19,7,63
frame=0,4,279,41,13,19,6,62
frame=0,5,46,99,14,18,7,63
frame=0,6,490,118,16,17,7,63
frame=0,7,61,99,14,18,5,63
frame=1,0,293,41,13,19,2,63
frame=1,1,76,99,15,18,5,62
frame=1,2,368,136,16,16,7,61
frame=1,3,92,99,15,18,8,62
frame=1,4,307,41,13,19,9,63
frame=1,5,385,136,15,16,8,64
frame=1,6,108,99,16,18,7,65
frame=1,7,401,136,15,16,5,64
frame=2,0,321,41,13,19,2,63
frame=2,1,125,99,15,18,5,62
frame=2,2,417,136,16,16,7,61
frame=2,3,141,99,15,18,8,62
frame=2,4,335,41,13,19,9,63
frame=2,5,434,136,15,16,8,64
frame=2,6,157,99,16,18,7,65
frame=2,7,450,136,15,16,5,64
frame=3,0,122,0,13,20,5,63
frame=3,1,174,99,15,18,6,62
frame=3,2,0,136,16,17,7,62
frame=3,3,349,41,15,19,7,63
frame=3,4,365,41,13,19,6,62
frame=3,5,190,99,14,18,7,63
frame=3,6,17,136,16,17,7,63
frame=3,7,205,99,14,18,5,63

[die]
frames=6
duration=900ms
type=play_once
frame=0,0,379,41,13,19,5,63
frame=0,1,220,99,15,18,6,62
frame=0,2,34,136,16,17,7,62
frame=0,3,393,41,15,19,7,63
frame=0,4,236,99,13,18,6,62
frame=0,5,409,41,14,19,7,63
frame=0,6,51,136,16,17,7,63
frame=0,7,424,41,14,19,5,63
frame=1,0,136,0,12,20,-8,63
frame=1,1,439,41,15,19,-2,58
frame=1,2,68,136,16,17,7,56
frame=1,3,455,41,15,19,15,58
frame=1,4,471,41,12,19,18,62
frame=1,5,250,99,13,18,15,67
frame=1,6,85,136,16,17,7,69
frame=1,7,484,41,13,19,-4,67
frame=2,0,264,99,14,18,-29,55
frame=2,1,102,136,15,17,-17,43
frame=2,2,18,154,16,15,7,38
frame=2,3,118,136,15,17,30,43
frame=2,4,279,99,14,18,41,55
frame=2,5,294,99,15,18,30,68
frame=2,6,466,136,16,16,7,73
frame=2,7,310,99,15,18,-17,68
frame=3,0,134,136,16,17,-49,36
frame=3,1,70,154,17,14,-31,15
frame=3,2,156,154,16,13,7,7
frame=3,3,35,154,17,15,46,16
frame=3,4,151,136,16,17,63,36
frame=3,5,483,136,17,16,46,56
frame=3,6,53,154,16,15,7,65
frame=3,7,0,154,17,16,-31,56
frame=4,0,88,154,16,14,-59,3
frame=4,1,173,154,19,13,-36,-20
frame=4,2,193,154,16,13,7,-30
frame=4,3,210,154,19,13,53,-20
frame=4,4,105,154,16,14,73,3
frame=4,5,267,154,9,12,53,27
frame=4,6,327,154,6,8,5,37
frame=4,7,277,154,9,12,-46,27
frame=5,0,122,154,16,14,-59,3
frame=5,1,287,154,19,12,-36,-21
frame=5,2,230,154,16,13,7,-30
frame=5,3,247,154,19,13,53,-20
frame=5,4,139,154,16,14,73,3
frame=5,5,307,154,9,12,53,27
frame=5,6,334,154,6,8,5,37
frame=5,7,317,154,9,12,-46,27
