image=custom_gear_chain_boots.png

[stance]
frames=4
duration=800ms
type=back_forth
frame=0,0,250,351,12,16,7,10
frame=0,1,147,271,17,19,9,13
frame=0,2,296,332,16,17,7,13
frame=0,3,148,312,17,18,6,13
frame=0,4,263,351,12,16,3,10
frame=0,5,206,207,17,20,6,13
frame=0,6,165,271,16,19,7,13
frame=0,7,224,207,17,20,9,13
frame=1,0,276,351,12,16,7,10
frame=1,1,182,271,17,19,9,13
frame=1,2,289,351,16,16,7,12
frame=1,3,200,271,17,19,6,13
frame=1,4,306,351,12,16,3,10
frame=1,5,242,207,17,20,6,13
frame=1,6,218,271,16,19,7,13
frame=1,7,260,207,17,20,9,13
frame=2,0,319,351,12,16,7,10
frame=2,1,166,312,17,18,9,13
frame=2,2,313,332,16,17,7,13
frame=2,3,184,312,17,18,6,13
frame=2,4,332,351,12,16,3,10
frame=2,5,278,207,17,20,6,13
frame=2,6,235,271,16,19,7,13
frame=2,7,296,207,17,20,9,13
frame=3,0,250,351,12,16,7,10
frame=3,1,147,271,17,19,9,13
frame=3,2,330,332,16,17,7,13
frame=3,3,148,312,17,18,6,13
frame=3,4,345,351,12,16,3,10
frame=3,5,314,207,17,20,6,13
frame=3,6,252,271,16,19,7,13
frame=3,7,332,207,17,20,9,13

[run]
frames=10
duration=660ms
type=looped
frame=0,0,401,63,37,24,23,18
frame=0,1,350,207,36,20,21,18
frame=0,2,201,162,16,21,7,18
frame=0,3,387,207,26,20,8,16
frame=0,4,347,332,37,17,12,15
frame=0,5,192,90,36,23,13,15
frame=0,6,218,162,15,21,6,10
frame=0,7,34,34,26,27,16,17
frame=1,0,120,63,18,25,10,18
frame=1,1,139,63,21,25,11,21
frame=1,2,251,115,16,22,7,20
frame=1,3,414,207,17,20,5,18
frame=1,4,432,207,18,20,6,16
frame=1,5,234,162,21,21,8,14
frame=1,6,202,312,16,18,7,10
frame=1,7,229,90,13,23,6,14
frame=2,0,253,0,28,28,13,20
frame=2,1,156,0,19,30,8,20
frame=2,2,34,0,16,32,7,23
frame=2,3,61,34,29,27,14,20
frame=2,4,268,115,27,22,13,17
frame=2,5,219,312,18,18,9,14
frame=2,6,34,369,16,15,7,12
frame=2,7,256,162,28,21,12,16
frame=3,0,439,63,38,24,17,18
frame=3,1,68,0,26,31,11,21
frame=3,2,0,0,16,33,7,23
frame=3,3,91,34,36,27,18,20
frame=3,4,269,271,38,19,19,16
frame=3,5,161,63,26,25,13,18
frame=3,6,285,162,16,21,7,14
frame=3,7,302,162,36,21,16,16
frame=4,0,451,207,40,20,21,17
frame=4,1,282,0,27,28,14,21
frame=4,2,310,0,16,28,7,21
frame=4,3,296,115,37,22,16,18
frame=4,4,339,162,40,21,17,18
frame=4,5,128,34,27,27,11,18
frame=4,6,380,162,15,21,7,11
frame=4,7,243,90,37,23,19,16
frame=5,0,385,332,37,17,23,15
frame=5,1,0,229,26,20,16,16
frame=5,2,396,162,16,21,7,18
frame=5,3,27,229,35,20,13,18
frame=5,4,188,63,37,25,12,19
frame=5,5,156,34,26,27,8,17
frame=5,6,63,229,15,20,7,9
frame=5,7,281,90,35,23,20,15
frame=6,0,79,229,18,20,10,16
frame=6,1,98,229,17,20,10,18
frame=6,2,334,115,16,22,7,20
frame=6,3,226,63,22,25,9,21
frame=6,4,249,63,18,25,6,18
frame=6,5,317,90,13,23,5,14
frame=6,6,238,312,16,18,7,10
frame=6,7,413,162,22,21,11,14
frame=7,0,351,115,28,22,13,17
frame=7,1,183,34,27,27,12,20
frame=7,2,51,0,16,32,7,23
frame=7,3,176,0,19,30,9,20
frame=7,4,327,0,28,28,13,20
frame=7,5,116,229,27,20,13,15
frame=7,6,51,369,16,15,7,12
frame=7,7,308,271,19,19,8,15
frame=8,0,328,271,38,19,17,16
frame=8,1,211,34,36,27,16,20
frame=8,2,17,0,16,33,7,23
frame=8,3,95,0,26,31,13,21
frame=8,4,0,90,38,24,19,18
frame=8,5,436,162,36,21,18,16
frame=8,6,473,162,16,21,7,14
frame=8,7,268,63,26,25,11,18
frame=9,0,380,115,40,22,21,18
frame=9,1,0,185,37,21,19,17
frame=9,2,356,0,16,28,7,21
frame=9,3,248,34,27,27,11,20
frame=9,4,144,229,40,20,17,17
frame=9,5,331,90,37,23,16,16
frame=9,6,421,115,15,22,6,12
frame=9,7,276,34,27,27,14,18

[swing]
frames=8
duration=640ms
type=play_once
hit=160ms
frame=0,0,437,115,25,22,13,15
frame=0,1,369,90,16,23,8,15
frame=0,2,463,115,16,22,7,15
frame=0,3,255,312,26,18,11,13
frame=0,4,367,271,25,19,10,13
frame=0,5,386,90,16,23,6,15
frame=0,6,403,90,16,23,7,15
frame=0,7,282,312,26,18,13,12
frame=1,0,480,115,25,22,13,15
frame=1,1,0,139,16,22,8,14
frame=1,2,420,90,16,23,7,15
frame=1,3,309,312,26,18,11,12
frame=1,4,185,229,25,20,10,14
frame=1,5,39,90,16,24,6,15
frame=1,6,437,90,16,23,7,15
frame=1,7,336,312,26,18,13,12
frame=2,0,17,139,33,22,21,14
frame=2,1,427,34,22,26,14,18
frame=2,2,304,34,16,27,7,20
frame=2,3,38,185,32,21,11,16
frame=2,4,393,271,33,19,10,14
frame=2,5,56,90,22,24,6,13
frame=2,6,450,34,16,26,7,14
frame=2,7,211,229,32,20,19,11
frame=3,0,454,90,33,23,22,15
frame=3,1,467,34,22,26,15,18
frame=3,2,321,34,16,27,7,20
frame=3,3,71,185,31,21,10,16
frame=3,4,427,271,33,19,9,14
frame=3,5,490,34,22,26,5,14
frame=3,6,0,63,16,26,7,13
frame=3,7,103,185,31,21,19,12
frame=4,0,454,90,33,23,22,15
frame=4,1,467,34,22,26,15,18
frame=4,2,321,34,16,27,7,20
frame=4,3,71,185,31,21,10,16
frame=4,4,427,271,33,19,9,14
frame=4,5,490,34,22,26,5,14
frame=4,6,0,63,16,26,7,13
frame=4,7,103,185,31,21,19,12
frame=5,0,454,90,33,23,22,15
frame=5,1,467,34,22,26,15,18
frame=5,2,321,34,16,27,7,20
frame=5,3,71,185,31,21,10,16
frame=5,4,427,271,33,19,9,14
frame=5,5,490,34,22,26,5,14
frame=5,6,0,63,16,26,7,13
frame=5,7,103,185,31,21,19,12
frame=6,0,244,229,23,20,15,13
frame=6,1,135,185,15,21,10,14
frame=6,2,51,139,16,22,7,16
frame=6,3,423,332,24,17,8,13
frame=6,4,268,229,23,20,6,14
frame=6,5,488,90,15,23,3,13
frame=6,6,0,115,16,23,7,13
frame=6,7,461,271,24,19,14,12
frame=7,0,319,351,12,16,7,10
frame=7,1,363,312,17,18,9,13
frame=7,2,448,332,16,17,7,13
frame=7,3,381,312,17,18,6,13
frame=7,4,68,369,12,15,3,10
frame=7,5,292,229,17,20,6,13
frame=7,6,486,271,16,19,7,13
frame=7,7,296,207,17,20,9,13

[swing2]
frames=8
duration=680ms
type=play_once
hit=170ms
frame=0,0,310,229,19,20,13,15
frame=0,1,0,292,15,19,9,14
frame=0,2,16,292,16,19,7,15
frame=0,3,358,351,21,16,6,13
frame=0,4,33,292,19,19,4,14
frame=0,5,151,185,15,21,4,14
frame=0,6,167,185,16,21,7,14
frame=0,7,53,292,21,19,13,13
frame=1,0,330,229,19,20,12,15
frame=1,1,350,229,14,20,8,15
frame=1,2,399,312,16,18,7,15
frame=1,3,416,312,22,18,7,15
frame=1,4,365,229,19,20,5,15
frame=1,5,184,185,14,21,4,14
frame=1,6,385,229,16,20,7,14
frame=1,7,402,229,22,20,13,14
frame=2,0,68,139,38,22,23,14
frame=2,1,338,34,27,27,16,18
frame=2,2,373,0,16,28,7,20
frame=2,3,17,115,36,23,14,16
frame=2,4,425,229,38,20,13,14
frame=2,5,390,0,27,28,9,16
frame=2,6,418,0,16,28,7,14
frame=2,7,54,115,36,23,20,13
frame=3,0,107,139,39,22,24,14
frame=3,1,366,34,26,27,16,18
frame=3,2,435,0,16,28,7,20
frame=3,3,91,115,36,23,13,16
frame=3,4,464,229,39,20,13,14
frame=3,5,452,0,26,28,8,15
frame=3,6,393,34,16,27,7,13
frame=3,7,147,139,36,22,21,12
frame=4,0,107,139,39,22,24,14
frame=4,1,366,34,26,27,16,18
frame=4,2,435,0,16,28,7,20
frame=4,3,91,115,36,23,13,16
frame=4,4,464,229,39,20,13,14
frame=4,5,452,0,26,28,8,15
frame=4,6,393,34,16,27,7,13
frame=4,7,147,139,36,22,21,12
frame=5,0,184,139,32,22,20,14
frame=5,1,295,63,21,25,13,17
frame=5,2,17,63,16,26,7,18
frame=5,3,0,250,31,20,11,14
frame=5,4,75,292,32,19,10,13
frame=5,5,317,63,21,25,6,13
frame=5,6,34,63,16,26,7,13
frame=5,7,32,250,31,20,18,11
frame=6,0,64,250,20,20,12,13
frame=6,1,199,185,13,21,8,14
frame=6,2,108,292,16,19,7,14
frame=6,3,465,332,22,17,8,13
frame=6,4,85,250,20,20,6,14
frame=6,5,217,139,13,22,3,13
frame=6,6,231,139,16,22,7,13
frame=6,7,125,292,22,19,12,12
frame=7,0,319,351,12,16,7,10
frame=7,1,363,312,17,18,9,13
frame=7,2,448,332,16,17,7,13
frame=7,3,381,312,17,18,6,13
frame=7,4,68,369,12,15,3,10
frame=7,5,292,229,17,20,6,13
frame=7,6,486,271,16,19,7,13
frame=7,7,296,207,17,20,9,13

[swing3]
frames=8
duration=600ms
type=play_once
hit=150ms
frame=0,0,213,185,26,21,12,14
frame=0,1,240,185,17,21,8,12
frame=0,2,248,139,16,22,7,14
frame=0,3,439,312,26,18,12,12
frame=0,4,258,185,26,21,12,15
frame=0,5,128,115,17,23,7,15
frame=0,6,79,90,16,24,7,16
frame=0,7,148,292,26,19,12,13
frame=1,0,106,250,26,20,12,13
frame=1,1,265,139,17,22,7,13
frame=1,2,283,139,16,22,7,13
frame=1,3,0,351,27,17,13,11
frame=1,4,285,185,26,21,12,14
frame=1,5,312,185,17,21,8,13
frame=1,6,96,90,16,24,7,16
frame=1,7,175,292,27,19,12,13
frame=2,0,300,139,40,22,27,14
frame=2,1,196,0,28,29,19,21
frame=2,2,122,0,16,31,7,23
frame=2,3,339,63,37,25,12,19
frame=2,4,203,292,40,19,11,14
frame=2,5,479,0,28,28,7,15
frame=2,6,0,34,16,28,7,13
frame=2,7,341,139,37,22,23,12
frame=3,0,113,90,40,24,28,15
frame=3,1,225,0,27,29,19,21
frame=3,2,139,0,16,31,7,23
frame=3,3,154,90,37,24,11,18
frame=3,4,244,292,40,19,10,14
frame=3,5,51,63,27,26,6,13
frame=3,6,17,34,16,28,7,13
frame=3,7,379,139,37,22,24,11
frame=4,0,113,90,40,24,28,15
frame=4,1,225,0,27,29,19,21
frame=4,2,139,0,16,31,7,23
frame=4,3,154,90,37,24,11,18
frame=4,4,244,292,40,19,10,14
frame=4,5,51,63,27,26,6,13
frame=4,6,17,34,16,28,7,13
frame=4,7,379,139,37,22,24,11
frame=5,0,330,185,33,21,23,13
frame=5,1,79,63,23,26,16,18
frame=5,2,410,34,16,27,7,20
frame=5,3,364,185,32,21,10,16
frame=5,4,133,250,33,20,8,14
frame=5,5,377,63,23,25,5,12
frame=5,6,103,63,16,26,7,12
frame=5,7,167,250,32,20,20,10
frame=6,0,397,185,20,21,13,14
frame=6,1,418,185,13,21,8,14
frame=6,2,200,250,16,20,7,15
frame=6,3,28,351,22,17,7,13
frame=6,4,217,250,20,20,5,14
frame=6,5,432,185,13,21,3,12
frame=6,6,417,139,16,22,7,13
frame=6,7,285,292,22,19,13,11
frame=7,0,319,351,12,16,7,10
frame=7,1,363,312,17,18,9,13
frame=7,2,448,332,16,17,7,13
frame=7,3,381,312,17,18,6,13
frame=7,4,68,369,12,15,3,10
frame=7,5,292,229,17,20,6,13
frame=7,6,486,271,16,19,7,13
frame=7,7,296,207,17,20,9,13

[hit]
frames=2
duration=300ms
type=play_once
frame=0,0,319,351,12,16,7,10
frame=0,1,363,312,17,18,9,13
frame=0,2,448,332,16,17,7,13
frame=0,3,381,312,17,18,6,13
frame=0,4,68,369,12,15,3,10
frame=0,5,292,229,17,20,6,13
frame=0,6,486,271,16,19,7,13
frame=0,7,296,207,17,20,9,13
frame=1,0,380,351,12,16,7,10
frame=1,1,466,312,17,18,9,13
frame=1,2,51,351,16,17,7,13
frame=1,3,484,312,17,18,6,13
frame=1,4,81,369,12,15,3,10
frame=1,5,238,250,17,20,6,13
frame=1,6,308,292,16,19,7,13
frame=1,7,256,250,17,20,9,13

[block]
frames=2
duration=300ms
type=play_once
frame=0,0,319,351,12,16,7,10
frame=0,1,363,312,17,18,9,13
frame=0,2,448,332,16,17,7,13
frame=0,3,381,312,17,18,6,13
frame=0,4,68,369,12,15,3,10
frame=0,5,292,229,17,20,6,13
frame=0,6,486,271,16,19,7,13
frame=0,7,296,207,17,20,9,13
frame=1,0,393,351,13,16,7,9
frame=1,1,325,292,18,19,9,12
frame=1,2,68,351,16,17,7,12
frame=1,3,0,332,17,18,6,12
frame=1,4,94,369,13,15,4,9
frame=1,5,274,250,18,20,7,12
frame=1,6,344,292,16,19,7,12
frame=1,7,446,185,17,21,9,13

[cast]
frames=6
duration=600ms
type=play_once
hit=300ms
frame=0,0,108,369,12,15,7,9
frame=0,1,361,292,17,19,9,13
frame=0,2,407,351,16,16,7,12
frame=0,3,379,292,17,19,6,13
frame=0,4,121,369,12,15,3,9
frame=0,5,464,185,17,21,6,13
frame=0,6,397,292,16,19,7,12
frame=0,7,482,185,17,21,9,13
frame=1,0,434,139,12,22,7,14
frame=1,1,293,250,17,20,9,14
frame=1,2,18,332,16,18,7,13
frame=1,3,311,250,17,20,6,14
frame=1,4,447,139,12,22,3,14
frame=1,5,414,292,17,19,6,10
frame=1,6,432,292,16,19,7,11
frame=1,7,449,292,17,19,9,10
frame=2,0,460,139,12,22,7,14
frame=2,1,329,250,17,20,9,14
frame=2,2,35,332,16,18,7,13
frame=2,3,347,250,17,20,6,14
frame=2,4,473,139,12,22,3,14
frame=2,5,52,332,17,18,6,9
frame=2,6,70,332,16,18,7,10
frame=2,7,87,332,17,18,9,9
frame=3,0,0,207,18,21,14,16
frame=3,1,365,250,14,20,10,16
frame=3,2,467,292,16,19,7,17
frame=3,3,85,351,21,17,5,15
frame=3,4,380,250,18,20,2,15
frame=3,5,19,207,14,21,2,13
frame=3,6,34,207,16,21,7,13
frame=3,7,399,250,21,20,14,13
frame=4,0,0,207,18,21,14,16
frame=4,1,365,250,14,20,10,16
frame=4,2,467,292,16,19,7,17
frame=4,3,85,351,21,17,5,15
frame=4,4,380,250,18,20,2,15
frame=4,5,19,207,14,21,2,13
frame=4,6,34,207,16,21,7,13
frame=4,7,399,250,21,20,14,13
frame=5,0,319,351,12,16,7,10
frame=5,1,363,312,17,18,9,13
frame=5,2,448,332,16,17,7,13
frame=5,3,381,312,17,18,6,13
frame=5,4,68,369,12,15,3,10
frame=5,5,292,229,17,20,6,13
frame=5,6,486,271,16,19,7,13
frame=5,7,296,207,17,20,9,13

[shoot]
frames=7
duration=700ms
type=play_once
hit=300ms
frame=0,0,51,207,25,21,15,15
frame=0,1,146,115,17,23,10,16
frame=0,2,486,139,16,22,7,16
frame=0,3,484,292,27,19,10,14
frame=0,4,421,250,25,20,8,15
frame=0,5,0,162,17,22,5,14
frame=0,6,164,115,16,23,7,15
frame=0,7,105,332,27,18,15,12
frame=1,0,18,162,26,22,15,15
frame=1,1,181,115,17,23,10,15
frame=1,2,45,162,16,22,7,15
frame=1,3,107,351,26,17,10,12
frame=1,4,77,207,26,21,9,15
frame=1,5,62,162,17,22,5,14
frame=1,6,199,115,16,23,7,15
frame=1,7,133,332,26,18,14,12
frame=2,0,18,162,26,22,15,15
frame=2,1,181,115,17,23,10,15
frame=2,2,45,162,16,22,7,15
frame=2,3,107,351,26,17,10,12
frame=2,4,77,207,26,21,9,15
frame=2,5,62,162,17,22,5,14
frame=2,6,199,115,16,23,7,15
frame=2,7,133,332,26,18,14,12
frame=3,0,80,162,26,22,14,15
frame=3,1,216,115,17,23,9,15
frame=3,2,107,162,16,22,7,15
frame=3,3,160,332,27,18,11,13
frame=3,4,104,207,26,21,10,15
frame=3,5,124,162,17,22,6,14
frame=3,6,234,115,16,23,7,15
frame=3,7,188,332,27,18,14,12
frame=4,0,80,162,26,22,14,15
frame=4,1,216,115,17,23,9,15
frame=4,2,107,162,16,22,7,15
frame=4,3,160,332,27,18,11,13
frame=4,4,104,207,26,21,10,15
frame=4,5,124,162,17,22,6,14
frame=4,6,234,115,16,23,7,15
frame=4,7,188,332,27,18,14,12
frame=5,0,0,312,20,19,11,13
frame=5,1,447,250,14,20,7,13
frame=5,2,21,312,16,19,7,14
frame=5,3,134,351,22,17,8,13
frame=5,4,131,207,20,21,7,15
frame=5,5,142,162,14,22,5,14
frame=5,6,152,207,16,21,7,14
frame=5,7,38,312,22,19,12,13
frame=6,0,319,351,12,16,7,10
frame=6,1,363,312,17,18,9,13
frame=6,2,448,332,16,17,7,13
frame=6,3,381,312,17,18,6,13
frame=6,4,68,369,12,15,3,10
frame=6,5,292,229,17,20,6,13
frame=6,6,486,271,16,19,7,13
frame=6,7,296,207,17,20,9,13

[die]
frames=6
duration=900ms
type=play_once
frame=0,0,319,351,12,16,7,10
frame=0,1,363,312,17,18,9,13
frame=0,2,448,332,16,17,7,13
frame=0,3,381,312,17,18,6,13
frame=0,4,68,369,12,15,3,10
frame=0,5,292,229,17,20,6,13
frame=0,6,486,271,16,19,7,13
frame=0,7,296,207,17,20,9,13
frame=1,0,216,332,15,18,7,13
frame=1,1,157,351,19,17,9,13
frame=1,2,424,351,16,16,7,13
frame=1,3,61,312,18,19,7,14
frame=1,4,169,207,15,21,6,16
frame=1,5,462,250,19,20,8,15
frame=1,6,80,312,16,19,7,15
frame=1,7,482,250,18,20,9,15
frame=2,0,177,351,18,17,6,13
frame=2,1,441,351,22,16,9,12
frame=2,2,134,369,16,15,7,12
frame=2,3,464,351,19,16,9,11
frame=2,4,157,162,19,22,11,17
frame=2,5,0,271,22,20,11,17
frame=2,6,97,312,16,19,7,17
frame=2,7,23,271,20,20,8,17
frame=3,0,484,351,21,16,4,12
frame=3,1,197,369,23,14,7,10
frame=3,2,263,369,1,1,80,112
frame=3,3,196,351,17,17,9,11
frame=3,4,185,207,20,21,14,15
frame=3,5,177,162,23,22,14,18
frame=3,6,44,271,16,20,7,18
frame=3,7,232,332,21,18,6,16
frame=4,0,221,369,20,14,-1,9
frame=4,1,214,351,17,17,3,8
frame=4,2,0,369,16,16,7,6
frame=4,3,61,271,20,20,15,9
frame=4,4,254,332,20,18,19,11
frame=4,5,82,271,21,20,16,15
frame=4,6,114,312,16,19,7,16
frame=4,7,151,369,22,15,3,12
frame=5,0,242,369,20,14,-1,9
frame=5,1,232,351,17,17,3,8
frame=5,2,17,369,16,16,7,6
frame=5,3,104,271,20,20,15,9
frame=5,4,275,332,20,18,19,11
frame=5,5,125,271,21,20,16,15
frame=5,6,131,312,16,19,7,16
frame=5,7,174,369,22,15,3,12
