image=custom_gear_chain_gloves.png

[stance]
frames=4
duration=800ms
type=back_forth
frame=0,0,484,226,14,16,18,45
frame=0,1,31,351,10,10,21,44
frame=0,2,407,278,28,14,14,48
frame=0,3,64,363,10,9,-8,39
frame=0,4,210,66,18,24,-2,49
frame=0,5,71,117,29,22,6,44
frame=0,6,369,261,28,15,12,39
frame=0,7,330,207,22,17,16,42
frame=1,0,398,261,14,15,18,44
frame=1,1,75,363,10,9,21,43
frame=1,2,436,278,28,14,14,47
frame=1,3,42,351,10,10,-8,39
frame=1,4,304,92,18,23,-2,48
frame=1,5,163,141,29,21,6,43
frame=1,6,413,261,28,15,12,38
frame=1,7,0,244,22,16,16,41
frame=2,0,442,261,14,15,18,45
frame=2,1,53,351,11,10,21,44
frame=2,2,465,278,28,14,14,48
frame=2,3,193,141,13,21,-5,51
frame=2,4,229,66,18,24,-2,49
frame=2,5,207,141,29,21,6,44
frame=2,6,457,261,28,15,12,39
frame=2,7,23,244,23,16,16,42
frame=3,0,47,244,14,16,18,45
frame=3,1,31,351,10,10,21,44
frame=3,2,407,278,28,14,14,48
frame=3,3,64,363,10,9,-8,39
frame=3,4,248,66,18,24,-2,49
frame=3,5,71,117,29,22,6,44
frame=3,6,0,278,28,15,12,39
frame=3,7,330,207,22,17,16,42

[run]
frames=10
duration=660ms
type=looped
frame=0,0,237,141,20,21,20,42
frame=0,1,86,363,10,9,19,36
frame=0,2,385,363,4,8,15,40
frame=0,3,390,363,8,8,-13,40
frame=0,4,431,186,14,18,-8,43
frame=0,5,232,164,21,20,0,40
frame=0,6,29,278,27,15,10,35
frame=0,7,446,186,29,18,19,37
frame=1,0,254,164,17,20,18,41
frame=1,1,399,363,12,8,20,35
frame=1,2,139,374,4,7,15,39
frame=1,3,412,363,8,8,-12,38
frame=1,4,476,186,13,18,-7,42
frame=1,5,272,164,23,20,1,39
frame=1,6,57,278,28,15,11,34
frame=1,7,353,207,27,17,18,36
frame=2,0,490,186,14,18,17,41
frame=2,1,421,363,10,8,21,37
frame=2,2,362,324,28,12,14,43
frame=2,3,97,363,10,9,-9,36
frame=2,4,101,117,15,22,-4,44
frame=2,5,296,164,28,20,5,39
frame=2,6,0,294,28,14,12,34
frame=2,7,381,207,24,17,17,37
frame=3,0,108,363,14,9,20,35
frame=3,1,123,363,10,9,22,41
frame=3,2,184,374,6,6,-8,35
frame=3,3,65,351,10,10,-5,35
frame=3,4,267,66,23,24,1,45
frame=3,5,325,164,32,20,8,40
frame=3,6,29,294,27,14,12,37
frame=3,7,406,207,18,17,13,39
frame=4,0,134,363,14,9,22,37
frame=4,1,258,338,35,11,22,44
frame=4,2,323,92,21,23,7,50
frame=4,3,321,37,10,26,-2,50
frame=4,4,291,66,29,24,5,46
frame=4,5,425,207,35,17,11,40
frame=4,6,62,244,26,16,12,39
frame=4,7,274,309,13,13,10,36
frame=5,0,432,363,14,8,23,36
frame=5,1,86,278,36,15,22,45
frame=5,2,321,66,22,24,8,50
frame=5,3,82,37,12,27,-1,50
frame=5,4,344,66,31,24,6,45
frame=5,5,89,244,36,16,12,39
frame=5,6,126,244,26,16,12,39
frame=5,7,76,351,13,10,11,33
frame=6,0,447,363,14,8,22,35
frame=6,1,294,338,35,11,22,43
frame=6,2,462,363,7,8,-7,33
frame=6,3,95,37,10,27,-2,49
frame=6,4,376,66,29,24,5,44
frame=6,5,461,207,35,17,11,38
frame=6,6,153,244,26,16,12,38
frame=6,7,391,324,13,12,10,34
frame=7,0,149,363,14,9,20,34
frame=7,1,164,363,10,9,22,40
frame=7,2,191,374,6,6,-8,34
frame=7,3,345,92,10,23,-5,47
frame=7,4,406,66,23,24,1,44
frame=7,5,212,186,32,19,8,39
frame=7,6,57,294,27,14,12,36
frame=7,7,0,226,18,17,13,38
frame=8,0,0,207,14,18,17,42
frame=8,1,470,363,10,8,21,38
frame=8,2,405,324,28,12,14,44
frame=8,3,175,363,10,9,-8,37
frame=8,4,117,117,15,22,-4,45
frame=8,5,358,164,28,20,5,40
frame=8,6,85,294,28,14,12,35
frame=8,7,19,226,23,17,16,38
frame=9,0,387,164,17,20,18,43
frame=9,1,186,363,11,9,20,37
frame=9,2,144,374,3,7,15,41
frame=9,3,198,363,8,9,-12,40
frame=9,4,245,186,12,19,-8,44
frame=9,5,405,164,23,20,1,41
frame=9,6,180,244,28,16,11,36
frame=9,7,15,207,27,18,18,38

[swing]
frames=8
duration=640ms
type=play_once
hit=160ms
frame=0,0,429,164,46,20,24,52
frame=0,1,365,0,16,29,9,58
frame=0,2,430,66,40,24,24,57
frame=0,3,434,324,57,12,29,51
frame=0,4,421,0,46,28,20,60
frame=0,5,0,0,12,36,1,63
frame=0,6,200,0,40,30,14,58
frame=0,7,209,244,57,16,26,51
frame=1,0,288,309,53,13,25,50
frame=1,1,332,37,31,26,15,56
frame=1,2,106,37,26,27,14,58
frame=1,3,267,244,52,16,27,52
frame=1,4,258,141,53,21,26,55
frame=1,5,50,0,31,33,14,62
frame=1,6,13,0,26,34,10,61
frame=1,7,133,117,52,22,23,55
frame=2,0,481,363,21,8,30,42
frame=2,1,207,363,10,9,27,52
frame=2,2,186,117,28,22,12,58
frame=2,3,133,37,13,27,-10,57
frame=2,4,468,0,25,28,-7,51
frame=2,5,356,92,32,23,3,42
frame=2,6,320,244,28,16,14,36
frame=2,7,114,294,17,14,21,39
frame=3,0,198,374,4,5,-4,40
frame=3,1,215,117,11,22,-3,52
frame=3,2,364,37,11,26,-7,51
frame=3,3,376,37,15,26,-3,47
frame=3,4,389,92,21,23,6,42
frame=3,5,258,186,18,19,12,40
frame=3,6,43,226,11,17,16,42
frame=3,7,349,244,8,16,16,47
frame=4,0,203,374,5,5,-4,40
frame=4,1,132,294,10,14,-5,43
frame=4,2,43,207,10,18,-7,43
frame=4,3,471,66,13,24,-1,45
frame=4,4,312,141,19,21,7,41
frame=4,5,54,207,17,18,13,40
frame=4,6,358,244,11,16,15,42
frame=4,7,227,374,1,1,80,112
frame=5,0,209,374,6,5,18,45
frame=5,1,503,363,7,8,-6,40
frame=5,2,90,351,9,10,-9,37
frame=5,3,464,37,15,25,-6,47
frame=5,4,227,117,23,22,3,41
frame=5,5,370,244,25,16,11,36
frame=5,6,143,294,18,14,16,38
frame=5,7,492,324,11,12,19,41
frame=6,0,0,374,10,8,20,40
frame=6,1,218,363,28,9,17,46
frame=6,2,11,374,8,8,-8,38
frame=6,3,485,66,11,24,-7,49
frame=6,4,0,92,22,24,0,45
frame=6,5,72,207,28,18,9,39
frame=6,6,342,309,24,13,14,37
frame=6,7,162,294,14,14,16,41
frame=7,0,396,244,14,16,18,45
frame=7,1,100,351,11,10,21,44
frame=7,2,465,278,28,14,14,48
frame=7,3,247,363,10,9,-8,39
frame=7,4,23,92,18,24,-2,49
frame=7,5,332,141,29,21,6,44
frame=7,6,123,278,28,15,12,39
frame=7,7,411,244,22,16,16,42

[swing2]
frames=8
duration=680ms
type=play_once
hit=170ms
frame=0,0,42,92,18,24,4,72
frame=0,1,362,141,23,21,8,70
frame=0,2,367,309,33,13,16,65
frame=0,3,101,207,32,18,18,68
frame=0,4,61,92,18,24,12,73
frame=0,5,80,92,23,24,13,74
frame=0,6,55,226,33,17,15,71
frame=0,7,476,164,32,20,12,72
frame=1,0,386,141,20,21,-5,67
frame=1,1,407,141,24,21,0,62
frame=1,2,434,244,31,16,13,57
frame=1,3,177,294,31,14,23,58
frame=1,4,277,186,20,19,23,65
frame=1,5,134,207,23,18,22,69
frame=1,6,112,351,31,10,16,69
frame=1,7,89,226,31,17,6,70
frame=2,0,411,92,14,23,32,43
frame=2,1,121,226,20,17,32,49
frame=2,2,20,374,8,8,17,49
frame=2,3,29,374,11,8,-21,43
frame=2,4,432,141,15,21,-19,45
frame=2,5,0,186,28,20,-6,35
frame=2,6,401,309,32,13,13,27
frame=2,7,448,141,29,21,30,34
frame=3,0,480,37,14,25,26,39
frame=3,1,0,338,10,12,27,35
frame=3,2,330,338,32,11,17,42
frame=3,3,363,338,10,11,-18,38
frame=3,4,251,117,12,22,-16,40
frame=3,5,478,141,25,21,-4,32
frame=3,6,209,294,32,14,13,25
frame=3,7,264,117,28,22,26,31
frame=4,0,104,92,14,24,26,39
frame=4,1,374,338,10,11,27,35
frame=4,2,144,351,32,10,17,42
frame=4,3,258,363,10,9,-18,37
frame=4,4,293,117,12,22,-16,41
frame=4,5,306,117,25,22,-4,33
frame=4,6,242,294,32,14,13,25
frame=4,7,0,164,28,21,26,31
frame=5,0,426,92,12,23,23,41
frame=5,1,385,338,10,11,26,38
frame=5,2,41,374,31,8,16,43
frame=5,3,177,351,11,10,-15,39
frame=5,4,332,117,12,22,-13,43
frame=5,5,29,186,26,20,-2,35
frame=5,6,275,294,31,14,13,29
frame=5,7,29,164,27,21,24,34
frame=6,0,158,207,13,18,20,44
frame=6,1,73,374,9,8,23,41
frame=6,2,216,374,6,4,-8,39
frame=6,3,269,363,11,9,-10,39
frame=6,4,439,92,16,23,-6,47
frame=6,5,57,164,28,21,3,41
frame=6,6,307,294,28,14,12,35
frame=6,7,172,207,24,18,19,39
frame=7,0,396,244,14,16,18,45
frame=7,1,100,351,11,10,21,44
frame=7,2,465,278,28,14,14,48
frame=7,3,247,363,10,9,-8,39
frame=7,4,23,92,18,24,-2,49
frame=7,5,332,141,29,21,6,44
frame=7,6,123,278,28,15,12,39
frame=7,7,411,244,22,16,16,42

[swing3]
frames=8
duration=600ms
type=play_once
hit=150ms
frame=0,0,456,92,38,23,25,51
frame=0,1,241,0,16,30,15,58
frame=0,2,147,37,30,27,19,59
frame=0,3,336,294,42,14,18,54
frame=0,4,189,351,13,10,-14,46
frame=0,5,298,186,14,19,-3,50
frame=0,6,197,207,30,18,9,47
frame=0,7,434,309,42,13,22,44
frame=1,0,0,117,40,23,25,50
frame=1,1,258,0,20,30,16,57
frame=1,2,279,0,27,30,17,59
frame=1,3,466,244,40,16,18,55
frame=1,4,203,351,38,10,11,47
frame=1,5,228,207,16,18,-2,50
frame=1,6,245,207,27,18,8,48
frame=1,7,0,324,40,13,20,44
frame=2,0,242,351,12,10,34,48
frame=2,1,307,0,28,30,23,59
frame=2,2,82,0,14,33,3,60
frame=2,3,121,0,26,32,-3,57
frame=2,4,119,92,35,24,-1,47
frame=2,5,379,294,29,14,4,38
frame=2,6,396,338,12,11,6,34
frame=2,7,83,374,14,8,27,37
frame=3,0,56,186,35,20,35,48
frame=3,1,148,0,27,32,22,59
frame=3,2,40,0,9,34,-1,61
frame=3,3,336,0,28,30,-3,55
frame=3,4,345,117,36,22,-1,45
frame=3,5,41,324,28,13,4,36
frame=3,6,255,351,12,10,8,32
frame=3,7,281,363,13,9,29,37
frame=4,0,56,186,35,20,35,48
frame=4,1,148,0,27,32,22,59
frame=4,2,40,0,9,34,-1,61
frame=4,3,336,0,28,30,-3,55
frame=4,4,345,117,36,22,-1,45
frame=4,5,41,324,28,13,4,36
frame=4,6,255,351,12,10,8,32
frame=4,7,281,363,13,9,29,37
frame=5,0,268,351,13,10,33,45
frame=5,1,409,338,9,11,23,55
frame=5,2,382,0,17,29,5,57
frame=5,3,400,0,20,29,-6,54
frame=5,4,0,66,34,25,-1,46
frame=5,5,142,226,30,17,5,37
frame=5,6,11,338,17,12,10,33
frame=5,7,295,363,14,9,24,36
frame=6,0,98,374,13,8,24,39
frame=6,1,282,351,10,10,23,48
frame=6,2,382,117,22,22,9,53
frame=6,3,392,37,10,26,-6,53
frame=6,4,35,66,24,25,-2,48
frame=6,5,92,186,30,20,5,41
frame=6,6,409,294,25,14,11,36
frame=6,7,435,294,14,14,14,39
frame=7,0,396,244,14,16,18,45
frame=7,1,100,351,11,10,21,44
frame=7,2,465,278,28,14,14,48
frame=7,3,247,363,10,9,-8,39
frame=7,4,23,92,18,24,-2,49
frame=7,5,332,141,29,21,6,44
frame=7,6,123,278,28,15,12,39
frame=7,7,411,244,22,16,16,42

[hit]
frames=2
duration=300ms
type=play_once
frame=0,0,70,324,14,13,18,43
frame=0,1,293,351,11,10,21,44
frame=0,2,0,261,30,16,14,48
frame=0,3,60,66,13,25,-4,52
frame=0,4,403,37,20,26,0,49
frame=0,5,405,117,32,22,9,44
frame=0,6,450,294,30,14,14,39
frame=0,7,173,226,22,17,15,43
frame=1,0,85,324,14,13,18,43
frame=1,1,293,351,11,10,21,44
frame=1,2,0,261,30,16,14,48
frame=1,3,60,66,13,25,-4,52
frame=1,4,424,37,20,26,0,49
frame=1,5,438,117,32,22,9,44
frame=1,6,481,294,30,14,14,39
frame=1,7,196,226,22,17,15,43

[block]
frames=2
duration=300ms
type=play_once
frame=0,0,310,363,13,9,13,37
frame=0,1,419,338,31,11,18,42
frame=0,2,29,338,8,12,-8,38
frame=0,3,38,338,8,12,-5,35
frame=0,4,445,37,18,26,3,47
frame=0,5,471,117,31,22,11,44
frame=0,6,152,278,30,15,14,40
frame=0,7,31,261,21,16,11,42
frame=1,0,0,141,12,22,16,59
frame=1,1,86,164,21,21,20,63
frame=1,2,0,309,26,14,14,62
frame=1,3,273,207,20,18,2,63
frame=1,4,123,186,12,20,-6,60
frame=1,5,183,278,23,15,1,53
frame=1,6,47,338,26,12,10,49
frame=1,7,294,207,22,18,16,53

[cast]
frames=6
duration=600ms
type=play_once
hit=300ms
frame=0,0,108,164,12,21,17,55
frame=0,1,27,309,10,14,19,53
frame=0,2,305,351,26,10,12,58
frame=0,3,38,309,10,14,-11,53
frame=0,4,121,164,12,21,-7,55
frame=0,5,219,226,23,17,2,49
frame=0,6,332,351,26,10,12,43
frame=0,7,243,226,23,17,19,49
frame=1,0,136,186,11,20,16,52
frame=1,1,74,338,8,12,18,49
frame=1,2,112,374,26,8,12,55
frame=1,3,83,338,8,12,-12,49
frame=1,4,148,186,11,20,-7,52
frame=1,5,53,261,22,16,2,46
frame=1,6,359,351,26,10,12,41
frame=1,7,76,261,22,16,18,46
frame=2,0,160,186,12,20,17,52
frame=2,1,267,226,21,17,19,53
frame=2,2,148,374,26,7,12,54
frame=2,3,289,226,21,17,0,53
frame=2,4,173,186,12,20,-7,52
frame=2,5,311,226,23,17,2,46
frame=2,6,324,363,26,9,12,40
frame=2,7,335,226,23,17,19,46
frame=3,0,176,0,11,32,14,72
frame=3,1,178,37,40,27,27,73
frame=3,2,92,338,52,12,25,66
frame=3,3,219,37,40,27,11,73
frame=3,4,188,0,11,32,-5,72
frame=3,5,155,92,40,24,11,64
frame=3,6,386,351,52,10,25,55
frame=3,7,196,92,40,24,27,64
frame=4,0,97,0,11,33,12,73
frame=4,1,0,37,40,28,25,73
frame=4,2,100,324,54,13,26,66
frame=4,3,41,37,40,28,13,73
frame=4,4,109,0,11,33,-3,73
frame=4,5,74,66,40,25,13,66
frame=4,6,439,351,54,10,26,57
frame=4,7,115,66,40,25,25,66
frame=5,0,396,244,14,16,18,45
frame=5,1,100,351,11,10,21,44
frame=5,2,465,278,28,14,14,48
frame=5,3,247,363,10,9,-8,39
frame=5,4,23,92,18,24,-2,49
frame=5,5,332,141,29,21,6,44
frame=5,6,123,278,28,15,12,39
frame=5,7,411,244,22,16,16,42

[shoot]
frames=7
duration=700ms
type=play_once
hit=300ms
frame=0,0,156,66,27,25,26,58
frame=0,1,260,37,23,27,26,65
frame=0,2,134,164,38,21,26,67
frame=0,3,207,278,38,15,13,63
frame=0,4,237,92,26,24,-2,64
frame=0,5,13,141,23,22,-5,57
frame=0,6,49,309,38,14,10,49
frame=0,7,99,261,38,16,23,49
frame=1,0,284,37,18,27,13,60
frame=1,1,184,66,25,25,22,62
frame=1,2,359,226,36,17,27,61
frame=1,3,246,278,31,15,17,63
frame=1,4,173,164,18,21,3,65
frame=1,5,313,186,25,19,1,60
frame=1,6,155,324,36,13,7,54
frame=1,7,37,141,31,22,12,57
frame=2,0,303,37,17,27,12,60
frame=2,1,264,92,25,24,22,61
frame=2,2,138,261,36,16,27,60
frame=2,3,278,278,30,15,17,63
frame=2,4,192,164,17,21,3,65
frame=2,5,339,186,26,19,2,60
frame=2,6,192,324,36,13,7,54
frame=2,7,69,141,30,22,11,57
frame=3,0,451,338,14,11,8,50
frame=3,1,145,338,19,12,20,53
frame=3,2,229,324,24,13,24,59
frame=3,3,175,261,24,16,17,66
frame=3,4,41,117,14,23,4,69
frame=3,5,100,141,19,22,-3,65
frame=3,6,200,261,26,16,0,57
frame=3,7,0,363,24,10,5,50
frame=4,0,466,338,13,11,7,48
frame=4,1,480,338,21,11,21,50
frame=4,2,88,309,25,14,25,58
frame=4,3,396,226,12,17,16,65
frame=4,4,120,141,13,22,4,67
frame=4,5,210,164,21,21,-2,63
frame=4,6,309,278,27,15,0,55
frame=4,7,351,363,22,9,4,48
frame=5,0,114,309,14,14,16,46
frame=5,1,165,338,23,12,25,49
frame=5,2,0,351,11,11,21,55
frame=5,3,409,226,24,17,9,59
frame=5,4,290,92,13,24,-5,58
frame=5,5,186,186,25,20,-2,51
frame=5,6,227,261,30,16,7,45
frame=5,7,189,338,24,12,13,42
frame=6,0,396,244,14,16,18,45
frame=6,1,100,351,11,10,21,44
frame=6,2,465,278,28,14,14,48
frame=6,3,247,363,10,9,-8,39
frame=6,4,23,92,18,24,-2,49
frame=6,5,332,141,29,21,6,44
frame=6,6,123,278,28,15,12,39
frame=6,7,411,244,22,16,16,42

[die]
frames=6
duration=900ms
type=play_once
frame=0,0,317,207,12,18,12,43
frame=0,1,374,363,10,9,17,39
frame=0,2,175,374,8,7,-8,39
frame=0,3,25,363,10,10,-7,37
frame=0,4,56,117,14,23,0,46
frame=0,5,134,141,28,22,9,44
frame=0,6,129,309,30,14,14,39
frame=0,7,366,186,25,19,15,43
frame=1,0,160,309,14,14,6,45
frame=1,1,36,363,9,10,10,41
frame=1,2,223,374,3,3,-8,34
frame=1,3,258,261,12,16,1,45
frame=1,4,392,186,14,19,6,47
frame=1,5,407,186,23,19,11,47
frame=1,6,175,309,24,14,11,44
frame=1,7,337,278,22,15,9,46
frame=2,0,214,338,13,12,-10,43
frame=2,1,228,338,14,12,-3,38
frame=2,2,46,363,17,10,9,38
frame=2,3,271,261,16,16,18,41
frame=2,4,434,226,13,17,21,47
frame=2,5,360,278,18,15,19,51
frame=2,6,254,324,19,13,8,52
frame=2,7,12,351,18,11,-4,49
frame=3,0,274,324,13,13,-30,36
frame=3,1,200,309,13,14,-20,24
frame=3,2,214,309,15,14,7,20
frame=3,3,288,261,14,16,33,26
frame=3,4,448,226,13,17,41,39
frame=3,5,303,261,13,16,31,51
frame=3,6,230,309,15,14,6,55
frame=3,7,243,338,14,12,-21,49
frame=4,0,288,324,12,13,-48,14
frame=4,1,301,324,10,13,-32,-5
frame=4,2,312,324,12,13,6,-12
frame=4,3,379,278,13,15,44,-3
frame=4,4,317,261,12,16,58,17
frame=4,5,462,226,10,17,40,36
frame=4,6,330,261,12,16,4,43
frame=4,7,246,309,13,14,-33,34
frame=5,0,325,324,12,13,-48,14
frame=5,1,338,324,10,13,-32,-5
frame=5,2,349,324,12,13,6,-12
frame=5,3,393,278,13,15,44,-3
frame=5,4,343,261,12,16,58,17
frame=5,5,473,226,10,17,40,36
frame=5,6,356,261,12,16,4,43
frame=5,7,260,309,13,14,-33,34
