image=custom_gear_chain_cuirass.png

[stance]
frames=4
duration=800ms
type=back_forth
frame=0,0,314,308,16,34,8,54
frame=0,1,461,122,27,36,14,56
frame=0,2,108,446,29,31,14,53
frame=0,3,0,160,24,36,11,56
frame=0,4,331,308,16,34,6,54
frame=0,5,25,160,27,36,11,56
frame=0,6,138,446,29,31,13,53
frame=0,7,53,160,24,36,11,56
frame=1,0,32,271,16,35,8,55
frame=1,1,78,160,26,36,14,56
frame=1,2,395,379,29,32,14,53
frame=1,3,105,160,24,36,10,56
frame=1,4,348,308,16,34,6,54
frame=1,5,49,271,26,35,10,55
frame=1,6,168,446,29,31,13,52
frame=1,7,76,271,24,35,12,55
frame=2,0,129,344,17,33,8,54
frame=2,1,130,160,27,36,14,56
frame=2,2,198,446,29,31,14,53
frame=2,3,158,160,24,36,11,56
frame=2,4,147,344,17,33,7,54
frame=2,5,183,160,27,36,11,56
frame=2,6,228,446,29,31,13,53
frame=2,7,211,160,24,36,11,56
frame=3,0,365,308,16,34,8,54
frame=3,1,236,160,27,36,14,56
frame=3,2,258,446,29,31,14,53
frame=3,3,264,160,24,36,11,56
frame=3,4,382,308,16,34,6,54
frame=3,5,289,160,27,36,11,56
frame=3,6,288,446,29,31,13,53
frame=3,7,317,160,24,36,11,56

[run]
frames=8
duration=640ms
type=looped
frame=0,0,425,379,17,32,6,53
frame=0,1,101,271,28,35,13,55
frame=0,2,431,479,30,30,14,52
frame=0,3,130,271,25,35,13,55
frame=0,4,443,379,17,32,9,53
frame=0,5,443,44,28,37,13,57
frame=0,6,461,379,30,32,14,54
frame=0,7,472,44,25,37,10,57
frame=1,0,492,379,18,32,7,52
frame=1,1,156,271,30,35,14,55
frame=1,2,318,446,30,31,14,52
frame=1,3,187,271,25,35,13,55
frame=1,4,399,308,18,34,9,54
frame=1,5,0,84,29,37,14,57
frame=1,6,165,344,30,33,14,54
frame=1,7,30,84,25,37,10,57
frame=2,0,196,344,19,33,8,52
frame=2,1,213,271,32,35,15,54
frame=2,2,462,479,30,30,14,51
frame=2,3,246,271,25,35,13,54
frame=2,4,418,308,19,34,9,53
frame=2,5,56,84,31,37,15,56
frame=2,6,0,413,30,32,14,53
frame=2,7,88,84,25,37,10,56
frame=3,0,31,413,18,32,7,52
frame=3,1,272,271,30,35,14,55
frame=3,2,349,446,30,31,14,52
frame=3,3,303,271,25,35,13,55
frame=3,4,438,308,18,34,9,54
frame=3,5,114,84,29,37,14,57
frame=3,6,216,344,30,33,14,54
frame=3,7,144,84,25,37,10,57
frame=4,0,50,413,17,32,6,53
frame=4,1,329,271,28,35,13,55
frame=4,2,0,511,30,30,14,52
frame=4,3,358,271,25,35,13,55
frame=4,4,68,413,17,32,9,53
frame=4,5,170,84,28,37,13,57
frame=4,6,86,413,30,32,14,54
frame=4,7,199,84,25,37,10,57
frame=5,0,117,413,17,32,6,52
frame=5,1,384,271,27,35,12,55
frame=5,2,380,446,30,31,14,52
frame=5,3,412,271,28,35,13,55
frame=5,4,135,413,17,32,9,52
frame=5,5,225,84,26,37,13,57
frame=5,6,247,344,30,33,14,54
frame=5,7,252,84,28,37,13,57
frame=6,0,457,308,17,34,6,53
frame=6,1,441,271,26,35,11,54
frame=6,2,31,511,30,30,14,51
frame=6,3,468,271,28,35,13,54
frame=6,4,278,344,17,33,9,52
frame=6,5,281,84,26,37,13,56
frame=6,6,153,413,30,32,14,53
frame=6,7,308,84,28,37,13,56
frame=7,0,184,413,17,32,6,52
frame=7,1,0,308,27,35,12,55
frame=7,2,411,446,30,31,14,52
frame=7,3,28,308,28,35,13,55
frame=7,4,202,413,17,32,9,52
frame=7,5,337,84,26,37,13,57
frame=7,6,296,344,30,33,14,54
frame=7,7,364,84,28,37,13,57

[swing]
frames=6
duration=600ms
type=play_once
frame=0,0,220,413,16,32,6,52
frame=0,1,342,160,28,36,13,55
frame=0,2,442,446,29,31,14,52
frame=0,3,371,160,26,36,13,55
frame=0,4,237,413,16,32,8,52
frame=0,5,393,84,28,37,13,56
frame=0,6,327,344,29,33,13,54
frame=0,7,422,84,25,37,10,56
frame=1,0,357,344,23,33,13,53
frame=1,1,475,308,32,34,17,54
frame=1,2,57,308,29,35,14,57
frame=1,3,93,44,23,38,11,58
frame=1,4,448,84,23,37,8,57
frame=1,5,398,160,30,36,13,55
frame=1,6,381,344,29,33,13,54
frame=1,7,117,44,23,38,10,57
frame=2,0,0,344,24,34,13,54
frame=2,1,429,160,31,36,16,56
frame=2,2,141,44,29,38,14,60
frame=2,3,124,0,22,42,10,62
frame=2,4,431,0,24,40,9,60
frame=2,5,461,160,31,36,13,55
frame=2,6,411,344,29,33,13,54
frame=2,7,171,44,23,38,11,57
frame=3,0,87,308,17,35,8,55
frame=3,1,0,197,27,36,14,56
frame=3,2,472,446,31,31,15,53
frame=3,3,105,308,26,35,12,55
frame=3,4,441,344,17,33,7,53
frame=3,5,472,84,26,37,11,56
frame=3,6,459,344,31,33,14,54
frame=3,7,28,197,26,36,12,55
frame=4,0,0,122,22,37,9,57
frame=4,1,132,308,22,35,10,55
frame=4,2,254,413,28,32,12,54
frame=4,3,0,379,29,33,14,53
frame=4,4,155,308,22,35,11,55
frame=4,5,23,122,22,37,10,56
frame=4,6,25,344,28,34,14,55
frame=4,7,55,197,29,36,13,55
frame=5,0,283,413,16,32,6,52
frame=5,1,85,197,28,36,13,55
frame=5,2,0,479,29,31,14,52
frame=5,3,114,197,26,36,13,55
frame=5,4,300,413,16,32,8,52
frame=5,5,46,122,28,37,13,56
frame=5,6,30,379,29,33,13,54
frame=5,7,75,122,25,37,10,56

[hit]
frames=2
duration=300ms
type=play_once
frame=0,0,317,413,16,32,7,53
frame=0,1,141,197,27,36,14,56
frame=0,2,30,479,30,31,14,53
frame=0,3,169,197,24,36,11,56
frame=0,4,60,379,16,33,7,54
frame=0,5,194,197,26,36,11,56
frame=0,6,61,479,30,31,14,53
frame=0,7,221,197,24,36,11,56
frame=1,0,334,413,16,32,7,53
frame=1,1,246,197,27,36,14,56
frame=1,2,92,479,30,31,14,53
frame=1,3,274,197,24,36,11,56
frame=1,4,77,379,16,33,7,54
frame=1,5,299,197,26,36,11,56
frame=1,6,123,479,30,31,14,53
frame=1,7,326,197,24,36,11,56

[block]
frames=2
duration=300ms
type=play_once
frame=0,0,351,413,16,32,7,53
frame=0,1,351,197,24,36,11,56
frame=0,2,154,479,30,31,14,53
frame=0,3,376,197,24,36,11,56
frame=0,4,94,379,16,33,7,54
frame=0,5,401,197,24,36,11,56
frame=0,6,185,479,30,31,14,53
frame=0,7,426,197,24,36,11,56
frame=1,0,54,344,20,34,9,54
frame=1,1,178,308,30,35,15,54
frame=1,2,368,413,29,32,14,52
frame=1,3,209,308,28,35,13,54
frame=1,4,238,308,21,35,9,55
frame=1,5,101,122,28,37,13,56
frame=1,6,398,413,29,32,13,53
frame=1,7,130,122,28,37,13,56

[cast]
frames=4
duration=600ms
type=play_once
frame=0,0,451,197,21,36,12,57
frame=0,1,159,122,30,37,17,57
frame=0,2,111,379,30,33,14,55
frame=0,3,190,122,30,37,11,57
frame=0,4,473,197,21,36,7,57
frame=0,5,0,234,30,36,11,56
frame=0,6,216,479,30,31,14,53
frame=0,7,31,234,30,36,17,56
frame=1,0,147,0,19,42,9,63
frame=1,1,0,0,30,43,16,64
frame=1,2,456,0,30,39,14,61
frame=1,3,167,0,30,42,12,63
frame=1,4,198,0,19,42,8,63
frame=1,5,195,44,30,38,12,59
frame=1,6,428,413,30,32,14,54
frame=1,7,226,44,30,38,16,59
frame=2,0,218,0,19,42,9,63
frame=2,1,31,0,30,43,16,64
frame=2,2,0,44,30,39,14,61
frame=2,3,238,0,30,42,12,63
frame=2,4,269,0,19,42,8,63
frame=2,5,257,44,30,38,12,59
frame=2,6,459,413,30,32,14,54
frame=2,7,288,44,30,38,16,59
frame=3,0,62,234,21,36,12,57
frame=3,1,221,122,30,37,17,57
frame=3,2,142,379,30,33,14,55
frame=3,3,252,122,30,37,11,57
frame=3,4,84,234,21,36,7,57
frame=3,5,106,234,30,36,11,56
frame=3,6,247,479,30,31,14,53
frame=3,7,137,234,30,36,17,56

[shoot]
frames=4
duration=600ms
type=play_once
frame=0,0,168,234,21,36,12,57
frame=0,1,283,122,30,37,17,57
frame=0,2,173,379,30,33,14,55
frame=0,3,314,122,30,37,11,57
frame=0,4,190,234,21,36,7,57
frame=0,5,212,234,30,36,11,56
frame=0,6,278,479,30,31,14,53
frame=0,7,243,234,30,36,17,56
frame=1,0,289,0,19,42,9,63
frame=1,1,62,0,30,43,16,64
frame=1,2,31,44,30,39,14,61
frame=1,3,309,0,30,42,12,63
frame=1,4,340,0,19,42,8,63
frame=1,5,319,44,30,38,12,59
frame=1,6,0,446,30,32,14,54
frame=1,7,350,44,30,38,16,59
frame=2,0,360,0,19,42,9,63
frame=2,1,93,0,30,43,16,64
frame=2,2,62,44,30,39,14,61
frame=2,3,380,0,30,42,12,63
frame=2,4,411,0,19,42,8,63
frame=2,5,381,44,30,38,12,59
frame=2,6,31,446,30,32,14,54
frame=2,7,412,44,30,38,16,59
frame=3,0,274,234,21,36,12,57
frame=3,1,345,122,30,37,17,57
frame=3,2,204,379,30,33,14,55
frame=3,3,376,122,30,37,11,57
frame=3,4,296,234,21,36,7,57
frame=3,5,318,234,30,36,11,56
frame=3,6,309,479,30,31,14,53
frame=3,7,349,234,30,36,17,56

[die]
frames=6
duration=900ms
type=play_once
frame=0,0,62,446,16,32,7,53
frame=0,1,380,234,24,36,11,56
frame=0,2,340,479,30,31,14,53
frame=0,3,405,234,24,36,11,56
frame=0,4,235,379,16,33,7,54
frame=0,5,430,234,24,36,11,56
frame=0,6,371,479,30,31,14,53
frame=0,7,455,234,24,36,11,56
frame=1,0,252,379,19,33,0,53
frame=1,1,75,344,26,34,5,52
frame=1,2,62,511,28,30,13,49
frame=1,3,102,344,26,34,19,52
frame=1,4,272,379,19,33,17,53
frame=1,5,407,122,26,37,19,60
frame=1,6,292,379,28,33,13,59
frame=1,7,434,122,26,37,5,60
frame=2,0,260,308,26,35,-11,52
frame=2,1,91,511,31,30,-3,40
frame=2,2,429,511,28,25,13,35
frame=2,3,123,511,31,30,32,40
frame=2,4,287,308,26,35,35,52
frame=2,5,480,234,31,36,32,61
frame=2,6,79,446,28,32,13,62
frame=2,7,0,271,31,36,-3,61
frame=3,0,155,511,32,29,-24,35
frame=3,1,305,542,36,20,-12,17
frame=3,2,379,542,28,17,13,10
frame=3,3,342,542,36,20,46,17
frame=3,4,188,511,32,29,54,35
frame=3,5,321,379,36,33,46,51
frame=3,6,402,479,28,31,13,56
frame=3,7,358,379,36,33,-12,51
frame=4,0,458,511,33,24,-32,11
frame=4,1,221,511,37,29,-17,-3
frame=4,2,371,511,28,26,13,-11
frame=4,3,259,511,37,29,52,-3
frame=4,4,0,542,32,24,62,11
frame=4,5,33,542,35,24,52,27
frame=4,6,136,542,28,23,13,34
frame=4,7,165,542,37,23,-17,26
frame=5,0,69,542,33,24,-32,11
frame=5,1,297,511,36,29,-18,-3
frame=5,2,400,511,28,26,13,-11
frame=5,3,334,511,36,29,52,-3
frame=5,4,103,542,32,24,62,11
frame=5,5,203,542,35,23,52,26
frame=5,6,239,542,28,23,13,34
frame=5,7,268,542,36,23,-18,26
