image=custom_gear_cloth_shirt.png

[stance]
frames=4
duration=800ms
type=back_forth
frame=0,0,0,270,16,29,8,53
frame=0,1,256,110,26,31,14,55
frame=0,2,330,359,29,27,14,53
frame=0,3,283,110,23,31,10,55
frame=0,4,17,270,16,29,6,53
frame=0,5,230,207,26,30,10,54
frame=0,6,149,416,29,26,13,52
frame=0,7,257,207,23,30,11,54
frame=1,0,34,270,16,29,8,53
frame=1,1,307,110,26,31,14,55
frame=1,2,262,300,29,28,14,53
frame=1,3,334,110,23,31,10,55
frame=1,4,51,270,16,29,6,53
frame=1,5,281,207,26,30,10,54
frame=1,6,360,359,29,27,13,52
frame=1,7,308,207,23,30,11,54
frame=2,0,292,300,17,28,8,53
frame=2,1,358,110,26,31,14,55
frame=2,2,390,359,29,27,14,53
frame=2,3,385,110,23,31,10,55
frame=2,4,310,300,17,28,7,53
frame=2,5,409,110,26,31,10,55
frame=2,6,420,359,29,27,13,53
frame=2,7,436,110,23,31,11,55
frame=3,0,68,270,16,29,8,53
frame=3,1,460,110,26,31,14,55
frame=3,2,450,359,29,27,14,53
frame=3,3,487,110,23,31,10,55
frame=3,4,85,270,16,29,6,53
frame=3,5,332,207,26,30,10,54
frame=3,6,179,416,29,26,13,52
frame=3,7,359,207,23,30,11,54

[run]
frames=8
duration=640ms
type=looped
frame=0,0,328,300,17,28,6,53
frame=0,1,383,207,27,30,13,54
frame=0,2,209,416,30,26,14,52
frame=0,3,411,207,24,30,12,54
frame=0,4,346,300,17,28,9,53
frame=0,5,0,143,27,31,12,56
frame=0,6,364,300,30,28,14,54
frame=0,7,120,76,24,32,10,56
frame=1,0,395,300,18,28,7,52
frame=1,1,102,270,30,29,14,53
frame=1,2,480,359,30,27,14,52
frame=1,3,436,207,24,30,12,54
frame=1,4,461,207,18,30,9,54
frame=1,5,28,143,29,31,14,55
frame=1,6,133,270,30,29,14,54
frame=1,7,58,143,24,31,10,55
frame=2,0,164,270,19,29,8,52
frame=2,1,184,270,32,29,15,52
frame=2,2,240,416,30,26,14,51
frame=2,3,480,207,24,30,12,53
frame=2,4,0,239,19,30,9,53
frame=2,5,145,76,31,32,15,55
frame=2,6,414,300,30,28,14,53
frame=2,7,177,76,24,32,10,55
frame=3,0,445,300,18,28,7,52
frame=3,1,217,270,30,29,14,53
frame=3,2,0,388,30,27,14,52
frame=3,3,20,239,24,30,12,54
frame=3,4,45,239,18,30,9,54
frame=3,5,83,143,29,31,14,55
frame=3,6,248,270,30,29,14,54
frame=3,7,113,143,24,31,10,55
frame=4,0,464,300,17,28,6,53
frame=4,1,64,239,27,30,13,54
frame=4,2,271,416,30,26,14,52
frame=4,3,92,239,24,30,12,54
frame=4,4,482,300,17,28,9,53
frame=4,5,138,143,27,31,12,56
frame=4,6,0,330,30,28,14,54
frame=4,7,202,76,24,32,10,56
frame=5,0,31,330,17,28,6,52
frame=5,1,117,239,26,30,12,54
frame=5,2,31,388,30,27,14,52
frame=5,3,144,239,27,30,12,54
frame=5,4,49,330,17,28,9,52
frame=5,5,166,143,25,31,12,55
frame=5,6,279,270,30,29,14,54
frame=5,7,192,143,27,31,13,55
frame=6,0,172,239,17,30,6,53
frame=6,1,190,239,25,30,11,53
frame=6,2,302,416,30,26,14,51
frame=6,3,216,239,27,30,12,53
frame=6,4,310,270,17,29,9,52
frame=6,5,220,143,25,31,12,54
frame=6,6,67,330,30,28,14,53
frame=6,7,246,143,27,31,13,54
frame=7,0,98,330,17,28,6,52
frame=7,1,244,239,26,30,12,54
frame=7,2,62,388,30,27,14,52
frame=7,3,271,239,27,30,12,54
frame=7,4,116,330,17,28,9,52
frame=7,5,274,143,25,31,12,55
frame=7,6,328,270,30,29,14,54
frame=7,7,300,143,27,31,13,55

[swing]
frames=6
duration=600ms
type=play_once
frame=0,0,134,330,16,28,6,52
frame=0,1,299,239,27,30,13,53
frame=0,2,93,388,29,27,14,52
frame=0,3,328,143,25,31,12,54
frame=0,4,151,330,16,28,8,52
frame=0,5,227,76,27,32,12,55
frame=0,6,168,330,29,28,13,53
frame=0,7,255,76,24,32,10,55
frame=1,0,359,270,23,29,13,53
frame=1,1,383,270,32,29,17,53
frame=1,2,354,143,28,31,13,57
frame=1,3,62,40,22,34,10,58
frame=1,4,355,40,23,33,8,57
frame=1,5,383,143,30,31,13,54
frame=1,6,198,330,28,28,13,53
frame=1,7,280,76,22,32,10,55
frame=2,0,416,270,23,29,13,53
frame=2,1,303,76,30,32,16,56
frame=2,2,85,40,29,34,14,60
frame=2,3,120,0,21,38,9,62
frame=2,4,422,0,23,36,8,60
frame=2,5,334,76,30,32,12,55
frame=2,6,227,330,29,28,13,53
frame=2,7,257,330,22,28,11,51
frame=3,0,440,270,17,29,8,53
frame=3,1,414,143,26,31,14,55
frame=3,2,333,416,31,26,15,52
frame=3,3,458,270,26,29,12,53
frame=3,4,280,330,17,28,7,52
frame=3,5,365,76,25,32,10,55
frame=3,6,123,388,31,27,14,52
frame=3,7,441,143,26,31,12,54
frame=4,0,391,76,22,32,9,56
frame=4,1,485,270,21,29,10,53
frame=4,2,365,416,27,26,12,52
frame=4,3,298,330,29,28,14,52
frame=4,4,0,300,22,29,11,53
frame=4,5,468,143,21,31,9,54
frame=4,6,328,330,27,28,13,53
frame=4,7,327,239,29,30,13,53
frame=5,0,356,330,16,28,6,52
frame=5,1,357,239,27,30,13,53
frame=5,2,155,388,29,27,14,52
frame=5,3,0,175,25,31,12,54
frame=5,4,373,330,16,28,8,52
frame=5,5,414,76,27,32,12,55
frame=5,6,390,330,29,28,13,53
frame=5,7,442,76,24,32,10,55

[hit]
frames=2
duration=300ms
type=play_once
frame=0,0,420,330,16,28,7,53
frame=0,1,26,175,27,31,14,55
frame=0,2,185,388,30,27,14,53
frame=0,3,54,175,23,31,10,55
frame=0,4,437,330,16,28,7,53
frame=0,5,385,239,26,30,11,55
frame=0,6,216,388,30,27,14,53
frame=0,7,78,175,23,31,11,55
frame=1,0,454,330,16,28,7,53
frame=1,1,102,175,27,31,14,55
frame=1,2,247,388,30,27,14,53
frame=1,3,130,175,23,31,10,55
frame=1,4,471,330,16,28,7,53
frame=1,5,154,175,26,31,11,55
frame=1,6,278,388,30,27,14,53
frame=1,7,181,175,23,31,11,55

[block]
frames=2
duration=300ms
type=play_once
frame=0,0,488,330,16,28,7,53
frame=0,1,205,175,24,31,11,55
frame=0,2,309,388,30,27,14,53
frame=0,3,230,175,24,31,11,55
frame=0,4,0,359,16,28,7,53
frame=0,5,255,175,24,31,11,55
frame=0,6,340,388,30,27,14,53
frame=0,7,280,175,24,31,11,55
frame=1,0,412,239,20,30,9,54
frame=1,1,305,175,29,31,15,54
frame=1,2,17,359,29,28,14,52
frame=1,3,335,175,27,31,12,54
frame=1,4,363,175,21,31,9,55
frame=1,5,467,76,27,32,12,55
frame=1,6,47,359,29,28,13,53
frame=1,7,0,110,27,32,13,55

[cast]
frames=4
duration=600ms
type=play_once
frame=0,0,28,110,21,32,12,57
frame=0,1,379,40,29,33,17,57
frame=0,2,23,300,30,29,14,55
frame=0,3,409,40,29,33,10,57
frame=0,4,50,110,21,32,7,57
frame=0,5,385,175,29,31,10,55
frame=0,6,371,388,30,27,14,53
frame=0,7,415,175,29,31,17,55
frame=1,0,142,0,19,38,9,63
frame=1,1,0,0,29,39,16,64
frame=1,2,446,0,30,35,14,61
frame=1,3,162,0,29,38,11,63
frame=1,4,192,0,19,38,8,63
frame=1,5,115,40,29,34,11,59
frame=1,6,77,359,30,28,14,54
frame=1,7,145,40,29,34,16,59
frame=2,0,212,0,19,38,9,63
frame=2,1,30,0,29,39,16,64
frame=2,2,477,0,30,35,14,61
frame=2,3,232,0,29,38,11,63
frame=2,4,262,0,19,38,8,63
frame=2,5,175,40,29,34,11,59
frame=2,6,108,359,30,28,14,54
frame=2,7,205,40,29,34,16,59
frame=3,0,72,110,21,32,12,57
frame=3,1,439,40,29,33,17,57
frame=3,2,54,300,30,29,14,55
frame=3,3,469,40,29,33,10,57
frame=3,4,94,110,21,32,7,57
frame=3,5,445,175,29,31,10,55
frame=3,6,402,388,30,27,14,53
frame=3,7,475,175,29,31,17,55

[shoot]
frames=4
duration=600ms
type=play_once
frame=0,0,116,110,21,32,12,57
frame=0,1,0,76,29,33,17,57
frame=0,2,85,300,30,29,14,55
frame=0,3,30,76,29,33,10,57
frame=0,4,138,110,21,32,7,57
frame=0,5,0,207,29,31,10,55
frame=0,6,433,388,30,27,14,53
frame=0,7,30,207,29,31,17,55
frame=1,0,282,0,19,38,9,63
frame=1,1,60,0,29,39,16,64
frame=1,2,0,40,30,35,14,61
frame=1,3,302,0,29,38,11,63
frame=1,4,332,0,19,38,8,63
frame=1,5,235,40,29,34,11,59
frame=1,6,139,359,30,28,14,54
frame=1,7,265,40,29,34,16,59
frame=2,0,352,0,19,38,9,63
frame=2,1,90,0,29,39,16,64
frame=2,2,31,40,30,35,14,61
frame=2,3,372,0,29,38,11,63
frame=2,4,402,0,19,38,8,63
frame=2,5,295,40,29,34,11,59
frame=2,6,170,359,30,28,14,54
frame=2,7,325,40,29,34,16,59
frame=3,0,160,110,21,32,12,57
frame=3,1,60,76,29,33,17,57
frame=3,2,116,300,30,29,14,55
frame=3,3,90,76,29,33,10,57
frame=3,4,182,110,21,32,7,57
frame=3,5,60,207,29,31,10,55
frame=3,6,464,388,30,27,14,53
frame=3,7,90,207,29,31,17,55

[die]
frames=6
duration=900ms
type=play_once
frame=0,0,201,359,16,28,7,53
frame=0,1,120,207,24,31,11,55
frame=0,2,0,416,30,27,14,53
frame=0,3,145,207,24,31,11,55
frame=0,4,218,359,16,28,7,53
frame=0,5,433,239,24,30,11,55
frame=0,6,31,416,30,27,14,53
frame=0,7,458,239,24,30,11,55
frame=1,0,147,300,18,29,-1,53
frame=1,1,166,300,25,29,5,51
frame=1,2,62,416,28,27,13,49
frame=1,3,192,300,25,29,18,51
frame=1,4,218,300,18,29,17,53
frame=1,5,204,110,25,32,18,59
frame=1,6,235,359,28,28,13,58
frame=1,7,230,110,25,32,5,59
frame=2,0,483,239,24,30,-13,50
frame=2,1,393,416,29,26,-4,39
frame=2,2,186,444,28,23,13,35
frame=2,3,423,416,29,26,31,39
frame=2,4,237,300,24,29,35,49
frame=2,5,170,207,29,31,31,60
frame=2,6,91,416,28,27,13,62
frame=2,7,200,207,29,31,-4,60
frame=3,0,453,416,29,25,-27,34
frame=3,1,32,470,32,19,-14,17
frame=3,2,98,470,28,17,13,10
frame=3,3,65,470,32,19,44,17
frame=3,4,483,416,29,25,54,34
frame=3,5,264,359,32,28,44,50
frame=3,6,120,416,28,27,13,56
frame=3,7,297,359,32,28,-14,50
frame=4,0,300,444,28,22,-37,11
frame=4,1,0,444,31,25,-21,-5
frame=4,2,128,444,28,24,13,-13
frame=4,3,32,444,31,25,50,-5
frame=4,4,215,444,27,23,62,11
frame=4,5,329,444,31,22,50,27
frame=4,6,361,444,28,21,13,34
frame=4,7,390,444,31,21,-21,26
frame=5,0,243,444,28,23,-37,11
frame=5,1,64,444,31,25,-21,-5
frame=5,2,157,444,28,24,13,-13
frame=5,3,96,444,31,25,50,-5
frame=5,4,272,444,27,23,62,11
frame=5,5,422,444,31,21,50,26
frame=5,6,454,444,28,21,13,34
frame=5,7,0,470,31,21,-21,26
