image=custom_gear_cloth_gloves.png

[stance]
frames=4
duration=800ms
type=back_forth
frame=0,0,441,152,14,14,18,43
frame=0,1,386,199,10,10,21,44
frame=0,2,456,152,27,14,14,48
frame=0,3,200,223,10,8,-8,38
frame=0,4,269,44,16,23,-4,48
frame=0,5,474,44,27,21,4,43
frame=0,6,39,184,28,13,12,37
frame=0,7,484,152,21,14,16,39
frame=1,0,153,152,14,15,18,43
frame=1,1,194,212,10,9,21,43
frame=1,2,0,169,28,14,14,47
frame=1,3,205,212,10,9,-8,38
frame=1,4,286,44,16,23,-4,48
frame=1,5,318,71,27,20,4,42
frame=1,6,68,184,28,13,12,36
frame=1,7,29,169,21,14,16,39
frame=2,0,51,169,14,14,18,43
frame=2,1,216,212,10,9,21,44
frame=2,2,66,169,27,14,14,48
frame=2,3,0,71,13,21,-5,51
frame=2,4,153,44,16,24,-4,49
frame=2,5,346,71,27,20,4,43
frame=2,6,94,169,28,14,12,38
frame=2,7,123,169,21,14,16,40
frame=3,0,145,169,14,14,18,43
frame=3,1,397,199,10,10,21,44
frame=3,2,160,169,27,14,14,48
frame=3,3,211,223,10,8,-8,38
frame=3,4,303,44,16,23,-4,48
frame=3,5,14,71,27,21,4,43
frame=3,6,97,184,28,13,12,37
frame=3,7,188,169,21,14,16,39

[run]
frames=8
duration=640ms
type=looped
frame=0,0,126,184,13,13,16,44
frame=0,1,408,199,10,10,20,46
frame=0,2,28,93,30,19,14,52
frame=0,3,39,44,16,25,-2,53
frame=0,4,423,0,16,26,-2,50
frame=0,5,366,44,30,22,8,45
frame=0,6,168,152,30,15,14,40
frame=0,7,331,184,22,12,16,41
frame=1,0,227,212,12,9,18,42
frame=1,1,0,114,35,18,21,49
frame=1,2,361,0,30,28,14,55
frame=1,3,141,0,11,34,-2,57
frame=1,4,220,0,25,32,5,53
frame=1,5,170,44,35,24,12,47
frame=1,6,199,152,30,15,14,41
frame=1,7,419,199,16,10,11,40
frame=2,0,436,199,11,10,18,43
frame=2,1,42,71,37,21,21,50
frame=2,2,246,0,30,32,14,56
frame=2,3,109,0,10,37,-1,58
frame=2,4,153,0,27,34,7,54
frame=2,5,56,44,37,25,14,47
frame=2,6,210,169,30,14,14,41
frame=2,7,222,223,14,8,9,39
frame=3,0,240,212,12,9,18,42
frame=3,1,36,114,35,18,21,49
frame=3,2,392,0,30,28,14,55
frame=3,3,181,0,11,34,-2,57
frame=3,4,277,0,25,32,5,53
frame=3,5,206,44,35,24,12,47
frame=3,6,230,152,30,15,14,41
frame=3,7,448,199,16,10,11,40
frame=4,0,140,184,13,13,16,44
frame=4,1,465,199,10,10,20,46
frame=4,2,59,93,30,19,14,52
frame=4,3,94,44,16,25,-2,53
frame=4,4,440,0,16,26,-2,50
frame=4,5,397,44,30,22,8,45
frame=4,6,261,152,30,15,14,40
frame=4,7,354,184,22,12,16,41
frame=5,0,90,93,12,19,15,47
frame=5,1,253,212,10,9,19,42
frame=5,2,324,223,30,5,14,46
frame=5,3,237,223,9,8,-12,41
frame=5,4,374,71,12,20,-5,48
frame=5,5,72,114,26,18,5,43
frame=5,6,377,184,30,12,14,38
frame=5,7,461,133,26,16,19,42
frame=6,0,80,71,15,21,17,48
frame=6,1,387,71,18,20,18,51
frame=6,2,247,223,7,8,-9,49
frame=6,3,264,212,10,9,-13,43
frame=6,4,110,133,14,17,-5,46
frame=6,5,125,133,23,17,3,42
frame=6,6,476,199,30,10,14,37
frame=6,7,99,114,29,18,21,43
frame=7,0,103,93,12,19,15,47
frame=7,1,275,212,10,9,19,42
frame=7,2,355,223,30,5,14,46
frame=7,3,255,223,9,8,-12,41
frame=7,4,406,71,12,20,-5,48
frame=7,5,129,114,25,18,4,43
frame=7,6,408,184,30,12,14,38
frame=7,7,0,152,26,16,19,42

[swing]
frames=6
duration=600ms
type=play_once
frame=0,0,241,169,14,14,17,44
frame=0,1,0,212,10,10,20,45
frame=0,2,265,223,8,8,14,51
frame=0,3,428,44,15,22,-3,52
frame=0,4,320,44,15,23,-4,49
frame=0,5,419,71,27,20,5,44
frame=0,6,256,169,28,14,12,39
frame=0,7,439,184,22,12,16,40
frame=1,0,447,71,16,20,20,55
frame=1,1,462,184,9,12,20,63
frame=1,2,193,0,26,33,11,67
frame=1,3,36,0,16,39,-2,68
frame=1,4,120,0,20,37,-2,62
frame=1,5,303,0,29,32,7,55
frame=1,6,242,44,26,24,13,50
frame=1,7,116,93,16,19,16,50
frame=2,0,111,44,13,25,17,61
frame=2,1,165,199,9,11,18,66
frame=2,2,81,0,27,38,11,71
frame=2,3,0,0,17,43,-1,72
frame=2,4,18,0,17,43,-2,68
frame=2,5,53,0,27,39,7,62
frame=2,6,333,0,27,31,14,57
frame=2,7,457,0,17,26,16,57
frame=3,0,285,169,12,14,17,43
frame=3,1,286,212,10,9,22,44
frame=3,2,11,212,7,10,16,51
frame=3,3,133,93,15,19,-3,51
frame=3,4,336,44,13,23,-6,50
frame=3,5,96,71,26,21,2,45
frame=3,6,292,152,29,15,11,39
frame=3,7,472,184,23,12,16,39
frame=4,0,149,93,24,19,16,42
frame=4,1,464,71,10,20,10,44
frame=4,2,305,223,9,7,14,35
frame=4,3,297,212,30,9,13,41
frame=4,4,328,212,10,9,-8,37
frame=4,5,149,133,11,17,-1,41
frame=4,6,161,133,24,17,8,40
frame=4,7,298,169,30,14,15,38
frame=5,0,329,169,14,14,17,44
frame=5,1,19,212,10,10,20,45
frame=5,2,274,223,8,8,14,51
frame=5,3,444,44,15,22,-3,52
frame=5,4,350,44,15,23,-4,49
frame=5,5,475,71,27,20,5,44
frame=5,6,344,169,28,14,12,39
frame=5,7,0,199,22,12,16,40

[hit]
frames=2
duration=300ms
type=play_once
frame=0,0,373,169,14,14,18,43
frame=0,1,339,212,10,9,21,44
frame=0,2,27,152,30,16,14,48
frame=0,3,125,44,13,25,-4,52
frame=0,4,475,0,19,26,-1,49
frame=0,5,123,71,31,21,8,43
frame=0,6,154,184,30,13,14,38
frame=0,7,322,152,20,15,15,41
frame=1,0,388,169,14,14,18,43
frame=1,1,350,212,10,9,21,44
frame=1,2,58,152,30,16,14,48
frame=1,3,139,44,13,25,-4,52
frame=1,4,0,44,19,26,-1,49
frame=1,5,155,71,31,21,8,43
frame=1,6,185,184,30,13,14,38
frame=1,7,343,152,20,15,15,41

[block]
frames=2
duration=300ms
type=play_once
frame=0,0,283,223,11,8,13,36
frame=0,1,361,212,31,9,18,40
frame=0,2,30,212,8,10,-8,36
frame=0,3,39,212,8,10,-5,33
frame=0,4,20,44,18,26,3,47
frame=0,5,187,71,31,21,11,43
frame=0,6,216,184,30,13,14,38
frame=0,7,403,169,19,14,11,40
frame=1,0,219,71,10,21,16,59
frame=1,1,174,93,21,19,20,63
frame=1,2,247,184,25,13,14,62
frame=1,3,89,152,20,16,2,63
frame=1,4,155,114,10,18,-8,60
frame=1,5,423,169,21,14,-1,53
frame=1,6,175,199,25,11,9,49
frame=1,7,186,133,21,17,16,53

[cast]
frames=4
duration=600ms
type=play_once
frame=0,0,196,93,11,19,23,56
frame=0,1,166,114,24,18,25,62
frame=0,2,393,212,30,9,14,61
frame=0,3,191,114,24,18,-3,62
frame=0,4,208,93,11,19,-14,56
frame=0,5,208,133,26,17,-1,49
frame=0,6,424,212,30,9,14,42
frame=0,7,235,133,26,17,25,49
frame=1,0,230,71,10,21,16,70
frame=1,1,220,93,25,19,20,73
frame=1,2,201,199,30,11,14,71
frame=1,3,246,93,25,19,3,73
frame=1,4,241,71,10,21,-8,70
frame=1,5,216,114,25,18,3,64
frame=1,6,48,212,30,10,14,58
frame=1,7,242,114,25,18,20,64
frame=2,0,252,71,10,21,16,70
frame=2,1,272,93,24,19,19,73
frame=2,2,232,199,30,11,14,71
frame=2,3,297,93,24,19,3,73
frame=2,4,263,71,10,21,-8,70
frame=2,5,268,114,24,18,3,64
frame=2,6,79,212,30,10,14,58
frame=2,7,293,114,24,18,19,64
frame=3,0,322,93,11,19,23,56
frame=3,1,318,114,24,18,25,62
frame=3,2,455,212,30,9,14,61
frame=3,3,343,114,24,18,-3,62
frame=3,4,334,93,11,19,-14,56
frame=3,5,262,133,26,17,-1,49
frame=3,6,0,223,30,9,14,42
frame=3,7,289,133,26,17,25,49

[shoot]
frames=4
duration=600ms
type=play_once
frame=0,0,346,93,11,19,23,56
frame=0,1,368,114,24,18,25,62
frame=0,2,31,223,30,9,14,61
frame=0,3,393,114,24,18,-3,62
frame=0,4,358,93,11,19,-14,56
frame=0,5,316,133,26,17,-1,49
frame=0,6,62,223,30,9,14,42
frame=0,7,343,133,26,17,25,49
frame=1,0,274,71,10,21,16,70
frame=1,1,370,93,25,19,20,73
frame=1,2,263,199,30,11,14,71
frame=1,3,396,93,25,19,3,73
frame=1,4,285,71,10,21,-8,70
frame=1,5,418,114,25,18,3,64
frame=1,6,110,212,30,10,14,58
frame=1,7,444,114,25,18,20,64
frame=2,0,296,71,10,21,16,70
frame=2,1,422,93,24,19,19,73
frame=2,2,294,199,30,11,14,71
frame=2,3,447,93,24,19,3,73
frame=2,4,307,71,10,21,-8,70
frame=2,5,470,114,24,18,3,64
frame=2,6,141,212,30,10,14,58
frame=2,7,0,133,24,18,19,64
frame=3,0,472,93,11,19,23,56
frame=3,1,25,133,24,18,25,62
frame=3,2,93,223,30,9,14,61
frame=3,3,50,133,24,18,-3,62
frame=3,4,484,93,11,19,-14,56
frame=3,5,370,133,26,17,-1,49
frame=3,6,124,223,30,9,14,42
frame=3,7,397,133,26,17,25,49

[die]
frames=6
duration=900ms
type=play_once
frame=0,0,75,133,11,18,12,43
frame=0,1,295,223,9,8,17,38
frame=0,2,315,223,8,7,-8,39
frame=0,3,155,223,9,9,-8,36
frame=0,4,460,44,13,22,-1,45
frame=0,5,0,93,27,20,8,42
frame=0,6,23,199,30,12,14,37
frame=0,7,424,133,24,17,15,41
frame=1,0,445,169,11,14,6,44
frame=1,1,172,212,9,10,10,41
frame=1,2,386,223,3,3,-8,34
frame=1,3,110,152,12,16,1,45
frame=1,4,496,93,13,19,5,47
frame=1,5,87,133,22,18,10,46
frame=1,6,273,184,23,13,10,43
frame=1,7,297,184,20,13,9,44
frame=2,0,182,212,11,10,-10,42
frame=2,1,325,199,14,11,-3,38
frame=2,2,165,223,17,9,9,38
frame=2,3,123,152,16,16,18,41
frame=2,4,449,133,11,17,19,47
frame=2,5,364,152,17,15,18,51
frame=2,6,54,199,18,12,7,51
frame=2,7,183,223,16,9,-4,47
frame=3,0,73,199,12,12,-30,36
frame=3,1,86,199,12,12,-20,24
frame=3,2,457,169,14,14,7,20
frame=3,3,472,169,13,14,32,26
frame=3,4,140,152,12,16,40,39
frame=3,5,382,152,12,15,30,51
frame=3,6,486,169,14,14,5,55
frame=3,7,99,199,13,12,-21,49
frame=4,0,113,199,12,12,-48,14
frame=4,1,340,199,10,11,-32,-5
frame=4,2,351,199,11,11,6,-12
frame=4,3,126,199,12,12,44,-3
frame=4,4,0,184,12,14,58,17
frame=4,5,395,152,10,15,40,36
frame=4,6,406,152,11,15,3,43
frame=4,7,318,184,12,13,-34,34
frame=5,0,139,199,12,12,-48,14
frame=5,1,363,199,10,11,-32,-5
frame=5,2,374,199,11,11,6,-12
frame=5,3,152,199,12,12,44,-3
frame=5,4,13,184,12,14,58,17
frame=5,5,418,152,10,15,40,36
frame=5,6,429,152,11,15,3,43
frame=5,7,26,184,12,14,-34,34
