image=custom_gear_cloth_sandals.png

[stance]
frames=4
duration=800ms
type=back_forth
frame=0,0,411,164,11,5,7,-1
frame=0,1,465,136,17,8,9,3
frame=0,2,459,114,14,9,6,5
frame=0,3,483,136,17,8,6,3
frame=0,4,423,164,11,5,2,-1
frame=0,5,474,114,17,9,6,2
frame=0,6,0,146,14,8,6,2
frame=0,7,492,114,17,9,9,2
frame=1,0,435,164,11,5,7,-1
frame=1,1,15,146,17,8,9,2
frame=1,2,0,126,14,9,6,5
frame=1,3,33,146,17,8,6,2
frame=1,4,447,164,11,5,2,-1
frame=1,5,51,146,17,8,6,1
frame=1,6,69,146,14,8,6,2
frame=1,7,84,146,17,8,9,1
frame=2,0,15,126,11,9,7,3
frame=2,1,102,146,17,8,9,3
frame=2,2,120,146,14,8,6,5
frame=2,3,135,146,17,8,6,3
frame=2,4,153,146,11,8,2,3
frame=2,5,165,146,17,8,6,1
frame=2,6,27,126,14,9,6,3
frame=2,7,183,146,17,8,9,1
frame=3,0,459,164,11,5,7,-1
frame=3,1,201,146,17,8,9,3
frame=3,2,42,126,14,9,6,5
frame=3,3,219,146,17,8,6,3
frame=3,4,471,164,11,5,2,-1
frame=3,5,57,126,17,9,6,2
frame=3,6,237,146,14,8,6,2
frame=3,7,75,126,17,9,9,2

[run]
frames=8
duration=640ms
type=looped
frame=0,0,286,83,17,14,-5,12
frame=0,1,0,114,12,11,-4,6
frame=0,2,93,126,14,9,6,3
frame=0,3,413,63,21,15,18,8
frame=0,4,163,39,17,21,20,15
frame=0,5,150,39,12,22,14,20
frame=0,6,365,99,8,12,6,12
frame=0,7,88,63,21,18,1,18
frame=1,0,181,39,33,21,4,16
frame=1,1,13,114,32,11,7,6
frame=1,2,374,99,14,12,6,4
frame=1,3,35,99,22,13,18,6
frame=1,4,58,99,33,13,27,12
frame=1,5,455,0,32,23,23,20
frame=1,6,445,0,9,24,1,20
frame=1,7,313,0,22,28,2,23
frame=2,0,0,39,51,23,18,19
frame=2,1,46,114,45,11,17,8
frame=2,2,231,63,14,16,6,8
frame=2,3,148,63,35,17,21,11
frame=2,4,246,63,51,16,31,16
frame=2,5,211,0,45,32,26,26
frame=2,6,303,0,9,31,1,22
frame=2,7,0,0,35,38,12,29
frame=3,0,359,0,42,27,12,22
frame=3,1,92,99,39,13,13,11
frame=3,2,92,114,14,11,6,6
frame=3,3,389,99,29,12,19,9
frame=3,4,357,39,42,20,28,18
frame=3,5,132,0,39,34,24,28
frame=3,6,483,164,7,5,-1,-3
frame=3,7,36,0,29,38,8,30
frame=4,0,215,39,17,21,-5,15
frame=4,1,435,63,21,15,1,8
frame=4,2,108,126,14,9,6,3
frame=4,3,107,114,12,11,14,6
frame=4,4,304,83,17,14,20,12
frame=4,5,110,63,21,18,18,18
frame=4,6,457,63,9,15,1,15
frame=4,7,52,39,12,23,-4,20
frame=5,0,132,99,33,13,4,12
frame=5,1,166,99,22,13,2,6
frame=5,2,419,99,14,12,6,4
frame=5,3,120,114,32,11,23,6
frame=5,4,233,39,33,21,27,16
frame=5,5,336,0,22,28,18,23
frame=5,6,153,114,8,11,6,7
frame=5,7,65,39,32,23,7,20
frame=6,0,298,63,51,16,18,16
frame=6,1,184,63,35,17,12,11
frame=6,2,400,39,14,20,6,12
frame=6,3,162,114,45,11,26,8
frame=6,4,98,39,51,23,31,19
frame=6,5,66,0,35,38,21,29
frame=6,6,252,146,8,8,6,-1
frame=6,7,257,0,45,32,17,26
frame=7,0,415,39,42,20,12,18
frame=7,1,434,99,29,12,8,9
frame=7,2,189,99,14,13,6,8
frame=7,3,204,99,38,13,24,11
frame=7,4,402,0,42,27,28,22
frame=7,5,102,0,29,38,19,30
frame=7,6,267,114,8,10,6,2
frame=7,7,172,0,38,34,12,28

[swing]
frames=6
duration=600ms
type=play_once
frame=0,0,467,63,31,15,19,8
frame=0,1,458,39,21,20,13,12
frame=0,2,267,39,14,21,6,14
frame=0,3,322,83,31,14,11,9
frame=0,4,123,126,31,9,10,4
frame=0,5,354,83,21,14,6,6
frame=0,6,276,114,14,10,6,1
frame=0,7,291,114,31,10,18,4
frame=1,0,0,83,31,15,20,8
frame=1,1,0,63,21,19,13,12
frame=1,2,282,39,14,21,6,14
frame=1,3,32,83,31,15,11,10
frame=1,4,155,126,31,9,9,4
frame=1,5,376,83,21,14,6,6
frame=1,6,323,114,14,10,6,1
frame=1,7,187,126,31,9,18,3
frame=2,0,64,83,31,15,20,8
frame=2,1,22,63,21,19,14,12
frame=2,2,297,39,14,21,6,15
frame=2,3,96,83,30,15,10,10
frame=2,4,219,126,31,9,9,4
frame=2,5,243,99,21,13,5,5
frame=2,6,251,126,14,9,6,0
frame=2,7,266,126,30,9,18,3
frame=3,0,127,83,31,15,20,8
frame=3,1,44,63,21,19,14,12
frame=3,2,312,39,14,21,6,15
frame=3,3,159,83,30,15,10,10
frame=3,4,297,126,31,9,9,4
frame=3,5,265,99,21,13,5,5
frame=3,6,329,126,14,9,6,0
frame=3,7,344,126,30,9,18,3
frame=4,0,190,83,31,15,20,8
frame=4,1,66,63,21,19,13,12
frame=4,2,327,39,14,21,6,14
frame=4,3,222,83,31,15,11,10
frame=4,4,375,126,31,9,9,4
frame=4,5,398,83,21,14,6,6
frame=4,6,338,114,14,10,6,1
frame=4,7,407,126,31,9,18,3
frame=5,0,254,83,31,15,19,8
frame=5,1,480,39,21,20,13,12
frame=5,2,342,39,14,21,6,14
frame=5,3,420,83,31,14,11,9
frame=5,4,439,126,31,9,10,4
frame=5,5,452,83,21,14,6,6
frame=5,6,353,114,14,10,6,1
frame=5,7,368,114,31,10,18,4

[hit]
frames=2
duration=300ms
type=play_once
frame=0,0,261,146,11,8,7,3
frame=0,1,273,146,17,8,9,3
frame=0,2,291,146,14,8,6,5
frame=0,3,306,146,17,8,6,3
frame=0,4,324,146,11,8,2,3
frame=0,5,336,146,17,8,6,1
frame=0,6,471,126,14,9,6,3
frame=0,7,354,146,17,8,9,1
frame=1,0,372,146,11,8,7,3
frame=1,1,384,146,17,8,9,3
frame=1,2,402,146,14,8,6,5
frame=1,3,417,146,17,8,6,3
frame=1,4,435,146,11,8,2,3
frame=1,5,447,146,17,8,6,1
frame=1,6,486,126,14,9,6,3
frame=1,7,465,146,17,8,9,1

[block]
frames=2
duration=300ms
type=play_once
frame=0,0,483,146,11,8,7,3
frame=0,1,495,146,17,8,9,3
frame=0,2,0,155,14,8,6,5
frame=0,3,15,155,17,8,6,3
frame=0,4,33,155,11,8,2,3
frame=0,5,45,155,17,8,6,1
frame=0,6,0,136,14,9,6,3
frame=0,7,63,155,17,8,9,1
frame=1,0,400,114,12,10,7,4
frame=1,1,375,164,17,7,9,1
frame=1,2,15,136,14,9,6,4
frame=1,3,393,164,17,7,6,1
frame=1,4,413,114,12,10,3,4
frame=1,5,30,136,17,9,6,1
frame=1,6,81,155,14,8,6,2
frame=1,7,48,136,17,9,9,1

[cast]
frames=4
duration=600ms
type=play_once
frame=0,0,96,155,11,8,7,3
frame=0,1,108,155,17,8,9,3
frame=0,2,126,155,14,8,6,5
frame=0,3,141,155,17,8,6,3
frame=0,4,159,155,11,8,2,3
frame=0,5,171,155,17,8,6,1
frame=0,6,66,136,14,9,6,3
frame=0,7,189,155,17,8,9,1
frame=1,0,491,164,11,5,7,0
frame=1,1,81,136,17,9,9,4
frame=1,2,99,136,14,9,6,6
frame=1,3,114,136,17,9,6,4
frame=1,4,0,173,11,5,2,0
frame=1,5,207,155,17,8,6,2
frame=1,6,225,155,14,8,6,3
frame=1,7,240,155,17,8,9,2
frame=2,0,12,173,11,5,7,0
frame=2,1,132,136,17,9,9,4
frame=2,2,150,136,14,9,6,6
frame=2,3,165,136,17,9,6,4
frame=2,4,24,173,11,5,2,0
frame=2,5,258,155,17,8,6,2
frame=2,6,276,155,14,8,6,3
frame=2,7,291,155,17,8,9,2
frame=3,0,309,155,11,8,7,3
frame=3,1,321,155,17,8,9,3
frame=3,2,339,155,14,8,6,5
frame=3,3,354,155,17,8,6,3
frame=3,4,372,155,11,8,2,3
frame=3,5,384,155,17,8,6,1
frame=3,6,183,136,14,9,6,3
frame=3,7,402,155,17,8,9,1

[shoot]
frames=4
duration=600ms
type=play_once
frame=0,0,420,155,11,8,7,3
frame=0,1,432,155,17,8,9,3
frame=0,2,450,155,14,8,6,5
frame=0,3,465,155,17,8,6,3
frame=0,4,483,155,11,8,2,3
frame=0,5,495,155,17,8,6,1
frame=0,6,198,136,14,9,6,3
frame=0,7,0,164,17,8,9,1
frame=1,0,36,173,11,5,7,0
frame=1,1,213,136,17,9,9,4
frame=1,2,231,136,14,9,6,6
frame=1,3,246,136,17,9,6,4
frame=1,4,48,173,11,5,2,0
frame=1,5,18,164,17,8,6,2
frame=1,6,36,164,14,8,6,3
frame=1,7,51,164,17,8,9,2
frame=2,0,60,173,11,5,7,0
frame=2,1,264,136,17,9,9,4
frame=2,2,282,136,14,9,6,6
frame=2,3,297,136,17,9,6,4
frame=2,4,72,173,11,5,2,0
frame=2,5,69,164,17,8,6,2
frame=2,6,87,164,14,8,6,3
frame=2,7,102,164,17,8,9,2
frame=3,0,120,164,11,8,7,3
frame=3,1,132,164,17,8,9,3
frame=3,2,150,164,14,8,6,5
frame=3,3,165,164,17,8,6,3
frame=3,4,183,164,11,8,2,3
frame=3,5,195,164,17,8,6,1
frame=3,6,315,136,14,9,6,3
frame=3,7,213,164,17,8,9,1

[die]
frames=6
duration=900ms
type=play_once
frame=0,0,231,164,11,8,7,3
frame=0,1,243,164,17,8,9,3
frame=0,2,261,164,14,8,6,5
frame=0,3,276,164,17,8,6,3
frame=0,4,294,164,11,8,2,3
frame=0,5,306,164,17,8,6,1
frame=0,6,330,136,14,9,6,3
frame=0,7,324,164,17,8,9,1
frame=1,0,208,114,12,11,7,6
frame=1,1,342,164,17,8,9,4
frame=1,2,345,136,14,9,6,6
frame=1,3,360,136,17,9,6,4
frame=1,4,221,114,12,11,3,6
frame=1,5,378,136,17,9,6,4
frame=1,6,360,164,14,8,6,4
frame=1,7,396,136,17,9,9,4
frame=2,0,464,99,11,12,6,8
frame=2,1,426,114,16,10,9,6
frame=2,2,234,114,14,11,6,8
frame=2,3,287,99,16,13,6,8
frame=2,4,474,83,12,14,4,9
frame=2,5,414,136,18,9,7,6
frame=2,6,84,173,14,5,6,4
frame=2,7,433,136,16,9,8,6
frame=3,0,487,83,11,14,4,10
frame=3,1,304,99,13,13,7,9
frame=3,2,99,173,1,1,80,112
frame=3,3,350,63,10,16,2,10
frame=3,4,220,63,10,17,4,11
frame=3,5,318,99,16,13,7,9
frame=3,6,450,136,14,9,6,7
frame=3,7,443,114,15,10,6,8
frame=4,0,499,83,8,14,-1,9
frame=4,1,0,99,12,14,3,8
frame=4,2,249,114,8,11,0,5
frame=4,3,361,63,12,16,7,9
frame=4,4,132,63,7,18,6,11
frame=4,5,374,63,12,16,7,11
frame=4,6,335,99,14,13,6,10
frame=4,7,476,99,14,12,3,9
frame=5,0,13,99,8,14,-1,9
frame=5,1,22,99,12,14,3,8
frame=5,2,258,114,8,11,0,5
frame=5,3,387,63,12,16,7,9
frame=5,4,140,63,7,18,6,11
frame=5,5,400,63,12,16,7,11
frame=5,6,350,99,14,13,6,10
frame=5,7,491,99,14,12,3,9
