image=custom_gear_club.png

[stance]
frames=4
duration=800ms
type=back_forth
frame=0,0,225,60,13,25,17,54
frame=0,1,141,87,11,23,20,59
frame=0,2,441,134,7,15,13,64
frame=0,3,253,182,9,8,5,66
frame=0,4,314,31,13,26,-6,65
frame=0,5,48,0,11,29,-11,61
frame=0,6,60,0,7,29,-8,55
frame=0,7,327,0,12,28,5,53
frame=1,0,328,31,13,26,17,54
frame=1,1,314,60,11,24,20,59
frame=1,2,449,134,7,15,13,64
frame=1,3,263,182,8,8,4,66
frame=1,4,342,31,13,26,-6,65
frame=1,5,340,0,11,28,-11,60
frame=1,6,0,0,7,30,-8,55
frame=1,7,352,0,11,28,5,52
frame=2,0,356,31,14,26,17,55
frame=2,1,153,87,12,23,20,59
frame=2,2,457,134,7,15,13,64
frame=2,3,470,169,9,9,5,67
frame=2,4,239,60,14,25,-5,65
frame=2,5,364,0,12,28,-10,61
frame=2,6,68,0,7,29,-8,56
frame=2,7,76,0,12,29,5,54
frame=3,0,254,60,13,25,17,54
frame=3,1,166,87,11,23,20,59
frame=3,2,465,134,7,15,13,64
frame=3,3,272,182,9,8,5,66
frame=3,4,371,31,13,26,-6,65
frame=3,5,89,0,11,29,-11,61
frame=3,6,101,0,7,29,-8,55
frame=3,7,377,0,12,28,5,53

[run]
frames=8
duration=640ms
type=looped
frame=0,0,326,60,18,24,16,55
frame=0,1,127,112,15,20,20,58
frame=0,2,473,134,7,15,13,62
frame=0,3,474,112,13,18,8,66
frame=0,4,345,60,18,24,0,66
frame=0,5,109,0,15,29,-7,64
frame=0,6,8,0,7,30,-8,59
frame=0,7,390,0,14,28,4,56
frame=1,0,299,87,23,22,18,56
frame=1,1,208,134,18,16,21,58
frame=1,2,399,153,7,12,13,61
frame=1,3,227,134,18,16,10,65
frame=1,4,323,87,23,22,3,67
frame=1,5,108,31,18,27,-5,65
frame=1,6,125,0,7,29,-8,61
frame=1,7,127,31,18,27,6,57
frame=2,0,143,112,24,20,18,55
frame=2,1,481,134,19,15,21,57
frame=2,2,262,169,7,10,13,60
frame=2,3,104,153,19,14,11,64
frame=2,4,168,112,24,20,4,66
frame=2,5,146,31,19,27,-4,65
frame=2,6,133,0,7,29,-8,61
frame=2,7,385,31,19,26,6,57
frame=3,0,347,87,23,22,18,56
frame=3,1,246,134,18,16,21,58
frame=3,2,407,153,7,12,13,61
frame=3,3,265,134,18,16,10,65
frame=3,4,371,87,23,22,3,67
frame=3,5,166,31,18,27,-5,65
frame=3,6,141,0,7,29,-8,61
frame=3,7,185,31,18,27,6,57
frame=4,0,364,60,18,24,16,55
frame=4,1,193,112,15,20,20,58
frame=4,2,501,134,7,15,13,62
frame=4,3,488,112,13,18,8,66
frame=4,4,383,60,18,24,0,66
frame=4,5,149,0,15,29,-7,64
frame=4,6,16,0,7,30,-8,59
frame=4,7,405,0,14,28,4,56
frame=5,0,405,31,14,26,14,54
frame=5,1,178,87,12,23,18,57
frame=5,2,0,153,7,15,13,62
frame=5,3,480,169,9,9,7,65
frame=5,4,420,31,14,26,-2,65
frame=5,5,420,0,12,28,-8,61
frame=5,6,24,0,7,30,-8,57
frame=5,7,165,0,12,29,3,54
frame=6,0,435,31,11,26,12,52
frame=6,1,268,60,10,25,17,56
frame=6,2,8,153,7,15,13,61
frame=6,3,282,182,8,8,6,64
frame=6,4,447,31,11,26,-3,63
frame=6,5,433,0,10,28,-9,59
frame=6,6,178,0,7,29,-8,55
frame=6,7,444,0,10,28,2,52
frame=7,0,459,31,14,26,14,54
frame=7,1,191,87,12,23,18,57
frame=7,2,16,153,7,15,13,62
frame=7,3,490,169,9,9,7,65
frame=7,4,474,31,14,26,-2,65
frame=7,5,455,0,12,28,-8,61
frame=7,6,186,0,7,29,-8,56
frame=7,7,194,0,12,29,3,54

[swing]
frames=6
duration=600ms
type=play_once
frame=0,0,489,31,14,26,16,56
frame=0,1,204,87,11,23,19,60
frame=0,2,502,112,7,18,13,65
frame=0,3,463,87,11,21,5,68
frame=0,4,0,60,14,26,-4,67
frame=0,5,207,0,11,29,-10,63
frame=0,6,32,0,7,30,-8,58
frame=0,7,468,0,11,28,4,55
frame=1,0,415,153,28,12,21,60
frame=1,1,291,182,18,8,20,62
frame=1,2,500,169,11,9,14,66
frame=1,3,0,182,25,9,12,69
frame=1,4,8,134,28,17,5,72
frame=1,5,402,60,18,24,-4,71
frame=1,6,279,60,11,25,-5,67
frame=1,7,475,87,25,21,11,63
frame=2,0,310,182,29,8,18,59
frame=2,1,124,153,16,14,16,65
frame=2,2,24,153,14,15,17,70
frame=2,3,270,169,27,10,17,70
frame=2,4,444,153,29,12,9,72
frame=2,5,422,112,17,19,-2,73
frame=2,6,209,112,14,20,-5,69
frame=2,7,141,153,27,14,8,63
frame=3,0,204,31,12,27,16,56
frame=3,1,291,60,11,25,21,61
frame=3,2,224,112,8,20,15,66
frame=3,3,474,153,9,12,5,69
frame=3,4,15,60,12,26,-6,68
frame=3,5,480,0,11,28,-12,63
frame=3,6,219,0,8,29,-9,57
frame=3,7,492,0,10,28,3,54
frame=4,0,395,87,17,22,12,44
frame=4,1,28,60,17,26,20,49
frame=4,2,228,0,11,29,18,56
frame=4,3,240,0,10,29,10,60
frame=4,4,284,134,11,16,-3,60
frame=4,5,233,112,14,20,-8,54
frame=4,6,37,134,11,17,-9,47
frame=4,7,49,134,10,17,-2,43
frame=5,0,46,60,14,26,16,56
frame=5,1,216,87,11,23,19,60
frame=5,2,0,134,7,18,13,65
frame=5,3,501,87,11,21,5,68
frame=5,4,61,60,14,26,-4,67
frame=5,5,251,0,11,29,-10,63
frame=5,6,40,0,7,30,-8,58
frame=5,7,0,31,11,28,4,55

[hit]
frames=2
duration=300ms
type=play_once
frame=0,0,76,60,14,26,17,55
frame=0,1,228,87,12,23,20,59
frame=0,2,39,153,7,15,13,64
frame=0,3,340,182,9,8,5,67
frame=0,4,91,60,14,26,-5,66
frame=0,5,12,31,12,28,-10,61
frame=0,6,263,0,7,29,-8,56
frame=0,7,271,0,12,29,5,54
frame=1,0,106,60,14,26,17,55
frame=1,1,241,87,12,23,20,59
frame=1,2,47,153,7,15,13,64
frame=1,3,350,182,9,8,5,67
frame=1,4,121,60,14,26,-5,66
frame=1,5,25,31,12,28,-10,61
frame=1,6,284,0,7,29,-8,56
frame=1,7,292,0,12,29,5,54

[block]
frames=2
duration=300ms
type=play_once
frame=0,0,136,60,10,26,12,53
frame=0,1,303,60,10,25,17,57
frame=0,2,169,153,7,14,13,62
frame=0,3,26,182,8,9,6,65
frame=0,4,217,31,10,27,-4,64
frame=0,5,38,31,10,28,-9,60
frame=0,6,49,31,7,28,-8,55
frame=0,7,57,31,10,28,2,53
frame=1,0,232,169,29,11,17,53
frame=1,1,298,169,23,10,20,54
frame=1,2,484,153,7,12,13,59
frame=1,3,35,182,23,9,16,61
frame=1,4,0,169,29,12,10,64
frame=1,5,248,112,23,20,1,65
frame=1,6,254,87,7,23,-8,62
frame=1,7,440,112,23,19,5,57

[cast]
frames=4
duration=600ms
type=play_once
frame=0,0,60,134,27,17,24,55
frame=0,1,322,169,21,10,25,57
frame=0,2,360,182,7,8,13,61
frame=0,3,344,169,21,10,9,65
frame=0,4,296,134,27,16,1,65
frame=0,5,421,60,21,24,-6,63
frame=0,6,228,31,7,27,-8,59
frame=0,7,443,60,21,24,10,56
frame=1,0,279,153,29,13,17,59
frame=1,1,0,112,22,21,20,66
frame=1,2,262,87,7,23,13,71
frame=1,3,272,112,23,20,16,73
frame=1,4,30,169,29,12,10,69
frame=1,5,368,182,22,8,0,65
frame=1,6,60,169,7,12,-8,63
frame=1,7,59,182,23,9,5,58
frame=2,0,309,153,29,13,17,59
frame=2,1,23,112,22,21,20,66
frame=2,2,465,60,7,24,13,72
frame=2,3,296,112,23,20,16,73
frame=2,4,68,169,29,12,10,69
frame=2,5,391,182,22,8,0,65
frame=2,6,98,169,7,12,-8,63
frame=2,7,83,182,23,9,5,58
frame=3,0,88,134,27,17,24,55
frame=3,1,366,169,21,10,25,57
frame=3,2,414,182,7,8,13,61
frame=3,3,107,182,21,9,9,65
frame=3,4,324,134,27,16,1,65
frame=3,5,473,60,21,24,-6,63
frame=3,6,236,31,7,27,-8,59
frame=3,7,0,87,21,24,10,56

[shoot]
frames=4
duration=600ms
type=play_once
frame=0,0,116,134,27,17,24,55
frame=0,1,388,169,21,10,25,57
frame=0,2,422,182,7,8,13,61
frame=0,3,410,169,21,10,9,65
frame=0,4,352,134,27,16,1,65
frame=0,5,22,87,21,24,-6,63
frame=0,6,244,31,7,27,-8,59
frame=0,7,44,87,21,24,10,56
frame=1,0,339,153,29,13,17,59
frame=1,1,46,112,22,21,20,66
frame=1,2,270,87,7,23,13,71
frame=1,3,320,112,23,20,16,73
frame=1,4,106,169,29,12,10,69
frame=1,5,430,182,22,8,0,65
frame=1,6,136,169,7,12,-8,63
frame=1,7,129,182,23,9,5,58
frame=2,0,369,153,29,13,17,59
frame=2,1,69,112,22,21,20,66
frame=2,2,66,87,7,24,13,72
frame=2,3,344,112,23,20,16,73
frame=2,4,144,169,29,12,10,69
frame=2,5,453,182,22,8,0,65
frame=2,6,174,169,7,12,-8,63
frame=2,7,153,182,23,9,5,58
frame=3,0,144,134,27,17,24,55
frame=3,1,432,169,21,10,25,57
frame=3,2,476,182,7,8,13,61
frame=3,3,177,182,21,9,9,65
frame=3,4,380,134,27,16,1,65
frame=3,5,74,87,21,24,-6,63
frame=3,6,252,31,7,27,-8,59
frame=3,7,96,87,21,24,10,56

[die]
frames=6
duration=900ms
type=play_once
frame=0,0,147,60,9,26,14,51
frame=0,1,68,31,8,28,18,57
frame=0,2,77,31,7,28,13,62
frame=0,3,86,192,8,5,3,64
frame=0,4,260,31,9,27,-7,62
frame=0,5,157,60,8,26,-12,57
frame=0,6,278,87,7,23,-8,51
frame=0,7,166,60,8,26,3,49
frame=1,0,286,87,12,23,5,53
frame=1,1,92,112,8,21,10,54
frame=1,2,408,134,10,16,15,58
frame=1,3,199,182,9,9,13,63
frame=1,4,85,31,12,28,5,65
frame=1,5,305,0,8,29,-4,64
frame=1,6,314,0,12,29,-5,61
frame=1,7,175,60,15,26,0,56
frame=2,0,177,153,22,14,-10,48
frame=2,1,209,182,9,9,-4,41
frame=2,2,454,169,15,10,17,42
frame=2,3,172,134,25,17,32,51
frame=2,4,118,87,22,24,30,63
frame=2,5,98,31,9,28,11,70
frame=2,6,270,31,17,27,-2,69
frame=2,7,101,112,25,21,-9,60
frame=3,0,200,153,25,14,-32,35
frame=3,1,198,134,9,17,-21,22
frame=3,2,55,153,21,15,20,19
frame=3,3,0,192,29,8,51,25
frame=3,4,226,153,25,14,55,46
frame=3,5,464,112,9,19,28,62
frame=3,6,419,134,21,16,-1,64
frame=3,7,30,192,29,8,-24,50
frame=4,0,191,60,16,26,-53,14
frame=4,1,288,31,12,27,-29,-5
frame=4,2,413,87,24,22,22,-12
frame=4,3,77,153,26,15,62,-3
frame=4,4,219,182,16,9,67,16
frame=4,5,60,192,12,8,39,35
frame=4,6,182,169,24,12,0,42
frame=4,7,368,112,26,20,-38,34
frame=5,0,208,60,16,26,-53,14
frame=5,1,301,31,12,27,-29,-5
frame=5,2,438,87,24,22,22,-12
frame=5,3,252,153,26,14,62,-4
frame=5,4,236,182,16,9,67,16
frame=5,5,73,192,12,8,39,35
frame=5,6,207,169,24,12,0,42
frame=5,7,395,112,26,20,-38,34
