image=custom_gear_custom_body.png

[stance]
frames=4
duration=800ms
type=back_forth
frame=0,0,0,641,25,66,17,61
frame=0,1,26,641,31,66,20,61
frame=0,2,58,641,29,66,14,62
frame=0,3,88,641,27,66,10,61
frame=0,4,116,641,25,66,6,61
frame=0,5,167,296,31,68,9,61
frame=0,6,89,504,29,67,13,61
frame=0,7,199,296,27,68,15,61
frame=1,0,119,504,26,67,18,61
frame=1,1,142,641,32,66,21,61
frame=1,2,157,842,29,65,14,61
frame=1,3,175,641,26,66,9,61
frame=1,4,146,504,26,67,6,61
frame=1,5,227,296,32,68,9,61
frame=1,6,173,504,29,67,13,61
frame=1,7,260,296,26,68,15,61
frame=2,0,203,504,25,67,17,62
frame=2,1,202,641,32,66,20,61
frame=2,2,187,842,29,65,14,62
frame=2,3,235,641,27,66,10,61
frame=2,4,229,504,25,67,6,62
frame=2,5,42,225,32,69,10,62
frame=2,6,287,296,29,68,13,62
frame=2,7,75,225,27,69,15,62
frame=3,0,263,641,25,66,17,61
frame=3,1,289,641,31,66,20,61
frame=3,2,321,641,29,66,14,62
frame=3,3,351,641,27,66,10,61
frame=3,4,379,641,25,66,6,61
frame=3,5,317,296,31,68,9,61
frame=3,6,255,504,29,67,13,61
frame=3,7,349,296,27,68,15,61

[run]
frames=8
duration=640ms
type=looped
frame=0,0,379,975,38,63,16,61
frame=0,1,257,909,34,64,19,59
frame=0,2,217,842,30,65,14,59
frame=0,3,405,641,35,66,18,59
frame=0,4,441,641,38,66,20,61
frame=0,5,248,842,34,65,13,63
frame=0,6,418,975,30,63,14,64
frame=0,7,449,975,35,63,15,63
frame=1,0,283,842,45,65,17,61
frame=1,1,0,1040,45,63,20,59
frame=1,2,480,641,30,66,14,58
frame=1,3,0,708,30,66,18,59
frame=1,4,337,1040,45,62,26,61
frame=1,5,329,842,45,65,23,63
frame=1,6,31,708,30,66,14,63
frame=1,7,377,296,30,68,10,63
frame=2,0,292,909,50,64,18,60
frame=2,1,86,1104,48,61,21,58
frame=2,2,375,842,30,65,14,58
frame=2,3,46,1040,33,63,20,58
frame=2,4,334,1104,50,60,30,60
frame=2,5,408,296,48,68,25,62
frame=2,6,348,78,30,71,14,62
frame=2,7,180,153,33,70,11,62
frame=3,0,62,708,47,66,17,61
frame=3,1,135,1104,46,61,20,59
frame=3,2,80,1040,30,63,14,58
frame=3,3,383,1040,31,62,19,59
frame=3,4,415,1040,47,62,28,61
frame=3,5,457,296,46,68,24,63
frame=3,6,214,153,30,70,14,63
frame=3,7,379,78,31,71,10,63
frame=4,0,110,708,38,66,16,61
frame=4,1,149,708,39,66,19,59
frame=4,2,406,842,30,65,14,59
frame=4,3,343,909,30,64,13,59
frame=4,4,111,1040,38,63,20,61
frame=4,5,150,1040,39,63,18,63
frame=4,6,190,1040,30,63,14,64
frame=4,7,437,842,30,65,15,63
frame=5,0,463,1040,43,62,15,61
frame=5,1,189,708,38,66,18,59
frame=5,2,228,708,30,66,14,58
frame=5,3,221,1040,44,63,23,59
frame=5,4,468,842,43,65,26,61
frame=5,5,0,366,38,68,18,63
frame=5,6,259,708,30,66,14,63
frame=5,7,0,909,44,65,19,63
frame=6,0,385,1104,50,60,18,60
frame=6,1,266,1040,39,63,17,58
frame=6,2,45,909,30,65,14,58
frame=6,3,182,1104,47,61,25,58
frame=6,4,374,909,50,64,30,60
frame=6,5,245,153,39,70,20,62
frame=6,6,411,78,30,71,14,62
frame=6,7,39,366,47,68,20,62
frame=7,0,0,1104,45,62,15,61
frame=7,1,46,1104,39,62,18,59
frame=7,2,306,1040,30,63,14,58
frame=7,3,230,1104,45,61,24,59
frame=7,4,290,708,45,66,28,61
frame=7,5,442,78,39,71,19,63
frame=7,6,285,153,30,70,14,63
frame=7,7,87,366,45,68,19,63

[swing]
frames=6
duration=600ms
type=play_once
frame=0,0,285,504,31,67,19,61
frame=0,1,336,708,33,66,20,59
frame=0,2,370,708,29,66,14,59
frame=0,3,425,909,30,64,11,59
frame=0,4,76,909,31,65,10,61
frame=0,5,316,153,33,70,11,62
frame=0,6,228,78,29,72,13,63
frame=0,7,317,504,30,67,17,62
frame=1,0,400,708,31,66,20,60
frame=1,1,103,225,33,69,19,62
frame=1,2,140,78,28,73,13,67
frame=1,3,258,78,30,72,10,67
frame=1,4,432,708,31,66,9,62
frame=1,5,350,153,33,70,12,62
frame=1,6,482,78,28,71,13,62
frame=1,7,133,366,30,68,18,62
frame=2,0,464,708,31,66,20,60
frame=2,1,169,78,31,73,17,66
frame=2,2,256,0,28,76,13,70
frame=2,3,285,0,30,75,10,71
frame=2,4,0,153,31,71,9,67
frame=2,5,384,153,31,70,12,62
frame=2,6,32,153,28,71,13,62
frame=2,7,348,504,30,67,18,61
frame=3,0,379,504,31,67,20,61
frame=3,1,411,504,32,67,21,60
frame=3,2,108,909,30,65,15,59
frame=3,3,456,909,31,64,11,60
frame=3,4,0,975,31,64,9,60
frame=3,5,416,153,32,70,9,62
frame=3,6,61,153,30,71,13,62
frame=3,7,164,366,31,68,18,62
frame=4,0,196,366,32,68,19,62
frame=4,1,444,504,23,67,13,60
frame=4,2,139,909,29,65,14,59
frame=4,3,32,975,34,64,14,59
frame=4,4,67,975,32,64,11,60
frame=4,5,137,225,23,69,8,61
frame=4,6,92,153,29,71,13,62
frame=4,7,229,366,34,68,18,62
frame=5,0,468,504,31,67,19,61
frame=5,1,0,775,33,66,20,59
frame=5,2,34,775,29,66,14,59
frame=5,3,100,975,30,64,11,59
frame=5,4,169,909,31,65,10,61
frame=5,5,449,153,33,70,11,62
frame=5,6,289,78,29,72,13,63
frame=5,7,0,573,30,67,17,62

[hit]
frames=2
duration=300ms
type=play_once
frame=0,0,31,573,25,67,17,62
frame=0,1,64,775,32,66,20,61
frame=0,2,131,975,30,64,14,61
frame=0,3,97,775,27,66,10,61
frame=0,4,57,573,25,67,6,62
frame=0,5,264,366,32,68,10,62
frame=0,6,297,366,30,68,14,62
frame=0,7,328,366,27,68,15,62
frame=1,0,83,573,25,67,17,62
frame=1,1,125,775,32,66,20,61
frame=1,2,162,975,30,64,14,61
frame=1,3,158,775,27,66,10,61
frame=1,4,109,573,25,67,6,62
frame=1,5,356,366,32,68,10,62
frame=1,6,389,366,30,68,14,62
frame=1,7,420,366,27,68,15,62

[block]
frames=2
duration=300ms
type=play_once
frame=0,0,135,573,21,67,13,62
frame=0,1,186,775,29,66,17,61
frame=0,2,193,975,30,64,14,61
frame=0,3,216,775,24,66,11,61
frame=0,4,157,573,21,67,6,62
frame=0,5,448,366,29,68,10,62
frame=0,6,478,366,30,68,14,62
frame=0,7,0,435,24,68,11,62
frame=1,0,241,775,27,66,16,60
frame=1,1,25,435,32,68,19,62
frame=1,2,179,573,29,67,14,62
frame=1,3,58,435,29,68,11,62
frame=1,4,269,775,27,66,9,60
frame=1,5,161,225,32,69,11,62
frame=1,6,194,225,29,69,13,63
frame=1,7,224,225,29,69,16,62

[cast]
frames=4
duration=600ms
type=play_once
frame=0,0,209,573,31,67,23,62
frame=0,1,297,775,35,66,24,61
frame=0,2,224,975,30,64,14,61
frame=0,3,333,775,35,66,9,61
frame=0,4,241,573,31,67,6,62
frame=0,5,88,435,35,68,9,62
frame=0,6,124,435,30,68,14,62
frame=0,7,155,435,35,68,24,62
frame=1,0,316,0,25,74,15,69
frame=1,1,0,0,31,77,19,73
frame=1,2,342,0,30,74,14,71
frame=1,3,32,0,31,77,10,73
frame=1,4,373,0,25,74,8,69
frame=1,5,254,225,31,69,10,63
frame=1,6,286,225,30,69,14,64
frame=1,7,317,225,31,69,19,63
frame=2,0,399,0,25,74,15,69
frame=2,1,64,0,31,77,19,73
frame=2,2,425,0,30,74,14,71
frame=2,3,96,0,31,77,10,73
frame=2,4,456,0,25,74,8,69
frame=2,5,349,225,31,69,10,63
frame=2,6,381,225,30,69,14,64
frame=2,7,412,225,31,69,19,63
frame=3,0,273,573,31,67,23,62
frame=3,1,369,775,35,66,24,61
frame=3,2,255,975,30,64,14,61
frame=3,3,405,775,35,66,9,61
frame=3,4,305,573,31,67,6,62
frame=3,5,191,435,35,68,9,62
frame=3,6,227,435,30,68,14,62
frame=3,7,258,435,35,68,24,62

[shoot]
frames=4
duration=600ms
type=play_once
frame=0,0,337,573,31,67,23,62
frame=0,1,441,775,35,66,24,61
frame=0,2,286,975,30,64,14,61
frame=0,3,477,775,35,66,9,61
frame=0,4,369,573,31,67,6,62
frame=0,5,294,435,35,68,9,62
frame=0,6,330,435,30,68,14,62
frame=0,7,361,435,35,68,24,62
frame=1,0,482,0,25,74,15,69
frame=1,1,128,0,31,77,19,73
frame=1,2,0,78,30,74,14,71
frame=1,3,160,0,31,77,10,73
frame=1,4,31,78,25,74,8,69
frame=1,5,444,225,31,69,10,63
frame=1,6,476,225,30,69,14,64
frame=1,7,0,296,31,69,19,63
frame=2,0,57,78,25,74,15,69
frame=2,1,192,0,31,77,19,73
frame=2,2,83,78,30,74,14,71
frame=2,3,224,0,31,77,10,73
frame=2,4,114,78,25,74,8,69
frame=2,5,32,296,31,69,10,63
frame=2,6,64,296,30,69,14,64
frame=2,7,95,296,31,69,19,63
frame=3,0,401,573,31,67,23,62
frame=3,1,0,842,35,66,24,61
frame=3,2,317,975,30,64,14,61
frame=3,3,36,842,35,66,9,61
frame=3,4,433,573,31,67,6,62
frame=3,5,397,435,35,68,9,62
frame=3,6,433,435,30,68,14,62
frame=3,7,464,435,35,68,24,62

[die]
frames=6
duration=900ms
type=play_once
frame=0,0,465,573,20,67,12,62
frame=0,1,72,842,28,66,16,61
frame=0,2,348,975,30,64,14,61
frame=0,3,101,842,28,66,11,61
frame=0,4,486,573,20,67,6,62
frame=0,5,0,504,28,68,10,62
frame=0,6,29,504,30,68,14,62
frame=0,7,60,504,28,68,15,62
frame=1,0,201,909,27,65,7,61
frame=1,1,276,1104,29,61,10,57
frame=1,2,0,1167,28,58,13,55
frame=1,3,306,1104,27,61,17,57
frame=1,4,229,909,27,65,18,61
frame=1,5,122,153,29,71,17,66
frame=1,6,319,78,28,72,13,68
frame=1,7,152,153,27,71,8,66
frame=2,0,29,1167,48,58,6,54
frame=2,1,329,1167,41,45,8,42
frame=2,2,439,1167,26,41,12,38
frame=2,3,235,1167,39,47,30,42
frame=2,4,78,1167,48,58,40,54
frame=2,5,0,225,41,70,31,67
frame=2,6,201,78,26,73,12,72
frame=2,7,127,296,39,69,7,67
frame=3,0,348,1226,67,39,3,35
frame=3,1,186,1268,53,27,6,23
frame=3,2,314,1268,26,25,12,19
frame=3,3,58,1268,53,31,45,26
frame=3,4,371,1167,67,44,62,39
frame=3,5,436,1104,53,59,45,55
frame=3,6,130,842,26,66,12,64
frame=3,7,127,1167,53,57,6,55
frame=4,0,341,1268,73,24,-1,13
frame=4,1,232,1226,57,40,3,7
frame=4,2,181,1167,26,49,12,6
frame=4,3,0,1226,57,41,52,8
frame=4,4,112,1268,73,28,72,17
frame=4,5,58,1226,57,41,52,36
frame=4,6,275,1167,26,46,12,43
frame=4,7,416,1226,57,36,3,33
frame=5,0,415,1268,73,24,-1,13
frame=5,1,290,1226,57,40,3,7
frame=5,2,208,1167,26,49,12,6
frame=5,3,116,1226,57,41,52,8
frame=5,4,240,1268,73,27,72,16
frame=5,5,174,1226,57,41,52,36
frame=5,6,302,1167,26,46,12,43
frame=5,7,0,1268,57,36,3,33
