image=custom_gear_dagger_smear.png

[stance]
frames=1
duration=100ms
type=play_once
frame=0,0,435,97,1,1,80,112
frame=0,1,435,97,1,1,80,112
frame=0,2,435,97,1,1,80,112
frame=0,3,435,97,1,1,80,112
frame=0,4,435,97,1,1,80,112
frame=0,5,435,97,1,1,80,112
frame=0,6,435,97,1,1,80,112
frame=0,7,435,97,1,1,80,112

[swing]
frames=8
duration=640ms
type=play_once
frame=0,0,435,97,1,1,80,112
frame=0,1,435,97,1,1,80,112
frame=0,2,435,97,1,1,80,112
frame=0,3,435,97,1,1,80,112
frame=0,4,435,97,1,1,80,112
frame=0,5,435,97,1,1,80,112
frame=0,6,435,97,1,1,80,112
frame=0,7,435,97,1,1,80,112
frame=1,0,435,97,1,1,80,112
frame=1,1,435,97,1,1,80,112
frame=1,2,435,97,1,1,80,112
frame=1,3,435,97,1,1,80,112
frame=1,4,435,97,1,1,80,112
frame=1,5,435,97,1,1,80,112
frame=1,6,435,97,1,1,80,112
frame=1,7,435,97,1,1,80,112
frame=2,0,82,97,73,14,37,39
frame=2,1,191,64,55,24,39,50
frame=2,2,445,0,32,32,38,59
frame=2,3,110,64,60,26,37,63
frame=2,4,247,64,73,23,34,65
frame=2,5,333,0,55,37,14,65
frame=2,6,192,0,32,43,-8,63
frame=2,7,0,64,60,32,21,53
frame=3,0,463,64,42,16,36,52
frame=3,1,316,97,44,9,26,55
frame=3,2,414,64,29,20,4,57
frame=3,3,350,64,21,22,-12,53
frame=3,4,30,97,42,15,3,41
frame=3,5,205,97,47,12,16,34
frame=3,6,321,64,28,23,23,43
frame=3,7,171,64,19,25,31,49
frame=4,0,435,97,1,1,80,112
frame=4,1,435,97,1,1,80,112
frame=4,2,435,97,1,1,80,112
frame=4,3,435,97,1,1,80,112
frame=4,4,435,97,1,1,80,112
frame=4,5,435,97,1,1,80,112
frame=4,6,435,97,1,1,80,112
frame=4,7,435,97,1,1,80,112
frame=5,0,435,97,1,1,80,112
frame=5,1,435,97,1,1,80,112
frame=5,2,435,97,1,1,80,112
frame=5,3,435,97,1,1,80,112
frame=5,4,435,97,1,1,80,112
frame=5,5,435,97,1,1,80,112
frame=5,6,435,97,1,1,80,112
frame=5,7,435,97,1,1,80,112
frame=6,0,435,97,1,1,80,112
frame=6,1,435,97,1,1,80,112
frame=6,2,435,97,1,1,80,112
frame=6,3,435,97,1,1,80,112
frame=6,4,435,97,1,1,80,112
frame=6,5,435,97,1,1,80,112
frame=6,6,435,97,1,1,80,112
frame=6,7,435,97,1,1,80,112
frame=7,0,435,97,1,1,80,112
frame=7,1,435,97,1,1,80,112
frame=7,2,435,97,1,1,80,112
frame=7,3,435,97,1,1,80,112
frame=7,4,435,97,1,1,80,112
frame=7,5,435,97,1,1,80,112
frame=7,6,435,97,1,1,80,112
frame=7,7,435,97,1,1,80,112

[swing2]
frames=8
duration=680ms
type=play_once
frame=0,0,435,97,1,1,80,112
frame=0,1,435,97,1,1,80,112
frame=0,2,435,97,1,1,80,112
frame=0,3,435,97,1,1,80,112
frame=0,4,435,97,1,1,80,112
frame=0,5,435,97,1,1,80,112
frame=0,6,435,97,1,1,80,112
frame=0,7,435,97,1,1,80,112
frame=1,0,435,97,1,1,80,112
frame=1,1,435,97,1,1,80,112
frame=1,2,435,97,1,1,80,112
frame=1,3,435,97,1,1,80,112
frame=1,4,435,97,1,1,80,112
frame=1,5,435,97,1,1,80,112
frame=1,6,435,97,1,1,80,112
frame=1,7,435,97,1,1,80,112
frame=2,0,111,0,66,46,39,63
frame=2,1,389,0,55,34,40,68
frame=2,2,178,0,13,44,18,77
frame=2,3,225,0,40,41,23,80
frame=2,4,266,0,66,40,25,78
frame=2,5,55,0,55,54,13,76
frame=2,6,0,0,13,63,-7,73
frame=2,7,14,0,40,58,15,68
frame=3,0,253,97,14,10,34,17
frame=3,1,73,97,8,15,34,31
frame=3,2,156,97,2,14,17,41
frame=3,3,435,97,1,1,80,112
frame=3,4,361,97,12,9,-23,33
frame=3,5,416,97,9,6,-28,19
frame=3,6,435,97,1,1,80,112
frame=3,7,426,97,8,5,12,7
frame=4,0,435,97,1,1,80,112
frame=4,1,435,97,1,1,80,112
frame=4,2,435,97,1,1,80,112
frame=4,3,435,97,1,1,80,112
frame=4,4,435,97,1,1,80,112
frame=4,5,435,97,1,1,80,112
frame=4,6,435,97,1,1,80,112
frame=4,7,435,97,1,1,80,112
frame=5,0,435,97,1,1,80,112
frame=5,1,435,97,1,1,80,112
frame=5,2,435,97,1,1,80,112
frame=5,3,435,97,1,1,80,112
frame=5,4,435,97,1,1,80,112
frame=5,5,435,97,1,1,80,112
frame=5,6,435,97,1,1,80,112
frame=5,7,435,97,1,1,80,112
frame=6,0,435,97,1,1,80,112
frame=6,1,435,97,1,1,80,112
frame=6,2,435,97,1,1,80,112
frame=6,3,435,97,1,1,80,112
frame=6,4,435,97,1,1,80,112
frame=6,5,435,97,1,1,80,112
frame=6,6,435,97,1,1,80,112
frame=6,7,435,97,1,1,80,112
frame=7,0,435,97,1,1,80,112
frame=7,1,435,97,1,1,80,112
frame=7,2,435,97,1,1,80,112
frame=7,3,435,97,1,1,80,112
frame=7,4,435,97,1,1,80,112
frame=7,5,435,97,1,1,80,112
frame=7,6,435,97,1,1,80,112
frame=7,7,435,97,1,1,80,112

[swing3]
frames=8
duration=600ms
type=play_once
frame=0,0,435,97,1,1,80,112
frame=0,1,435,97,1,1,80,112
frame=0,2,435,97,1,1,80,112
frame=0,3,435,97,1,1,80,112
frame=0,4,435,97,1,1,80,112
frame=0,5,435,97,1,1,80,112
frame=0,6,435,97,1,1,80,112
frame=0,7,435,97,1,1,80,112
frame=1,0,435,97,1,1,80,112
frame=1,1,435,97,1,1,80,112
frame=1,2,435,97,1,1,80,112
frame=1,3,435,97,1,1,80,112
frame=1,4,435,97,1,1,80,112
frame=1,5,435,97,1,1,80,112
frame=1,6,435,97,1,1,80,112
frame=1,7,435,97,1,1,80,112
frame=2,0,372,64,41,22,41,47
frame=2,1,61,64,18,31,32,61
frame=2,2,80,64,29,27,22,65
frame=2,3,159,97,45,13,13,58
frame=2,4,374,97,41,8,-2,50
frame=2,5,444,64,18,18,-16,45
frame=2,6,0,97,29,16,5,37
frame=2,7,268,97,47,10,32,32
frame=3,0,435,97,1,1,80,112
frame=3,1,435,97,1,1,80,112
frame=3,2,435,97,1,1,80,112
frame=3,3,435,97,1,1,80,112
frame=3,4,435,97,1,1,80,112
frame=3,5,435,97,1,1,80,112
frame=3,6,435,97,1,1,80,112
frame=3,7,435,97,1,1,80,112
frame=4,0,435,97,1,1,80,112
frame=4,1,435,97,1,1,80,112
frame=4,2,435,97,1,1,80,112
frame=4,3,435,97,1,1,80,112
frame=4,4,435,97,1,1,80,112
frame=4,5,435,97,1,1,80,112
frame=4,6,435,97,1,1,80,112
frame=4,7,435,97,1,1,80,112
frame=5,0,435,97,1,1,80,112
frame=5,1,435,97,1,1,80,112
frame=5,2,435,97,1,1,80,112
frame=5,3,435,97,1,1,80,112
frame=5,4,435,97,1,1,80,112
frame=5,5,435,97,1,1,80,112
frame=5,6,435,97,1,1,80,112
frame=5,7,435,97,1,1,80,112
frame=6,0,435,97,1,1,80,112
frame=6,1,435,97,1,1,80,112
frame=6,2,435,97,1,1,80,112
frame=6,3,435,97,1,1,80,112
frame=6,4,435,97,1,1,80,112
frame=6,5,435,97,1,1,80,112
frame=6,6,435,97,1,1,80,112
frame=6,7,435,97,1,1,80,112
frame=7,0,435,97,1,1,80,112
frame=7,1,435,97,1,1,80,112
frame=7,2,435,97,1,1,80,112
frame=7,3,435,97,1,1,80,112
frame=7,4,435,97,1,1,80,112
frame=7,5,435,97,1,1,80,112
frame=7,6,435,97,1,1,80,112
frame=7,7,435,97,1,1,80,112
