image=custom_gear_dagger_red.png

[stance]
frames=4
duration=800ms
type=back_forth
frame=0,0,54,20,9,17,17,45
frame=0,1,177,39,9,15,21,50
frame=0,2,110,83,5,7,12,56
frame=0,3,199,92,1,1,80,112
frame=0,4,64,20,9,17,-10,56
frame=0,5,145,0,9,18,-14,50
frame=0,6,155,0,7,18,-8,44
frame=0,7,163,0,9,18,6,42
frame=1,0,74,20,9,17,17,44
frame=1,1,187,39,9,15,21,50
frame=1,2,427,83,5,6,12,55
frame=1,3,201,92,1,1,80,112
frame=1,4,84,20,9,17,-10,55
frame=1,5,173,0,9,18,-14,49
frame=1,6,0,0,7,19,-8,44
frame=1,7,183,0,9,18,6,42
frame=2,0,436,20,9,16,17,45
frame=2,1,197,39,8,15,20,51
frame=2,2,116,83,5,7,12,56
frame=2,3,203,92,1,1,80,112
frame=2,4,94,20,9,17,-10,56
frame=2,5,193,0,8,18,-14,50
frame=2,6,8,0,7,19,-8,45
frame=2,7,202,0,8,18,5,43
frame=3,0,104,20,9,17,17,45
frame=3,1,206,39,9,15,21,50
frame=3,2,122,83,5,7,12,56
frame=3,3,205,92,1,1,80,112
frame=3,4,114,20,9,17,-10,56
frame=3,5,211,0,9,18,-14,50
frame=3,6,221,0,7,18,-8,44
frame=3,7,229,0,9,18,6,42

[run]
frames=8
duration=640ms
type=looped
frame=0,0,446,20,12,16,16,47
frame=0,1,105,56,11,13,20,51
frame=0,2,289,71,6,9,12,56
frame=0,3,433,83,5,6,-2,52
frame=0,4,216,39,12,15,-6,57
frame=0,5,239,0,11,18,-11,53
frame=0,6,16,0,7,19,-8,48
frame=0,7,24,0,11,19,5,46
frame=1,0,384,39,15,14,18,48
frame=1,1,345,56,12,11,21,52
frame=1,2,501,71,7,8,13,57
frame=1,3,358,56,12,11,4,60
frame=1,4,400,39,15,14,-5,59
frame=1,5,124,20,12,17,-11,55
frame=1,6,36,0,7,19,-8,50
frame=1,7,137,20,12,17,6,47
frame=2,0,117,56,16,13,19,48
frame=2,1,120,71,13,10,21,52
frame=2,2,439,83,7,6,13,56
frame=2,3,296,71,13,9,5,59
frame=2,4,134,56,16,13,-5,59
frame=2,5,150,20,13,17,-10,55
frame=2,6,251,0,7,18,-8,50
frame=2,7,259,0,13,18,6,48
frame=3,0,416,39,15,14,18,48
frame=3,1,371,56,12,11,21,52
frame=3,2,0,83,7,8,13,57
frame=3,3,384,56,12,11,4,60
frame=3,4,432,39,15,14,-5,59
frame=3,5,164,20,12,17,-11,55
frame=3,6,44,0,7,19,-8,50
frame=3,7,177,20,12,17,6,47
frame=4,0,459,20,12,16,16,47
frame=4,1,151,56,11,13,20,51
frame=4,2,310,71,6,9,12,56
frame=4,3,447,83,5,6,-2,52
frame=4,4,229,39,12,15,-6,57
frame=4,5,273,0,11,18,-11,53
frame=4,6,52,0,7,19,-8,48
frame=4,7,60,0,11,19,5,46
frame=5,0,190,20,9,17,14,44
frame=5,1,472,20,9,16,18,49
frame=5,2,453,83,5,6,12,53
frame=5,3,207,92,1,1,80,112
frame=5,4,200,20,9,17,-7,55
frame=5,5,72,0,9,19,-11,51
frame=5,6,285,0,7,18,-8,45
frame=5,7,293,0,9,18,3,43
frame=6,0,303,0,8,18,13,43
frame=6,1,482,20,8,16,17,47
frame=6,2,459,83,5,6,12,52
frame=6,3,209,92,1,1,80,112
frame=6,4,210,20,8,17,-7,53
frame=6,5,312,0,8,18,-11,49
frame=6,6,321,0,7,18,-8,44
frame=6,7,329,0,8,18,2,41
frame=7,0,219,20,9,17,14,44
frame=7,1,491,20,9,16,18,49
frame=7,2,465,83,5,6,12,53
frame=7,3,211,92,1,1,80,112
frame=7,4,229,20,9,17,-7,55
frame=7,5,82,0,9,19,-11,51
frame=7,6,338,0,7,18,-8,45
frame=7,7,346,0,9,18,3,43

[swing]
frames=6
duration=600ms
type=play_once
frame=0,0,239,20,9,17,16,47
frame=0,1,501,20,9,16,20,52
frame=0,2,134,71,7,10,13,57
frame=0,3,131,92,4,5,-3,51
frame=0,4,0,39,9,16,-9,57
frame=0,5,356,0,9,18,-13,52
frame=0,6,92,0,7,19,-8,47
frame=0,7,100,0,9,19,5,45
frame=1,0,317,71,18,9,21,57
frame=1,1,471,83,12,6,20,61
frame=1,2,484,83,9,6,11,66
frame=1,3,128,83,16,7,3,67
frame=1,4,304,56,18,12,-5,66
frame=1,5,242,39,12,15,-10,62
frame=1,6,249,20,9,17,-4,58
frame=1,7,163,56,16,13,11,55
frame=2,0,0,92,19,6,18,59
frame=2,1,142,71,12,10,18,66
frame=2,2,397,56,10,11,12,71
frame=2,3,8,83,18,8,7,71
frame=2,4,336,71,19,9,-1,69
frame=2,5,323,56,12,12,-8,66
frame=2,6,180,56,10,13,-4,62
frame=2,7,155,71,18,10,9,59
frame=3,0,366,0,8,18,16,46
frame=3,1,259,20,8,17,21,52
frame=3,2,191,56,8,13,16,58
frame=3,3,195,92,3,3,0,60
frame=3,4,10,39,8,16,-10,58
frame=3,5,375,0,8,18,-15,52
frame=3,6,384,0,8,18,-10,46
frame=3,7,110,0,7,19,3,44
frame=4,0,448,39,12,14,6,36
frame=4,1,268,20,12,17,14,40
frame=4,2,118,0,8,19,15,45
frame=4,3,136,92,5,5,11,35
frame=4,4,20,92,5,6,-3,50
frame=4,5,200,56,8,13,-8,46
frame=4,6,209,56,9,13,-8,41
frame=4,7,219,56,8,13,-5,37
frame=5,0,281,20,9,17,16,47
frame=5,1,19,39,9,16,20,52
frame=5,2,174,71,7,10,13,57
frame=5,3,142,92,4,5,-3,51
frame=5,4,29,39,9,16,-9,57
frame=5,5,393,0,9,18,-13,52
frame=5,6,127,0,7,19,-8,47
frame=5,7,135,0,9,19,5,45

[hit]
frames=2
duration=300ms
type=play_once
frame=0,0,291,20,10,17,17,46
frame=0,1,255,39,9,15,20,51
frame=0,2,145,83,5,7,12,56
frame=0,3,213,92,1,1,80,112
frame=0,4,39,39,10,16,-9,56
frame=0,5,403,0,9,18,-13,51
frame=0,6,413,0,7,18,-8,45
frame=0,7,421,0,9,18,5,43
frame=1,0,302,20,10,17,17,46
frame=1,1,265,39,9,15,20,51
frame=1,2,151,83,5,7,12,56
frame=1,3,215,92,1,1,80,112
frame=1,4,50,39,10,16,-9,56
frame=1,5,431,0,9,18,-13,51
frame=1,6,441,0,7,18,-8,45
frame=1,7,449,0,9,18,5,43

[block]
frames=2
duration=300ms
type=play_once
frame=0,0,459,0,7,18,12,44
frame=0,1,61,39,7,16,17,48
frame=0,2,189,92,5,4,12,53
frame=0,3,217,92,1,1,80,112
frame=0,4,313,20,7,17,-7,54
frame=0,5,467,0,7,18,-12,50
frame=0,6,475,0,7,18,-8,45
frame=0,7,483,0,7,18,2,42
frame=1,0,356,71,18,9,17,50
frame=1,1,157,83,16,7,21,54
frame=1,2,27,83,7,8,13,59
frame=1,3,174,83,15,7,8,62
frame=1,4,35,83,18,8,-1,60
frame=1,5,228,56,16,13,-7,58
frame=1,6,275,39,7,15,-8,54
frame=1,7,245,56,15,13,5,50

[cast]
frames=4
duration=600ms
type=play_once
frame=0,0,408,56,17,11,24,49
frame=0,1,190,83,14,7,25,54
frame=0,2,147,92,7,5,13,60
frame=0,3,205,83,14,7,2,62
frame=0,4,426,56,17,11,-9,60
frame=0,5,283,39,14,15,-13,54
frame=0,6,321,20,7,17,-8,49
frame=0,7,69,39,14,16,10,47
frame=1,0,375,71,18,9,17,59
frame=1,1,461,39,15,14,20,66
frame=1,2,84,39,7,16,13,72
frame=1,3,477,39,15,14,8,74
frame=1,4,182,71,18,10,-1,70
frame=1,5,26,92,15,6,-7,63
frame=1,6,54,83,7,8,-8,59
frame=1,7,220,83,15,7,5,56
frame=2,0,394,71,18,9,17,59
frame=2,1,493,39,15,14,20,66
frame=2,2,92,39,7,16,13,72
frame=2,3,0,56,15,14,8,74
frame=2,4,201,71,18,10,-1,70
frame=2,5,42,92,15,6,-7,63
frame=2,6,62,83,7,8,-8,59
frame=2,7,236,83,15,7,5,56
frame=3,0,444,56,17,11,24,49
frame=3,1,252,83,14,7,25,54
frame=3,2,155,92,7,5,13,60
frame=3,3,267,83,14,7,2,62
frame=3,4,462,56,17,11,-9,60
frame=3,5,298,39,14,15,-13,54
frame=3,6,329,20,7,17,-8,49
frame=3,7,100,39,14,16,10,47

[shoot]
frames=4
duration=600ms
type=play_once
frame=0,0,480,56,17,11,24,49
frame=0,1,282,83,14,7,25,54
frame=0,2,163,92,7,5,13,60
frame=0,3,297,83,14,7,2,62
frame=0,4,0,71,17,11,-9,60
frame=0,5,313,39,14,15,-13,54
frame=0,6,337,20,7,17,-8,49
frame=0,7,115,39,14,16,10,47
frame=1,0,413,71,18,9,17,59
frame=1,1,16,56,15,14,20,66
frame=1,2,130,39,7,16,13,72
frame=1,3,32,56,15,14,8,74
frame=1,4,220,71,18,10,-1,70
frame=1,5,58,92,15,6,-7,63
frame=1,6,70,83,7,8,-8,59
frame=1,7,312,83,15,7,5,56
frame=2,0,432,71,18,9,17,59
frame=2,1,48,56,15,14,20,66
frame=2,2,138,39,7,16,13,72
frame=2,3,64,56,15,14,8,74
frame=2,4,239,71,18,10,-1,70
frame=2,5,74,92,15,6,-7,63
frame=2,6,78,83,7,8,-8,59
frame=2,7,328,83,15,7,5,56
frame=3,0,18,71,17,11,24,49
frame=3,1,344,83,14,7,25,54
frame=3,2,171,92,7,5,13,60
frame=3,3,359,83,14,7,2,62
frame=3,4,36,71,17,11,-9,60
frame=3,5,328,39,14,15,-13,54
frame=3,6,345,20,7,17,-8,49
frame=3,7,146,39,14,16,10,47

[die]
frames=6
duration=900ms
type=play_once
frame=0,0,491,0,6,18,11,42
frame=0,1,498,0,7,18,17,47
frame=0,2,506,0,5,18,12,52
frame=0,3,219,92,1,1,80,112
frame=0,4,353,20,6,17,-7,52
frame=0,5,360,20,8,17,-11,47
frame=0,6,369,20,7,17,-8,42
frame=0,7,0,20,7,18,1,40
frame=1,0,343,39,8,15,5,45
frame=1,1,80,56,7,14,10,46
frame=1,2,86,83,7,8,12,50
frame=1,3,221,92,1,1,80,112
frame=1,4,8,20,8,18,1,55
frame=1,5,17,20,6,18,-5,53
frame=1,6,24,20,9,18,-5,50
frame=1,7,377,20,11,17,0,47
frame=2,0,258,71,15,10,-9,44
frame=2,1,374,83,8,7,-3,38
frame=2,2,90,92,11,6,12,38
frame=2,3,54,71,16,11,23,45
frame=2,4,161,39,15,16,22,54
frame=2,5,389,20,8,17,9,59
frame=2,6,398,20,12,17,-2,59
frame=2,7,88,56,16,14,-9,53
frame=3,0,451,71,16,9,-32,35
frame=3,1,261,56,8,13,-20,24
frame=3,2,274,71,14,10,12,19
frame=3,3,102,92,18,6,40,25
frame=3,4,468,71,16,9,46,41
frame=3,5,336,56,8,12,26,55
frame=3,6,71,71,14,11,0,58
frame=3,7,383,83,18,7,-24,48
frame=4,0,411,20,12,17,-52,15
frame=4,1,34,20,9,18,-33,-4
frame=4,2,352,39,15,15,13,-12
frame=4,3,86,71,16,11,52,-3
frame=4,4,402,83,12,7,62,16
frame=4,5,179,92,9,5,40,35
frame=4,6,485,71,15,9,0,43
frame=4,7,270,56,16,13,-38,34
frame=5,0,424,20,11,17,-53,15
frame=5,1,44,20,9,18,-33,-4
frame=5,2,368,39,15,15,13,-12
frame=5,3,103,71,16,11,52,-3
frame=5,4,415,83,11,7,62,16
frame=5,5,121,92,9,6,40,35
frame=5,6,94,83,15,8,0,42
frame=5,7,287,56,16,13,-38,34
