image=custom_gear_greatbow.png

[stance]
frames=4
duration=800ms
type=back_forth
frame=0,0,353,145,19,42,23,54
frame=0,1,461,232,16,37,25,58
frame=0,2,19,312,5,35,12,63
frame=0,3,478,232,15,37,4,66
frame=0,4,373,145,19,42,-6,65
frame=0,5,142,51,16,46,-11,60
frame=0,6,124,0,5,48,-9,55
frame=0,7,248,0,15,47,9,53
frame=1,0,481,99,19,43,23,54
frame=1,1,494,232,14,37,24,58
frame=1,2,25,312,5,35,12,63
frame=1,3,396,232,15,38,4,66
frame=1,4,393,145,19,42,-6,64
frame=1,5,264,0,14,47,-12,60
frame=1,6,28,0,5,49,-9,55
frame=1,7,159,51,15,46,9,52
frame=2,0,386,189,21,41,24,54
frame=2,1,0,274,16,37,25,59
frame=2,2,277,312,5,34,12,63
frame=2,3,219,274,16,36,4,66
frame=2,4,408,189,21,41,-5,65
frame=2,5,279,0,16,47,-11,61
frame=2,6,34,0,5,49,-9,56
frame=2,7,175,51,16,46,10,53
frame=3,0,353,145,19,42,23,54
frame=3,1,461,232,16,37,25,58
frame=3,2,31,312,5,35,12,63
frame=3,3,478,232,15,37,4,66
frame=3,4,413,145,19,42,-6,65
frame=3,5,192,51,16,46,-11,60
frame=3,6,124,0,5,48,-9,55
frame=3,7,248,0,15,47,9,53

[run]
frames=10
duration=660ms
type=looped
frame=0,0,152,99,12,44,14,47
frame=0,1,436,51,11,45,19,53
frame=0,2,448,51,7,45,15,59
frame=0,3,456,51,8,45,5,62
frame=0,4,430,189,9,41,-7,60
frame=0,5,501,99,11,43,-10,54
frame=0,6,433,145,7,42,-10,47
frame=0,7,0,145,9,43,1,45
frame=1,0,165,99,11,44,14,47
frame=1,1,177,99,10,44,19,53
frame=1,2,188,99,6,44,14,59
frame=1,3,195,99,7,44,4,61
frame=1,4,99,232,9,40,-7,59
frame=1,5,10,145,10,43,-11,53
frame=1,6,21,145,6,43,-10,47
frame=1,7,28,145,8,43,1,44
frame=2,0,203,99,13,44,18,49
frame=2,1,441,145,10,42,21,54
frame=2,2,440,189,5,41,13,60
frame=2,3,194,523,7,14,3,62
frame=2,4,452,145,12,42,-8,60
frame=2,5,465,51,10,45,-13,54
frame=2,6,476,51,5,45,-10,48
frame=2,7,482,51,10,45,5,46
frame=3,0,465,145,17,42,24,51
frame=3,1,207,232,13,39,24,57
frame=3,2,17,274,6,37,12,62
frame=3,3,137,487,9,17,1,64
frame=3,4,37,145,17,43,-9,62
frame=3,5,296,0,13,47,-13,56
frame=3,6,130,0,6,48,-8,51
frame=3,7,310,0,15,47,11,49
frame=4,0,109,232,22,40,29,53
frame=4,1,37,312,16,35,26,58
frame=4,2,378,312,6,33,11,63
frame=4,3,24,274,18,37,1,65
frame=4,4,483,145,22,42,-9,62
frame=4,5,137,0,16,48,-12,57
frame=4,6,40,0,7,49,-6,52
frame=4,7,209,51,18,46,15,50
frame=5,0,221,232,23,39,30,52
frame=5,1,385,312,16,33,26,57
frame=5,2,404,349,6,30,11,62
frame=5,3,54,312,20,35,1,64
frame=5,4,0,189,23,42,-9,62
frame=5,5,326,0,16,47,-12,56
frame=5,6,0,0,8,50,-5,52
frame=5,7,228,51,20,46,17,50
frame=6,0,132,232,22,40,29,51
frame=6,1,283,312,16,34,26,56
frame=6,2,402,312,6,33,11,61
frame=6,3,236,274,18,36,1,63
frame=6,4,55,145,22,43,-9,61
frame=6,5,343,0,16,47,-12,55
frame=6,6,48,0,7,49,-6,50
frame=6,7,249,51,18,46,15,49
frame=7,0,24,189,17,42,24,50
frame=7,1,245,232,13,39,24,56
frame=7,2,43,274,6,37,12,61
frame=7,3,147,487,9,17,1,63
frame=7,4,78,145,17,43,-9,61
frame=7,5,360,0,13,47,-13,55
frame=7,6,154,0,6,48,-8,50
frame=7,7,374,0,15,47,11,48
frame=8,0,217,99,13,44,18,50
frame=8,1,42,189,10,42,21,55
frame=8,2,446,189,5,41,13,61
frame=8,3,202,523,7,14,3,63
frame=8,4,231,99,12,44,-8,61
frame=8,5,493,51,10,45,-13,55
frame=8,6,504,51,5,45,-10,49
frame=8,7,0,99,10,45,5,47
frame=9,0,96,145,11,43,14,48
frame=9,1,244,99,10,44,19,54
frame=9,2,255,99,6,44,14,60
frame=9,3,262,99,7,44,4,63
frame=9,4,50,274,9,37,-7,61
frame=9,5,270,99,10,44,-11,55
frame=9,6,281,99,6,44,-10,49
frame=9,7,288,99,8,44,1,46

[swing]
frames=8
duration=640ms
type=play_once
hit=160ms
frame=0,0,210,382,30,29,-2,50
frame=0,1,458,312,15,32,10,49
frame=0,2,92,440,42,23,41,49
frame=0,3,253,565,47,9,49,53
frame=0,4,157,487,26,17,30,65
frame=0,5,278,465,11,19,-1,70
frame=0,6,168,539,40,12,-3,60
frame=0,7,120,506,48,15,-3,52
frame=1,0,184,487,48,17,0,49
frame=1,1,411,349,27,30,4,49
frame=1,2,474,312,18,32,19,51
frame=1,3,374,440,41,21,44,52
frame=1,4,346,565,39,8,46,57
frame=1,5,122,465,27,20,21,68
frame=1,6,416,440,18,21,-3,68
frame=1,7,0,553,43,11,-3,56
frame=2,0,0,565,46,10,49,43
frame=2,1,210,523,23,14,35,55
frame=2,2,44,553,15,11,16,59
frame=2,3,301,565,44,9,7,57
frame=2,4,435,440,38,21,-13,54
frame=2,5,255,274,23,36,-14,52
frame=2,6,60,274,20,37,2,46
frame=2,7,0,413,44,26,35,42
frame=3,0,209,539,44,12,27,53
frame=3,1,169,506,48,15,18,55
frame=3,2,378,413,21,24,-6,54
frame=3,3,41,349,19,31,-4,54
frame=3,4,150,465,44,20,15,45
frame=3,5,60,553,48,11,28,41
frame=3,6,474,440,26,21,25,49
frame=3,7,234,523,12,14,21,46
frame=4,0,386,565,49,8,25,48
frame=4,1,400,413,37,24,12,55
frame=4,2,61,349,10,31,-4,55
frame=4,3,111,413,36,25,9,49
frame=4,4,254,539,49,12,22,41
frame=4,5,0,487,37,18,23,44
frame=4,6,438,413,10,24,12,50
frame=4,7,38,487,36,18,25,51
frame=5,0,53,189,30,42,28,62
frame=5,1,439,349,35,30,21,60
frame=5,2,47,565,14,10,-6,55
frame=5,3,290,465,12,19,-10,49
frame=5,4,148,413,30,25,0,46
frame=5,5,279,274,35,36,12,47
frame=5,6,268,51,22,46,18,53
frame=5,7,161,0,12,48,20,59
frame=6,0,174,0,12,48,22,61
frame=6,1,297,99,18,44,21,65
frame=6,2,259,232,19,39,9,65
frame=6,3,75,312,11,35,-7,61
frame=6,4,87,312,12,35,-12,55
frame=6,5,279,232,18,39,-5,51
frame=6,6,11,99,19,45,8,51
frame=6,7,56,0,13,49,16,55
frame=7,0,84,189,19,42,23,54
frame=7,1,81,274,16,37,25,59
frame=7,2,100,312,5,35,12,64
frame=7,3,98,274,15,37,4,66
frame=7,4,104,189,19,42,-6,65
frame=7,5,390,0,16,47,-11,61
frame=7,6,70,0,5,49,-9,56
frame=7,7,407,0,15,47,9,53

[swing2]
frames=8
duration=680ms
type=play_once
hit=170ms
frame=0,0,203,440,47,22,14,68
frame=0,1,62,565,39,10,21,59
frame=0,2,218,506,13,15,18,65
frame=0,3,304,539,29,12,28,69
frame=0,4,232,506,47,15,31,76
frame=0,5,72,349,39,31,16,86
frame=0,6,298,232,13,39,-7,87
frame=0,7,106,312,29,35,-1,79
frame=1,0,409,312,26,33,-8,67
frame=1,1,124,189,27,42,5,66
frame=1,2,187,0,16,48,16,69
frame=1,3,76,0,13,49,26,75
frame=1,4,316,99,26,44,32,81
frame=1,5,315,274,27,36,20,83
frame=1,6,321,382,15,28,-3,79
frame=1,7,337,382,13,28,-15,73
frame=2,0,452,189,30,41,41,45
frame=2,1,475,349,29,30,43,51
frame=2,2,449,413,13,24,20,57
frame=2,3,179,413,18,25,-1,59
frame=2,4,0,382,23,30,-20,52
frame=2,5,152,189,29,42,-16,48
frame=2,6,90,0,13,49,-9,42
frame=2,7,204,0,18,48,17,41
frame=3,0,423,0,11,47,27,42
frame=3,1,435,0,12,47,30,51
frame=3,2,108,145,13,43,20,57
frame=3,3,483,189,9,41,-2,58
frame=3,4,300,312,11,34,-18,47
frame=3,5,155,232,12,40,-20,43
frame=3,6,122,145,13,43,-9,37
frame=3,7,291,51,12,46,10,36
frame=4,0,448,0,11,47,27,42
frame=4,1,304,51,12,46,30,51
frame=4,2,136,145,13,43,20,58
frame=4,3,168,232,9,40,-2,58
frame=4,4,343,274,11,36,-18,49
frame=4,5,493,189,12,41,-20,44
frame=4,6,150,145,13,43,-9,37
frame=4,7,317,51,12,46,10,37
frame=5,0,112,349,40,31,39,38
frame=5,1,303,465,33,19,39,41
frame=5,2,426,523,10,13,17,46
frame=5,3,436,565,9,8,8,49
frame=5,4,396,382,40,27,-1,49
frame=5,5,153,349,28,31,-13,38
frame=5,6,330,51,9,46,-10,42
frame=5,7,164,145,27,43,17,39
frame=6,0,312,232,30,39,31,49
frame=6,1,460,0,22,47,30,61
frame=6,2,9,0,7,50,14,69
frame=6,3,31,99,24,45,7,68
frame=6,4,114,274,27,37,-6,60
frame=6,5,241,382,22,29,-10,48
frame=6,6,198,413,7,25,-9,39
frame=6,7,24,382,24,30,15,40
frame=7,0,84,189,19,42,23,54
frame=7,1,81,274,16,37,25,59
frame=7,2,100,312,5,35,12,64
frame=7,3,98,274,15,37,4,66
frame=7,4,104,189,19,42,-6,65
frame=7,5,390,0,16,47,-11,61
frame=7,6,70,0,5,49,-9,56
frame=7,7,407,0,15,47,9,53

[swing3]
frames=8
duration=600ms
type=play_once
hit=150ms
frame=0,0,0,506,43,16,18,40
frame=0,1,247,523,49,14,33,41
frame=0,2,437,382,29,27,29,52
frame=0,3,264,382,16,29,20,59
frame=0,4,337,465,43,19,23,57
frame=0,5,102,565,49,10,14,52
frame=0,6,381,465,22,19,-9,49
frame=0,7,206,413,16,25,-6,47
frame=1,0,251,440,41,22,14,42
frame=1,1,152,565,49,10,30,38
frame=1,2,0,465,31,21,29,46
frame=1,3,463,413,12,24,19,53
frame=1,4,280,506,41,15,25,53
frame=1,5,437,523,49,13,17,52
frame=1,6,45,413,28,26,-3,54
frame=1,7,49,382,12,30,-9,50
frame=2,0,223,413,42,25,51,57
frame=2,1,312,312,14,34,26,72
frame=2,2,182,349,30,31,11,74
frame=2,3,322,506,48,15,-1,62
frame=2,4,334,539,37,12,-16,49
frame=2,5,404,465,12,19,-16,40
frame=2,6,233,487,30,17,17,36
frame=2,7,109,553,48,11,47,40
frame=3,0,266,413,40,25,51,57
frame=3,1,327,312,10,34,23,72
frame=3,2,351,382,33,28,10,72
frame=3,3,0,539,38,13,-14,59
frame=3,4,297,523,36,14,-17,47
frame=3,5,32,465,9,21,-16,39
frame=3,6,264,487,33,17,21,35
frame=3,7,158,553,49,11,50,39
frame=4,0,266,413,40,25,51,57
frame=4,1,327,312,10,34,23,72
frame=4,2,351,382,33,28,10,72
frame=4,3,0,539,38,13,-14,59
frame=4,4,297,523,36,14,-17,47
frame=4,5,32,465,9,21,-16,39
frame=4,6,264,487,33,17,21,35
frame=4,7,158,553,49,11,50,39
frame=5,0,355,274,37,36,47,59
frame=5,1,56,99,16,45,27,74
frame=5,2,192,145,23,43,10,77
frame=5,3,307,413,29,25,-13,67
frame=5,4,417,465,36,19,-13,50
frame=5,5,39,539,16,13,-13,38
frame=5,6,334,523,23,14,11,34
frame=5,7,293,440,40,22,40,42
frame=6,0,343,99,14,44,26,57
frame=6,1,340,51,11,46,24,67
frame=6,2,483,0,7,47,10,73
frame=6,3,467,382,10,27,-6,72
frame=6,4,216,145,14,43,-14,64
frame=6,5,0,232,11,41,-15,55
frame=6,6,12,232,7,41,-5,49
frame=6,7,182,189,12,42,14,50
frame=7,0,84,189,19,42,23,54
frame=7,1,81,274,16,37,25,59
frame=7,2,100,312,5,35,12,64
frame=7,3,98,274,15,37,4,66
frame=7,4,104,189,19,42,-6,65
frame=7,5,390,0,16,47,-11,61
frame=7,6,70,0,5,49,-9,56
frame=7,7,407,0,15,47,9,53

[hit]
frames=2
duration=300ms
type=play_once
frame=0,0,195,189,21,42,24,55
frame=0,1,393,274,16,36,25,59
frame=0,2,436,312,5,33,12,63
frame=0,3,446,565,7,8,5,66
frame=0,4,20,232,21,41,-5,65
frame=0,5,491,0,16,47,-11,61
frame=0,6,104,0,5,49,-9,56
frame=0,7,0,51,17,47,10,54
frame=1,0,217,189,21,42,24,55
frame=1,1,410,274,16,36,25,59
frame=1,2,442,312,5,33,12,63
frame=1,3,446,565,7,8,5,66
frame=1,4,42,232,21,41,-5,65
frame=1,5,18,51,16,47,-11,61
frame=1,6,104,0,5,49,-9,56
frame=1,7,35,51,17,47,10,54

[block]
frames=2
duration=300ms
type=play_once
frame=0,0,231,145,15,43,16,53
frame=0,1,64,232,12,41,19,57
frame=0,2,178,232,5,40,12,62
frame=0,3,56,539,7,13,6,64
frame=0,4,247,145,14,43,-4,64
frame=0,5,352,51,12,46,-9,60
frame=0,6,53,51,5,47,-9,55
frame=0,7,365,51,12,46,4,52
frame=1,0,371,506,48,15,36,52
frame=1,1,358,523,36,14,34,57
frame=1,2,454,465,5,19,12,66
frame=1,3,64,539,36,13,15,64
frame=1,4,420,506,48,15,10,63
frame=1,5,62,382,36,30,0,64
frame=1,6,427,274,5,36,-9,62
frame=1,7,99,382,36,30,19,57

[cast]
frames=6
duration=600ms
type=play_once
hit=300ms
frame=0,0,298,487,48,17,37,51
frame=0,1,213,349,33,31,32,64
frame=0,2,142,274,10,37,13,72
frame=0,3,281,382,39,29,15,69
frame=0,4,0,523,48,15,9,58
frame=0,5,372,539,24,12,-10,49
frame=0,6,347,487,10,17,-5,48
frame=0,7,208,553,39,11,22,43
frame=1,0,44,506,48,16,36,47
frame=1,1,247,349,35,31,32,61
frame=1,2,153,274,8,37,11,69
frame=1,3,283,349,36,31,14,67
frame=1,4,358,487,48,17,10,57
frame=1,5,248,553,24,11,-10,46
frame=1,6,101,539,8,13,-5,42
frame=1,7,273,553,36,11,20,41
frame=2,0,49,523,49,15,37,46
frame=2,1,136,382,36,30,33,60
frame=2,2,433,274,8,36,11,68
frame=2,3,173,382,36,30,14,66
frame=2,4,99,523,49,15,10,55
frame=2,5,310,553,25,11,-10,45
frame=2,6,395,523,8,14,-5,41
frame=2,7,397,539,36,12,20,41
frame=3,0,162,274,36,37,28,64
frame=3,1,476,413,35,24,40,65
frame=3,2,93,506,16,16,29,70
frame=3,3,75,487,19,18,16,77
frame=3,4,74,413,36,26,6,81
frame=3,5,343,232,35,39,-7,80
frame=3,6,59,51,16,47,-15,75
frame=3,7,378,51,19,46,1,68
frame=4,0,338,312,39,34,27,63
frame=4,1,42,465,37,21,40,63
frame=4,2,110,539,17,13,30,68
frame=4,3,404,523,21,14,19,75
frame=4,4,334,440,39,22,10,80
frame=4,5,136,312,37,35,-5,80
frame=4,6,73,99,17,45,-15,76
frame=4,7,91,99,21,45,0,69
frame=5,0,84,189,19,42,23,54
frame=5,1,81,274,16,37,25,59
frame=5,2,100,312,5,35,12,64
frame=5,3,98,274,15,37,4,66
frame=5,4,104,189,19,42,-6,65
frame=5,5,390,0,16,47,-11,61
frame=5,6,70,0,5,49,-9,56
frame=5,7,407,0,15,47,9,53

[shoot]
frames=7
duration=700ms
type=play_once
hit=300ms
frame=0,0,358,99,9,44,14,59
frame=0,1,368,99,10,44,29,65
frame=0,2,379,99,8,44,28,75
frame=0,3,262,145,5,43,12,81
frame=0,4,388,99,9,44,-7,82
frame=0,5,268,145,10,43,-21,75
frame=0,6,398,99,8,44,-22,66
frame=0,7,407,99,5,44,-9,59
frame=1,0,113,99,9,45,8,60
frame=1,1,413,99,12,44,26,64
frame=1,2,239,189,10,42,29,72
frame=1,3,250,189,6,42,16,80
frame=1,4,199,274,9,37,-1,82
frame=1,5,426,99,12,44,-16,78
frame=1,6,123,99,10,45,-21,70
frame=1,7,134,99,6,45,-12,62
frame=2,0,113,99,9,45,8,60
frame=2,1,413,99,12,44,26,64
frame=2,2,239,189,10,42,29,72
frame=2,3,250,189,6,42,16,80
frame=2,4,209,274,9,37,-1,82
frame=2,5,426,99,12,44,-16,78
frame=2,6,123,99,10,45,-21,70
frame=2,7,134,99,6,45,-12,62
frame=3,0,76,51,18,47,10,67
frame=3,1,184,232,22,40,27,67
frame=3,2,174,312,16,35,29,73
frame=3,3,95,487,6,18,16,79
frame=3,4,442,274,18,36,6,83
frame=3,5,257,189,22,42,-7,82
frame=3,6,223,0,16,48,-15,77
frame=3,7,110,0,7,49,-11,70
frame=4,0,95,51,16,47,10,65
frame=4,1,280,189,18,42,26,67
frame=4,2,412,232,13,38,28,73
frame=4,3,461,274,6,36,16,79
frame=4,4,379,232,16,39,4,83
frame=4,5,279,145,18,43,-10,81
frame=4,6,112,51,13,47,-17,75
frame=4,7,240,0,7,48,-11,68
frame=5,0,336,553,45,11,34,40
frame=5,1,0,440,45,24,43,55
frame=5,2,468,274,22,36,28,69
frame=5,3,491,274,21,36,13,74
frame=5,4,46,440,45,24,9,66
frame=5,5,382,553,39,11,-6,51
frame=5,6,149,523,22,15,-8,45
frame=5,7,172,523,21,15,6,41
frame=6,0,84,189,19,42,23,54
frame=6,1,81,274,16,37,25,59
frame=6,2,191,312,5,35,12,64
frame=6,3,98,274,15,37,4,66
frame=6,4,104,189,19,42,-6,65
frame=6,5,390,0,16,47,-11,61
frame=6,6,118,0,5,49,-9,56
frame=6,7,407,0,15,47,9,53

[die]
frames=6
duration=900ms
type=play_once
frame=0,0,439,99,12,44,13,51
frame=0,1,141,99,10,45,17,57
frame=0,2,398,51,5,46,12,62
frame=0,3,454,565,6,5,2,64
frame=0,4,452,99,11,44,-4,62
frame=0,5,299,189,10,42,-9,56
frame=0,6,310,189,5,42,-9,51
frame=0,7,298,145,10,43,2,49
frame=1,0,0,312,18,36,11,53
frame=1,1,448,312,9,33,10,53
frame=1,2,110,506,9,16,14,58
frame=1,3,77,232,21,41,13,63
frame=1,4,404,51,18,46,5,65
frame=1,5,17,0,10,50,-2,65
frame=1,6,126,51,15,47,-1,60
frame=1,7,316,189,21,42,6,56
frame=2,0,102,487,34,18,3,47
frame=2,1,128,539,12,13,-1,40
frame=2,2,141,539,26,13,17,41
frame=2,3,337,413,40,25,32,50
frame=2,4,426,232,34,38,29,62
frame=2,5,423,51,12,46,11,70
frame=2,6,309,145,26,43,7,68
frame=2,7,0,349,40,32,6,59
frame=3,0,460,465,40,19,-17,41
frame=3,1,478,382,10,27,-19,33
frame=3,2,135,440,33,23,19,27
frame=3,3,422,553,50,11,52,26
frame=3,4,195,465,40,20,55,45
frame=3,5,385,382,10,28,27,61
frame=3,6,169,440,33,23,12,63
frame=3,7,202,565,50,10,-4,49
frame=4,0,338,189,23,42,-45,31
frame=4,1,464,99,16,44,-30,13
frame=4,2,197,312,39,35,22,1
frame=4,3,236,465,41,20,61,3
frame=4,4,434,539,23,12,66,18
frame=4,5,473,553,16,11,44,36
frame=4,6,407,487,39,17,15,47
frame=4,7,320,349,41,31,-22,45
frame=5,0,362,189,23,42,-45,31
frame=5,1,336,145,16,43,-30,12
frame=5,2,237,312,39,35,22,1
frame=5,3,80,465,41,21,61,3
frame=5,4,458,539,23,12,66,18
frame=5,5,490,553,16,11,44,36
frame=5,6,447,487,39,17,15,47
frame=5,7,362,349,41,31,-22,45
