image=custom_gear_greatsword.png

[stance]
frames=4
duration=800ms
type=back_forth
frame=0,0,410,89,17,38,17,66
frame=0,1,251,169,16,34,22,69
frame=0,2,344,205,9,30,16,73
frame=0,3,83,323,10,18,7,77
frame=0,4,428,89,17,38,-2,77
frame=0,5,445,0,16,42,-8,74
frame=0,6,42,0,12,44,-6,70
frame=0,7,225,0,16,43,7,67
frame=1,0,82,89,16,39,17,66
frame=1,1,268,169,15,34,22,69
frame=1,2,354,205,9,30,16,73
frame=1,3,94,323,10,18,7,77
frame=1,4,99,89,16,39,-3,77
frame=1,5,242,0,15,43,-9,74
frame=1,6,55,0,12,44,-6,69
frame=1,7,462,0,16,42,7,66
frame=2,0,446,89,18,38,17,67
frame=2,1,396,169,17,33,22,69
frame=2,2,171,239,9,29,16,73
frame=2,3,121,205,17,31,8,77
frame=2,4,465,89,18,38,-1,77
frame=2,5,258,0,17,43,-7,75
frame=2,6,68,0,12,44,-6,70
frame=2,7,479,0,17,42,7,67
frame=3,0,484,89,17,38,17,66
frame=3,1,284,169,16,34,22,69
frame=3,2,364,205,9,30,16,73
frame=3,3,105,323,10,18,7,77
frame=3,4,0,130,17,38,-2,77
frame=3,5,0,46,16,42,-8,74
frame=3,6,81,0,12,44,-6,70
frame=3,7,276,0,16,43,7,67

[run]
frames=8
duration=640ms
type=looped
frame=0,0,306,130,25,35,16,66
frame=0,1,320,239,21,28,21,66
frame=0,2,278,270,12,24,16,69
frame=0,3,76,270,21,27,13,73
frame=0,4,332,130,25,35,7,77
frame=0,5,17,46,21,42,-2,77
frame=0,6,0,0,12,45,-6,74
frame=0,7,293,0,21,43,6,70
frame=1,0,139,205,32,31,18,65
frame=1,1,160,299,26,22,22,63
frame=1,2,291,343,12,15,16,64
frame=1,3,305,299,26,21,17,70
frame=1,4,172,205,32,31,12,76
frame=1,5,369,46,26,40,2,78
frame=1,6,94,0,12,44,-6,75
frame=1,7,396,46,26,40,7,70
frame=2,0,342,239,35,28,19,63
frame=2,1,116,323,27,18,22,60
frame=2,2,454,343,12,13,16,62
frame=2,3,144,323,28,18,19,68
frame=2,4,378,239,35,28,14,74
frame=2,5,116,89,27,39,3,77
frame=2,6,315,0,12,43,-6,75
frame=2,7,144,89,28,39,7,69
frame=3,0,205,205,32,31,18,65
frame=3,1,187,299,26,22,22,63
frame=3,2,304,343,12,15,16,64
frame=3,3,332,299,26,21,17,70
frame=3,4,238,205,32,31,12,76
frame=3,5,423,46,26,40,2,78
frame=3,6,107,0,12,44,-6,75
frame=3,7,450,46,26,40,7,70
frame=4,0,358,130,25,35,16,66
frame=4,1,414,239,21,28,21,66
frame=4,2,291,270,12,24,16,69
frame=4,3,98,270,21,27,13,73
frame=4,4,384,130,25,35,7,77
frame=4,5,39,46,21,42,-2,77
frame=4,6,13,0,12,45,-6,74
frame=4,7,328,0,21,43,6,70
frame=5,0,173,89,17,39,14,66
frame=5,1,301,169,16,34,20,67
frame=5,2,374,205,9,30,16,71
frame=5,3,173,323,10,18,9,75
frame=5,4,191,89,17,39,1,77
frame=5,5,350,0,16,43,-6,75
frame=5,6,120,0,12,44,-6,71
frame=5,7,61,46,16,42,5,67
frame=6,0,477,46,14,40,13,65
frame=6,1,291,130,14,36,19,67
frame=6,2,39,205,9,32,16,71
frame=6,3,493,299,9,19,8,75
frame=6,4,209,89,14,39,-1,75
frame=6,5,78,46,14,42,-7,73
frame=6,6,93,46,12,42,-6,68
frame=6,7,106,46,14,42,4,65
frame=7,0,224,89,17,39,14,66
frame=7,1,318,169,16,34,20,67
frame=7,2,384,205,9,30,16,71
frame=7,3,184,323,10,18,9,75
frame=7,4,242,89,17,39,1,77
frame=7,5,367,0,16,43,-6,75
frame=7,6,133,0,12,44,-6,71
frame=7,7,121,46,16,42,5,67

[swing]
frames=6
duration=600ms
type=play_once
frame=0,0,18,130,17,38,16,68
frame=0,1,335,169,16,34,21,70
frame=0,2,181,239,12,29,16,74
frame=0,3,414,169,16,33,8,78
frame=0,4,36,130,17,38,-1,79
frame=0,5,138,46,16,42,-7,76
frame=0,6,146,0,12,44,-6,72
frame=0,7,384,0,16,43,6,69
frame=1,0,169,343,41,16,21,63
frame=1,1,381,375,26,8,21,62
frame=1,2,95,375,17,9,17,66
frame=1,3,111,361,37,11,24,70
frame=1,4,304,270,41,24,18,78
frame=1,5,352,169,26,34,3,81
frame=1,6,204,130,17,37,-2,78
frame=1,7,194,239,37,29,11,71
frame=2,0,455,361,43,10,18,61
frame=2,1,435,299,25,20,19,66
frame=2,2,214,299,20,22,21,71
frame=2,3,467,343,41,13,30,72
frame=2,4,211,343,43,16,23,75
frame=2,5,209,270,25,25,4,79
frame=2,6,120,270,20,27,-3,76
frame=2,7,195,323,41,18,9,66
frame=3,0,492,46,14,40,16,68
frame=3,1,222,130,15,37,23,72
frame=3,2,431,169,12,33,18,77
frame=3,3,444,169,13,33,6,80
frame=3,4,54,130,14,38,-4,80
frame=3,5,155,46,15,42,-10,76
frame=3,6,401,0,12,43,-8,71
frame=3,7,414,0,13,43,5,68
frame=4,0,271,205,24,31,18,53
frame=4,1,260,89,24,39,26,62
frame=4,2,159,0,14,44,21,70
frame=4,3,26,0,15,45,13,75
frame=4,4,436,239,17,28,-3,72
frame=4,5,394,205,20,30,-8,64
frame=4,6,176,270,16,26,-7,54
frame=4,7,193,270,15,26,0,50
frame=5,0,69,130,17,38,16,68
frame=5,1,379,169,16,34,21,70
frame=5,2,415,205,12,30,16,74
frame=5,3,458,169,16,33,8,78
frame=5,4,87,130,17,38,-1,79
frame=5,5,171,46,16,42,-7,76
frame=5,6,174,0,12,44,-6,72
frame=5,7,428,0,16,43,6,69

[hit]
frames=2
duration=300ms
type=play_once
frame=0,0,105,130,19,38,17,67
frame=0,1,475,169,17,33,22,69
frame=0,2,232,239,9,29,16,73
frame=0,3,296,205,17,31,8,76
frame=0,4,238,130,19,37,0,77
frame=0,5,188,46,17,42,-7,75
frame=0,6,187,0,12,44,-6,71
frame=0,7,206,46,17,42,7,67
frame=1,0,125,130,18,38,17,67
frame=1,1,493,169,17,33,22,69
frame=1,2,242,239,9,29,16,73
frame=1,3,314,205,17,31,8,76
frame=1,4,258,130,18,37,-1,77
frame=1,5,224,46,17,42,-7,75
frame=1,6,200,0,12,44,-6,71
frame=1,7,242,46,17,42,7,67

[block]
frames=2
duration=300ms
type=play_once
frame=0,0,0,89,12,40,12,66
frame=0,1,277,130,13,37,19,69
frame=0,2,0,205,9,33,16,72
frame=0,3,237,323,8,18,7,76
frame=0,4,13,89,12,40,-2,77
frame=0,5,260,46,13,42,-8,74
frame=0,6,274,46,12,42,-6,69
frame=0,7,287,46,13,42,4,66
frame=1,0,317,343,43,15,17,55
frame=1,1,52,361,34,12,21,55
frame=1,2,361,343,12,15,16,59
frame=1,3,149,361,34,11,26,62
frame=1,4,374,343,43,15,24,66
frame=1,5,141,270,34,27,11,72
frame=1,6,10,205,12,33,-6,72
frame=1,7,454,239,34,28,6,65

[cast]
frames=4
duration=600ms
type=play_once
frame=0,0,346,270,39,23,24,60
frame=0,1,184,361,31,11,26,58
frame=0,2,491,375,12,5,16,60
frame=0,3,216,361,31,11,18,65
frame=0,4,386,270,39,23,13,71
frame=0,5,410,130,31,35,3,74
frame=0,6,285,89,12,39,-6,71
frame=0,7,442,130,31,35,11,66
frame=1,0,430,323,43,17,17,60
frame=1,1,252,239,33,29,21,66
frame=1,2,474,130,12,35,16,72
frame=1,3,428,205,32,30,25,74
frame=1,4,246,323,43,18,24,71
frame=1,5,113,375,33,9,10,65
frame=1,6,0,361,12,13,-6,64
frame=1,7,147,375,32,9,5,58
frame=2,0,0,343,43,17,17,60
frame=2,1,461,205,33,30,21,66
frame=2,2,487,130,12,35,16,72
frame=2,3,0,239,32,30,25,74
frame=2,4,290,323,43,18,24,71
frame=2,5,180,375,33,9,10,65
frame=2,6,13,361,12,13,-6,64
frame=2,7,214,375,32,9,5,58
frame=3,0,426,270,39,23,24,60
frame=3,1,248,361,31,11,26,58
frame=3,2,0,386,12,5,16,60
frame=3,3,280,361,31,11,18,65
frame=3,4,466,270,39,23,13,71
frame=3,5,0,169,31,35,3,74
frame=3,6,298,89,12,39,-6,71
frame=3,7,32,169,31,35,11,66

[shoot]
frames=4
duration=600ms
type=play_once
frame=0,0,0,299,39,23,24,60
frame=0,1,312,361,31,11,26,58
frame=0,2,13,386,12,5,16,60
frame=0,3,344,361,31,11,18,65
frame=0,4,40,299,39,23,13,71
frame=0,5,64,169,31,35,3,74
frame=0,6,311,89,12,39,-6,71
frame=0,7,96,169,31,35,11,66
frame=1,0,44,343,43,17,17,60
frame=1,1,286,239,33,29,21,66
frame=1,2,128,169,12,35,16,72
frame=1,3,33,239,32,30,25,74
frame=1,4,334,323,43,18,24,71
frame=1,5,247,375,33,9,10,65
frame=1,6,26,361,12,13,-6,64
frame=1,7,281,375,32,9,5,58
frame=2,0,88,343,43,17,17,60
frame=2,1,66,239,33,30,21,66
frame=2,2,141,169,12,35,16,72
frame=2,3,100,239,32,30,25,74
frame=2,4,378,323,43,18,24,71
frame=2,5,314,375,33,9,10,65
frame=2,6,39,361,12,13,-6,64
frame=2,7,348,375,32,9,5,58
frame=3,0,80,299,39,23,24,60
frame=3,1,376,361,31,11,26,58
frame=3,2,26,386,12,5,16,60
frame=3,3,408,361,31,11,18,65
frame=3,4,120,299,39,23,13,71
frame=3,5,154,169,31,35,3,74
frame=3,6,324,89,12,39,-6,71
frame=3,7,186,169,31,35,11,66

[die]
frames=6
duration=900ms
type=play_once
frame=0,0,26,89,8,40,13,64
frame=0,1,335,46,8,41,18,70
frame=0,2,344,46,9,41,16,75
frame=0,3,422,323,7,18,2,77
frame=0,4,35,89,8,40,-7,75
frame=0,5,337,89,10,39,-10,69
frame=0,6,144,130,12,38,-6,63
frame=0,7,348,89,10,39,3,61
frame=1,0,23,205,15,33,5,63
frame=1,1,332,205,11,31,12,63
frame=1,2,235,270,14,25,18,67
frame=1,3,0,323,12,19,18,74
frame=1,4,301,46,15,42,8,79
frame=1,5,213,0,11,44,-3,79
frame=1,6,317,46,17,42,-3,74
frame=1,7,157,130,21,38,1,68
frame=2,0,13,323,32,19,-9,52
frame=2,1,440,361,14,11,-1,41
frame=2,2,87,361,23,12,24,43
frame=2,3,235,299,37,22,44,56
frame=2,4,218,169,32,35,39,73
frame=2,5,354,46,14,41,13,83
frame=2,6,359,89,25,39,-1,81
frame=2,7,133,239,37,30,-9,68
frame=3,0,46,323,36,19,-32,36
frame=3,1,250,270,13,25,-18,24
frame=3,2,461,299,31,20,29,19
frame=3,3,408,375,44,8,66,26
frame=3,4,132,343,36,17,66,49
frame=3,5,264,270,13,25,29,68
frame=3,6,273,299,31,22,0,69
frame=3,7,0,375,44,10,-24,50
frame=4,0,179,130,24,38,-51,15
frame=4,1,44,89,18,40,-26,-4
frame=4,2,49,205,35,32,33,-12
frame=4,3,359,299,37,21,73,-2
frame=4,4,45,375,24,10,73,17
frame=4,5,453,375,18,7,42,35
frame=4,6,255,343,35,16,0,43
frame=4,7,0,270,37,28,-38,34
frame=5,0,385,89,24,39,-51,15
frame=5,1,63,89,18,40,-26,-4
frame=5,2,85,205,35,32,33,-12
frame=5,3,397,299,37,21,73,-2
frame=5,4,70,375,24,10,73,17
frame=5,5,472,375,18,7,42,35
frame=5,6,418,343,35,15,0,42
frame=5,7,38,270,37,28,-38,34
