image=custom_gear_greatstaff_red_smear.png

[stance]
frames=1
duration=100ms
type=play_once
frame=0,0,238,327,1,1,80,112
frame=0,1,238,327,1,1,80,112
frame=0,2,238,327,1,1,80,112
frame=0,3,238,327,1,1,80,112
frame=0,4,238,327,1,1,80,112
frame=0,5,238,327,1,1,80,112
frame=0,6,238,327,1,1,80,112
frame=0,7,238,327,1,1,80,112

[swing]
frames=8
duration=640ms
type=play_once
frame=0,0,238,327,1,1,80,112
frame=0,1,238,327,1,1,80,112
frame=0,2,238,327,1,1,80,112
frame=0,3,238,327,1,1,80,112
frame=0,4,238,327,1,1,80,112
frame=0,5,238,327,1,1,80,112
frame=0,6,238,327,1,1,80,112
frame=0,7,238,327,1,1,80,112
frame=1,0,238,327,1,1,80,112
frame=1,1,238,327,1,1,80,112
frame=1,2,238,327,1,1,80,112
frame=1,3,238,327,1,1,80,112
frame=1,4,238,327,1,1,80,112
frame=1,5,238,327,1,1,80,112
frame=1,6,238,327,1,1,80,112
frame=1,7,238,327,1,1,80,112
frame=2,0,71,300,124,25,63,34
frame=2,1,344,202,96,44,65,54
frame=2,2,383,113,61,56,65,66
frame=2,3,237,202,106,46,64,72
frame=2,4,0,256,125,43,60,76
frame=2,5,285,113,97,66,30,76
frame=2,6,216,113,68,72,1,72
frame=2,7,0,202,106,53,40,57
frame=3,0,424,256,87,26,62,58
frame=3,1,364,300,86,20,42,60
frame=3,2,175,256,48,40,-2,63
frame=3,3,224,256,51,39,-7,53
frame=3,4,252,300,88,23,25,31
frame=3,5,338,256,85,33,42,35
frame=3,6,107,202,47,51,48,51
frame=3,7,155,202,51,49,56,59
frame=4,0,238,327,1,1,80,112
frame=4,1,238,327,1,1,80,112
frame=4,2,238,327,1,1,80,112
frame=4,3,238,327,1,1,80,112
frame=4,4,238,327,1,1,80,112
frame=4,5,238,327,1,1,80,112
frame=4,6,238,327,1,1,80,112
frame=4,7,238,327,1,1,80,112
frame=5,0,238,327,1,1,80,112
frame=5,1,238,327,1,1,80,112
frame=5,2,238,327,1,1,80,112
frame=5,3,238,327,1,1,80,112
frame=5,4,238,327,1,1,80,112
frame=5,5,238,327,1,1,80,112
frame=5,6,238,327,1,1,80,112
frame=5,7,238,327,1,1,80,112
frame=6,0,238,327,1,1,80,112
frame=6,1,238,327,1,1,80,112
frame=6,2,238,327,1,1,80,112
frame=6,3,238,327,1,1,80,112
frame=6,4,238,327,1,1,80,112
frame=6,5,238,327,1,1,80,112
frame=6,6,238,327,1,1,80,112
frame=6,7,238,327,1,1,80,112
frame=7,0,238,327,1,1,80,112
frame=7,1,238,327,1,1,80,112
frame=7,2,238,327,1,1,80,112
frame=7,3,238,327,1,1,80,112
frame=7,4,238,327,1,1,80,112
frame=7,5,238,327,1,1,80,112
frame=7,6,238,327,1,1,80,112
frame=7,7,238,327,1,1,80,112

[swing2]
frames=8
duration=680ms
type=play_once
frame=0,0,238,327,1,1,80,112
frame=0,1,238,327,1,1,80,112
frame=0,2,238,327,1,1,80,112
frame=0,3,238,327,1,1,80,112
frame=0,4,238,327,1,1,80,112
frame=0,5,238,327,1,1,80,112
frame=0,6,238,327,1,1,80,112
frame=0,7,238,327,1,1,80,112
frame=1,0,238,327,1,1,80,112
frame=1,1,238,327,1,1,80,112
frame=1,2,238,327,1,1,80,112
frame=1,3,238,327,1,1,80,112
frame=1,4,238,327,1,1,80,112
frame=1,5,238,327,1,1,80,112
frame=1,6,238,327,1,1,80,112
frame=1,7,238,327,1,1,80,112
frame=2,0,289,0,116,90,65,85
frame=2,1,117,113,98,80,62,92
frame=2,2,194,0,25,97,23,104
frame=2,3,220,0,68,94,36,106
frame=2,4,0,113,116,88,49,102
frame=2,5,95,0,98,101,34,100
frame=2,6,0,0,25,112,0,99
frame=2,7,26,0,68,106,30,92
frame=3,0,451,300,31,20,46,1
frame=3,1,196,300,25,25,48,15
frame=3,2,483,300,3,20,21,29
frame=3,3,487,300,16,20,-3,29
frame=3,4,137,327,29,16,-18,19
frame=3,5,112,327,24,17,-25,8
frame=3,6,235,327,2,2,-21,-20
frame=3,7,341,300,22,21,18,-3
frame=4,0,238,327,1,1,80,112
frame=4,1,238,327,1,1,80,112
frame=4,2,238,327,1,1,80,112
frame=4,3,238,327,1,1,80,112
frame=4,4,238,327,1,1,80,112
frame=4,5,238,327,1,1,80,112
frame=4,6,238,327,1,1,80,112
frame=4,7,238,327,1,1,80,112
frame=5,0,238,327,1,1,80,112
frame=5,1,238,327,1,1,80,112
frame=5,2,238,327,1,1,80,112
frame=5,3,238,327,1,1,80,112
frame=5,4,238,327,1,1,80,112
frame=5,5,238,327,1,1,80,112
frame=5,6,238,327,1,1,80,112
frame=5,7,238,327,1,1,80,112
frame=6,0,238,327,1,1,80,112
frame=6,1,238,327,1,1,80,112
frame=6,2,238,327,1,1,80,112
frame=6,3,238,327,1,1,80,112
frame=6,4,238,327,1,1,80,112
frame=6,5,238,327,1,1,80,112
frame=6,6,238,327,1,1,80,112
frame=6,7,238,327,1,1,80,112
frame=7,0,238,327,1,1,80,112
frame=7,1,238,327,1,1,80,112
frame=7,2,238,327,1,1,80,112
frame=7,3,238,327,1,1,80,112
frame=7,4,238,327,1,1,80,112
frame=7,5,238,327,1,1,80,112
frame=7,6,238,327,1,1,80,112
frame=7,7,238,327,1,1,80,112

[swing3]
frames=8
duration=600ms
type=play_once
frame=0,0,238,327,1,1,80,112
frame=0,1,238,327,1,1,80,112
frame=0,2,238,327,1,1,80,112
frame=0,3,238,327,1,1,80,112
frame=0,4,238,327,1,1,80,112
frame=0,5,238,327,1,1,80,112
frame=0,6,238,327,1,1,80,112
frame=0,7,238,327,1,1,80,112
frame=1,0,238,327,1,1,80,112
frame=1,1,238,327,1,1,80,112
frame=1,2,238,327,1,1,80,112
frame=1,3,238,327,1,1,80,112
frame=1,4,238,327,1,1,80,112
frame=1,5,238,327,1,1,80,112
frame=1,6,238,327,1,1,80,112
frame=1,7,238,327,1,1,80,112
frame=2,0,126,256,48,43,65,56
frame=2,1,207,202,29,48,54,75
frame=2,2,276,256,61,36,38,79
frame=2,3,167,327,67,14,10,66
frame=2,4,0,327,48,19,-19,54
frame=2,5,222,300,29,24,-27,40
frame=2,6,49,327,62,18,22,26
frame=2,7,0,300,70,26,58,34
frame=3,0,238,327,1,1,80,112
frame=3,1,238,327,1,1,80,112
frame=3,2,238,327,1,1,80,112
frame=3,3,238,327,1,1,80,112
frame=3,4,238,327,1,1,80,112
frame=3,5,238,327,1,1,80,112
frame=3,6,238,327,1,1,80,112
frame=3,7,238,327,1,1,80,112
frame=4,0,238,327,1,1,80,112
frame=4,1,238,327,1,1,80,112
frame=4,2,238,327,1,1,80,112
frame=4,3,238,327,1,1,80,112
frame=4,4,238,327,1,1,80,112
frame=4,5,238,327,1,1,80,112
frame=4,6,238,327,1,1,80,112
frame=4,7,238,327,1,1,80,112
frame=5,0,238,327,1,1,80,112
frame=5,1,238,327,1,1,80,112
frame=5,2,238,327,1,1,80,112
frame=5,3,238,327,1,1,80,112
frame=5,4,238,327,1,1,80,112
frame=5,5,238,327,1,1,80,112
frame=5,6,238,327,1,1,80,112
frame=5,7,238,327,1,1,80,112
frame=6,0,238,327,1,1,80,112
frame=6,1,238,327,1,1,80,112
frame=6,2,238,327,1,1,80,112
frame=6,3,238,327,1,1,80,112
frame=6,4,238,327,1,1,80,112
frame=6,5,238,327,1,1,80,112
frame=6,6,238,327,1,1,80,112
frame=6,7,238,327,1,1,80,112
frame=7,0,238,327,1,1,80,112
frame=7,1,238,327,1,1,80,112
frame=7,2,238,327,1,1,80,112
frame=7,3,238,327,1,1,80,112
frame=7,4,238,327,1,1,80,112
frame=7,5,238,327,1,1,80,112
frame=7,6,238,327,1,1,80,112
frame=7,7,238,327,1,1,80,112
