image=custom_gear_greatstaff.png

[stance]
frames=4
duration=800ms
type=back_forth
frame=0,0,75,219,30,65,27,68
frame=0,1,403,414,23,57,27,71
frame=0,2,213,474,8,55,14,76
frame=0,3,224,414,23,58,9,79
frame=0,4,287,219,30,64,1,78
frame=0,5,424,0,23,71,-6,75
frame=0,6,18,0,8,75,-8,71
frame=0,7,448,0,23,71,12,67
frame=1,0,318,219,28,64,26,67
frame=1,1,248,414,22,58,27,71
frame=1,2,69,474,8,56,14,76
frame=1,3,271,414,21,58,8,79
frame=1,4,347,219,28,64,0,78
frame=1,5,472,0,22,71,-7,74
frame=1,6,129,0,8,74,-8,70
frame=1,7,0,77,21,71,11,67
frame=2,0,376,219,31,64,27,68
frame=2,1,78,474,23,56,27,71
frame=2,2,354,474,8,53,14,75
frame=2,3,427,414,23,57,9,79
frame=2,4,408,219,31,64,2,79
frame=2,5,239,0,23,72,-6,76
frame=2,6,27,0,8,75,-8,72
frame=2,7,22,77,23,71,12,68
frame=3,0,106,219,30,65,27,68
frame=3,1,451,414,23,57,27,71
frame=3,2,222,474,8,55,14,76
frame=3,3,293,414,23,58,9,79
frame=3,4,440,219,30,64,1,78
frame=3,5,46,77,23,71,-6,75
frame=3,6,36,0,8,75,-8,71
frame=3,7,70,77,23,71,12,67

[run]
frames=8
duration=640ms
type=looped
frame=0,0,140,351,42,59,31,68
frame=0,1,128,636,32,47,30,68
frame=0,2,490,636,8,42,14,71
frame=0,3,216,585,32,48,15,76
frame=0,4,45,351,42,60,9,79
frame=0,5,94,77,32,71,0,78
frame=0,6,0,0,8,76,-8,75
frame=0,7,127,77,32,71,15,71
frame=1,0,0,532,55,52,38,67
frame=1,1,315,728,40,35,35,65
frame=1,2,158,856,8,18,14,67
frame=1,3,204,728,40,36,18,73
frame=1,4,56,532,55,52,15,78
frame=1,5,13,149,40,68,3,79
frame=1,6,45,0,8,75,-8,77
frame=1,7,54,149,40,68,20,72
frame=2,0,249,585,60,48,41,65
frame=2,1,168,766,44,30,37,63
frame=2,2,323,879,8,15,14,65
frame=2,3,274,766,44,29,20,70
frame=2,4,310,585,60,48,17,76
frame=2,5,274,149,44,66,5,79
frame=2,6,178,0,8,73,-8,76
frame=2,7,319,149,44,66,22,71
frame=3,0,112,532,55,52,38,67
frame=3,1,356,728,40,35,35,65
frame=3,2,167,856,8,18,14,67
frame=3,3,245,728,40,36,18,73
frame=3,4,168,532,55,52,15,78
frame=3,5,95,149,40,68,3,79
frame=3,6,54,0,8,75,-8,77
frame=3,7,136,149,40,68,20,72
frame=4,0,183,351,42,59,31,68
frame=4,1,161,636,32,47,30,68
frame=4,2,499,636,8,42,14,71
frame=4,3,371,585,32,48,15,76
frame=4,4,88,351,42,60,9,79
frame=4,5,160,77,32,71,0,78
frame=4,6,9,0,8,76,-8,75
frame=4,7,193,77,32,71,15,71
frame=5,0,471,219,29,64,23,67
frame=5,1,317,414,22,58,24,70
frame=5,2,231,474,8,55,14,74
frame=5,3,112,856,12,20,11,77
frame=5,4,0,286,29,64,4,78
frame=5,5,263,0,22,72,-4,76
frame=5,6,63,0,8,75,-8,72
frame=5,7,226,77,22,71,9,68
frame=6,0,364,149,23,66,19,66
frame=6,1,17,351,18,61,22,69
frame=6,2,131,351,8,60,14,74
frame=6,3,437,286,17,62,9,77
frame=6,4,137,219,23,65,2,76
frame=6,5,249,77,18,71,-6,74
frame=6,6,187,0,8,73,-8,70
frame=6,7,449,77,17,70,6,66
frame=7,0,30,286,29,64,23,67
frame=7,1,340,414,22,58,24,70
frame=7,2,240,474,8,55,14,74
frame=7,3,125,856,12,20,11,77
frame=7,4,60,286,29,64,4,78
frame=7,5,286,0,22,72,-4,76
frame=7,6,72,0,8,75,-8,72
frame=7,7,268,77,22,71,9,68

[swing]
frames=6
duration=600ms
type=play_once
frame=0,0,90,286,29,64,25,69
frame=0,1,475,414,22,57,26,72
frame=0,2,285,474,8,54,14,77
frame=0,3,0,474,22,57,9,80
frame=0,4,120,286,29,64,2,80
frame=0,5,291,77,22,71,-6,77
frame=0,6,138,0,8,74,-8,73
frame=0,7,309,0,22,72,11,70
frame=1,0,279,829,69,24,48,65
frame=1,1,0,911,39,11,34,63
frame=1,2,395,879,22,14,18,69
frame=1,3,332,879,62,15,25,72
frame=1,4,15,685,69,39,19,80
frame=1,5,363,414,39,58,3,83
frame=1,6,455,286,22,62,2,80
frame=1,7,404,585,62,48,35,73
frame=2,0,0,897,72,13,46,62
frame=2,1,0,766,37,34,31,77
frame=2,2,286,728,28,36,21,83
frame=2,3,176,856,68,18,31,75
frame=2,4,349,829,72,24,24,77
frame=2,5,398,636,37,44,4,82
frame=2,6,259,636,28,46,5,79
frame=2,7,319,766,68,29,35,69
frame=3,0,388,149,23,66,23,69
frame=3,1,478,286,20,62,27,74
frame=3,2,226,351,9,59,16,79
frame=3,3,208,829,10,25,7,82
frame=3,4,150,286,23,64,-2,81
frame=3,5,467,77,20,70,-9,77
frame=3,6,196,0,9,73,-9,72
frame=3,7,332,0,16,72,7,69
frame=4,0,224,532,39,52,20,55
frame=4,1,161,219,41,65,29,63
frame=4,2,147,0,21,74,22,71
frame=4,3,81,0,19,75,16,76
frame=4,4,412,149,39,66,17,73
frame=4,5,363,474,41,53,10,65
frame=4,6,456,636,18,43,-6,57
frame=4,7,436,636,19,44,1,53
frame=5,0,174,286,29,64,25,69
frame=5,1,23,474,22,57,26,72
frame=5,2,249,474,8,55,14,77
frame=5,3,46,474,22,57,9,80
frame=5,4,204,286,29,64,2,80
frame=5,5,314,77,22,71,-6,77
frame=5,6,169,0,8,74,-8,73
frame=5,7,349,0,22,72,11,70

[hit]
frames=2
duration=300ms
type=play_once
frame=0,0,340,286,31,63,27,68
frame=0,1,102,474,25,56,28,71
frame=0,2,264,532,8,52,14,75
frame=0,3,128,474,24,56,10,79
frame=0,4,234,286,31,64,2,79
frame=0,5,372,0,25,72,-5,76
frame=0,6,101,0,8,75,-8,72
frame=0,7,337,77,24,71,12,68
frame=1,0,372,286,31,63,27,68
frame=1,1,153,474,25,56,28,71
frame=1,2,273,532,8,52,14,75
frame=1,3,179,474,24,56,10,79
frame=1,4,266,286,31,64,2,79
frame=1,5,398,0,25,72,-5,76
frame=1,6,110,0,8,75,-8,72
frame=1,7,362,77,24,71,12,68

[block]
frames=2
duration=300ms
type=play_once
frame=0,0,452,149,20,66,17,67
frame=0,1,0,351,16,62,21,70
frame=0,2,36,351,8,61,14,75
frame=0,3,138,856,9,20,8,78
frame=0,4,203,219,20,65,1,77
frame=0,5,387,77,16,71,-7,75
frame=0,6,206,0,8,73,-8,71
frame=0,7,488,77,15,70,5,67
frame=1,0,422,829,75,22,47,57
frame=1,1,283,856,54,17,41,58
frame=1,2,464,766,8,27,14,68
frame=1,3,338,856,54,17,26,66
frame=1,4,0,856,75,22,26,68
frame=1,5,288,636,54,46,11,75
frame=1,6,204,474,8,56,-8,74
frame=1,7,343,636,54,46,26,67

[cast]
frames=4
duration=600ms
type=play_once
frame=0,0,148,685,67,38,50,63
frame=0,1,101,879,50,16,44,60
frame=0,2,241,911,8,10,14,62
frame=0,3,393,856,49,17,19,68
frame=0,4,420,685,67,37,15,73
frame=0,5,236,351,50,59,4,76
frame=0,6,177,149,8,68,-8,74
frame=0,7,287,351,49,59,28,68
frame=1,0,350,801,73,26,46,67
frame=1,1,292,532,53,50,40,84
frame=1,2,337,351,8,59,14,94
frame=1,3,108,585,53,49,26,91
frame=1,4,0,801,73,27,25,78
frame=1,5,73,897,53,13,11,68
frame=1,6,76,856,8,22,-8,67
frame=1,7,127,897,53,13,25,60
frame=2,0,424,801,73,26,46,67
frame=2,1,346,532,53,50,40,84
frame=2,2,346,351,8,59,14,94
frame=2,3,400,532,53,50,26,92
frame=2,4,74,801,73,27,25,78
frame=2,5,181,897,53,13,11,68
frame=2,6,85,856,8,22,-8,67
frame=2,7,235,897,53,13,25,60
frame=3,0,216,685,67,38,50,63
frame=3,1,152,879,50,16,44,60
frame=3,2,250,911,8,10,14,62
frame=3,3,443,856,50,17,19,68
frame=3,4,0,728,67,37,15,73
frame=3,5,355,351,50,59,4,76
frame=3,6,186,149,8,68,-8,74
frame=3,7,406,351,50,59,29,68

[shoot]
frames=4
duration=600ms
type=play_once
frame=0,0,284,685,67,38,50,63
frame=0,1,203,879,50,16,44,60
frame=0,2,259,911,8,10,14,62
frame=0,3,0,879,49,17,19,68
frame=0,4,68,728,67,37,15,73
frame=0,5,457,351,50,59,4,76
frame=0,6,195,149,8,68,-8,74
frame=0,7,0,414,49,59,28,68
frame=1,0,0,829,73,26,46,67
frame=1,1,454,532,53,50,40,84
frame=1,2,50,414,8,59,14,94
frame=1,3,162,585,53,49,26,91
frame=1,4,148,801,73,27,25,78
frame=1,5,289,897,53,13,11,68
frame=1,6,94,856,8,22,-8,67
frame=1,7,343,897,53,13,25,60
frame=2,0,74,829,73,26,46,67
frame=2,1,0,585,53,50,40,84
frame=2,2,59,414,8,59,14,94
frame=2,3,54,585,53,50,26,92
frame=2,4,222,801,73,27,25,78
frame=2,5,397,897,53,13,11,68
frame=2,6,103,856,8,22,-8,67
frame=2,7,451,897,53,13,25,60
frame=3,0,352,685,67,38,50,63
frame=3,1,254,879,50,16,44,60
frame=3,2,268,911,8,10,14,62
frame=3,3,50,879,50,17,19,68
frame=3,4,136,728,67,37,15,73
frame=3,5,68,414,50,59,4,76
frame=3,6,204,149,8,68,-8,74
frame=3,7,119,414,50,59,29,68

[die]
frames=6
duration=900ms
type=play_once
frame=0,0,260,149,13,67,16,65
frame=0,1,0,149,12,69,20,71
frame=0,2,504,77,8,70,14,77
frame=0,3,148,856,9,20,2,79
frame=0,4,473,149,13,66,-5,75
frame=0,5,224,219,12,65,-10,70
frame=0,6,298,286,8,64,-8,65
frame=0,7,237,219,12,65,5,63
frame=1,0,258,474,26,55,13,64
frame=1,1,282,532,9,52,10,65
frame=1,2,388,766,14,28,19,70
frame=1,3,404,286,32,63,20,76
frame=1,4,404,77,26,71,11,80
frame=1,5,119,0,9,75,-3,80
frame=1,6,215,0,23,73,2,76
frame=1,7,307,286,32,64,10,69
frame=2,0,296,801,53,27,10,53
frame=2,1,305,879,17,16,1,43
frame=2,2,245,856,37,18,24,46
frame=2,3,85,685,62,39,45,59
frame=2,4,170,414,53,59,41,75
frame=2,5,431,77,17,71,14,85
frame=2,6,0,219,37,66,11,82
frame=2,7,0,636,62,48,15,69
frame=3,0,403,766,60,28,-9,44
frame=3,1,0,685,14,42,-18,38
frame=3,2,397,728,50,35,29,31
frame=3,3,40,911,76,11,67,26
frame=3,4,213,766,60,30,67,52
frame=3,5,475,636,14,43,30,71
frame=3,6,448,728,50,35,19,71
frame=3,7,117,911,76,11,7,51
frame=4,0,38,219,36,66,-40,40
frame=4,1,213,149,22,68,-26,22
frame=4,2,405,474,59,53,34,8
frame=4,3,103,766,64,31,75,7
frame=4,4,418,879,36,14,74,19
frame=4,5,194,911,22,11,46,36
frame=4,6,219,829,59,25,23,50
frame=4,7,194,636,64,47,-13,51
frame=5,0,250,219,36,65,-40,39
frame=5,1,236,149,23,68,-25,22
frame=5,2,294,474,59,54,34,8
frame=5,3,38,766,64,32,75,7
frame=5,4,455,879,36,14,74,19
frame=5,5,217,911,23,11,46,36
frame=5,6,148,829,59,26,23,50
frame=5,7,63,636,64,48,-13,51
