image=custom_gear_greatbow_orange.png

[stance]
frames=4
duration=800ms
type=back_forth
frame=0,0,184,98,19,42,23,54
frame=0,1,294,185,16,37,25,58
frame=0,2,0,224,5,35,12,63
frame=0,3,311,185,15,37,4,66
frame=0,4,204,98,19,42,-6,65
frame=0,5,496,0,16,46,-11,60
frame=0,6,102,0,5,48,-9,55
frame=0,7,147,0,15,47,9,53
frame=1,0,386,51,19,43,23,54
frame=1,1,327,185,14,37,24,58
frame=1,2,6,224,5,35,12,63
frame=1,3,358,142,15,38,4,66
frame=1,4,224,98,19,42,-6,64
frame=1,5,163,0,14,47,-12,60
frame=1,6,11,0,5,49,-9,55
frame=1,7,0,51,15,46,9,52
frame=2,0,70,142,21,41,24,54
frame=2,1,342,185,16,37,25,59
frame=2,2,116,224,5,34,12,63
frame=2,3,426,185,16,36,4,66
frame=2,4,92,142,21,41,-5,65
frame=2,5,178,0,16,47,-11,61
frame=2,6,17,0,5,49,-9,56
frame=2,7,16,51,16,46,10,53
frame=3,0,244,98,19,42,23,54
frame=3,1,359,185,16,37,25,58
frame=3,2,12,224,5,35,12,63
frame=3,3,376,185,15,37,4,66
frame=3,4,264,98,19,42,-6,65
frame=3,5,33,51,16,46,-11,60
frame=3,6,108,0,5,48,-9,55
frame=3,7,195,0,15,47,9,53

[run]
frames=8
duration=640ms
type=looped
frame=0,0,246,142,27,39,26,55
frame=0,1,385,260,22,30,27,57
frame=0,2,88,293,5,28,12,62
frame=0,3,408,260,21,30,8,65
frame=0,4,274,142,27,39,-1,66
frame=0,5,50,51,22,46,-7,63
frame=0,6,23,0,5,49,-9,59
frame=0,7,211,0,21,47,11,56
frame=1,0,177,224,35,33,31,55
frame=1,1,187,324,26,23,30,57
frame=1,2,355,370,5,14,12,61
frame=1,3,41,324,27,24,10,65
frame=1,4,213,224,35,33,2,66
frame=1,5,210,51,26,44,-6,65
frame=1,6,29,0,5,49,-9,61
frame=1,7,237,51,27,44,15,57
frame=2,0,149,260,38,31,33,55
frame=2,1,397,324,28,20,31,56
frame=2,2,404,370,5,13,12,59
frame=2,3,0,350,29,19,11,63
frame=2,4,343,224,38,32,3,66
frame=2,5,406,51,28,43,-5,65
frame=2,6,114,0,5,48,-9,61
frame=2,7,435,51,29,43,16,57
frame=3,0,249,224,35,33,31,55
frame=3,1,214,324,26,23,30,57
frame=3,2,361,370,5,14,12,61
frame=3,3,69,324,27,24,10,65
frame=3,4,285,224,35,33,2,66
frame=3,5,265,51,26,44,-6,65
frame=3,6,35,0,5,49,-9,61
frame=3,7,292,51,27,44,15,57
frame=4,0,302,142,27,39,26,55
frame=4,1,430,260,22,30,27,57
frame=4,2,94,293,5,28,12,62
frame=4,3,453,260,21,30,8,65
frame=4,4,330,142,27,39,-1,66
frame=4,5,233,0,22,47,-7,64
frame=4,6,41,0,5,49,-9,59
frame=4,7,256,0,21,47,11,56
frame=5,0,465,51,19,43,20,54
frame=5,1,374,142,15,38,22,57
frame=5,2,18,224,5,35,12,61
frame=5,3,445,402,7,8,6,64
frame=5,4,284,98,19,42,-3,64
frame=5,5,278,0,15,47,-9,61
frame=5,6,120,0,5,48,-9,56
frame=5,7,73,51,15,46,7,53
frame=6,0,485,51,16,43,17,52
frame=6,1,210,142,13,40,20,56
frame=6,2,390,142,5,38,12,60
frame=6,3,501,402,7,7,6,63
frame=6,4,0,98,16,43,-3,63
frame=6,5,89,51,13,46,-9,59
frame=6,6,126,0,5,48,-9,55
frame=6,7,294,0,13,47,5,52
frame=7,0,17,98,19,43,20,54
frame=7,1,396,142,15,38,22,57
frame=7,2,24,224,5,35,12,61
frame=7,3,453,402,7,8,6,64
frame=7,4,304,98,19,42,-3,64
frame=7,5,308,0,15,47,-9,61
frame=7,6,132,0,5,48,-9,56
frame=7,7,103,51,15,46,7,53

[swing]
frames=6
duration=600ms
type=play_once
frame=0,0,324,98,19,42,22,56
frame=0,1,392,185,16,37,24,60
frame=0,2,30,224,5,35,12,65
frame=0,3,376,402,8,10,5,67
frame=0,4,344,98,19,42,-5,67
frame=0,5,324,0,16,47,-10,63
frame=0,6,47,0,5,49,-9,58
frame=0,7,341,0,16,47,9,55
frame=1,0,178,370,44,16,38,59
frame=1,1,120,402,26,11,29,62
frame=1,2,345,388,16,12,14,68
frame=1,3,410,370,40,13,12,69
frame=1,4,162,293,44,25,4,71
frame=1,5,412,142,26,38,-5,70
frame=1,6,114,142,16,41,0,67
frame=1,7,188,260,40,31,26,62
frame=2,0,362,388,47,12,36,61
frame=2,1,329,324,25,22,26,73
frame=2,2,241,324,19,23,16,78
frame=2,3,451,370,45,13,17,73
frame=2,4,158,350,47,17,9,72
frame=2,5,100,293,25,28,-3,72
frame=2,6,475,260,19,30,1,68
frame=2,7,30,350,45,19,26,62
frame=3,0,37,98,16,43,20,55
frame=3,1,224,142,15,40,25,60
frame=3,2,439,142,8,38,16,66
frame=3,3,410,388,8,12,5,69
frame=3,4,54,98,16,43,-6,68
frame=3,5,119,51,15,46,-12,63
frame=3,6,138,0,8,48,-10,57
frame=3,7,358,0,12,47,5,54
frame=4,0,122,224,26,34,11,43
frame=4,1,364,98,27,42,20,49
frame=4,2,53,0,15,49,18,56
frame=4,3,69,0,13,49,14,60
frame=4,4,71,98,26,43,13,59
frame=4,5,149,224,27,34,5,54
frame=4,6,74,293,13,29,-7,47
frame=4,7,126,293,13,28,-3,42
frame=5,0,392,98,19,42,22,56
frame=5,1,409,185,16,37,24,60
frame=5,2,443,185,6,36,13,65
frame=5,3,385,402,8,10,5,67
frame=5,4,412,98,19,42,-5,67
frame=5,5,371,0,16,47,-10,63
frame=5,6,83,0,6,49,-9,58
frame=5,7,388,0,15,47,8,55

[hit]
frames=2
duration=300ms
type=play_once
frame=0,0,432,98,21,42,24,55
frame=0,1,450,185,16,36,25,59
frame=0,2,321,224,5,33,12,63
frame=0,3,461,402,7,8,5,66
frame=0,4,131,142,21,41,-5,65
frame=0,5,404,0,16,47,-11,61
frame=0,6,90,0,5,49,-9,56
frame=0,7,421,0,17,47,10,54
frame=1,0,454,98,21,42,24,55
frame=1,1,467,185,16,36,25,59
frame=1,2,327,224,5,33,12,63
frame=1,3,469,402,7,8,5,66
frame=1,4,153,142,21,41,-5,65
frame=1,5,439,0,16,47,-11,61
frame=1,6,96,0,5,49,-9,56
frame=1,7,456,0,17,47,10,54

[block]
frames=2
duration=300ms
type=play_once
frame=0,0,98,98,15,43,16,53
frame=0,1,175,142,12,41,19,57
frame=0,2,240,142,5,40,12,62
frame=0,3,497,370,7,13,6,64
frame=0,4,114,98,14,43,-4,64
frame=0,5,135,51,12,46,-9,60
frame=0,6,474,0,5,47,-9,55
frame=0,7,148,51,12,46,4,52
frame=1,0,257,370,48,15,36,52
frame=1,1,367,370,36,14,34,57
frame=1,2,76,350,5,19,12,66
frame=1,3,0,388,36,13,15,64
frame=1,4,306,370,48,15,10,63
frame=1,5,0,293,36,30,0,64
frame=1,6,484,185,5,36,-9,62
frame=1,7,37,293,36,30,19,57

[cast]
frames=4
duration=600ms
type=play_once
frame=0,0,207,293,44,25,41,54
frame=0,1,37,388,32,13,37,56
frame=0,2,477,402,5,8,12,60
frame=0,3,70,388,33,13,9,64
frame=0,4,252,293,44,25,1,65
frame=0,5,448,142,32,38,-7,63
frame=0,6,320,51,5,44,-9,59
frame=0,7,0,185,33,38,22,55
frame=1,0,206,350,48,17,36,64
frame=1,1,229,260,35,31,33,77
frame=1,2,34,185,5,38,12,86
frame=1,3,382,224,35,32,15,85
frame=1,4,255,350,48,17,10,75
frame=1,5,147,402,35,11,0,64
frame=1,6,223,370,5,16,-9,62
frame=1,7,419,388,35,12,18,57
frame=2,0,304,350,48,17,36,64
frame=2,1,418,224,35,32,33,78
frame=2,2,40,185,5,38,12,86
frame=2,3,454,224,35,32,15,85
frame=2,4,353,350,48,17,10,75
frame=2,5,183,402,35,11,0,64
frame=2,6,229,370,5,16,-9,62
frame=2,7,455,388,35,12,18,57
frame=3,0,97,324,44,24,41,54
frame=3,1,104,388,32,13,37,56
frame=3,2,483,402,5,8,12,60
frame=3,3,137,388,33,13,9,64
frame=3,4,297,293,44,25,1,65
frame=3,5,46,185,32,38,-7,63
frame=3,6,326,51,5,44,-9,59
frame=3,7,79,185,33,38,22,55

[shoot]
frames=4
duration=600ms
type=play_once
frame=0,0,342,293,44,25,41,54
frame=0,1,171,388,32,13,37,56
frame=0,2,489,402,5,8,12,60
frame=0,3,204,388,33,13,9,64
frame=0,4,387,293,44,25,1,65
frame=0,5,113,185,32,38,-7,63
frame=0,6,332,51,5,44,-9,59
frame=0,7,146,185,33,38,22,55
frame=1,0,402,350,48,17,36,64
frame=1,1,265,260,35,31,33,77
frame=1,2,180,185,5,38,12,86
frame=1,3,0,260,35,32,15,85
frame=1,4,451,350,48,17,10,75
frame=1,5,219,402,35,11,0,64
frame=1,6,235,370,5,16,-9,62
frame=1,7,0,402,35,12,18,57
frame=2,0,0,370,48,17,36,64
frame=2,1,36,260,35,32,33,78
frame=2,2,186,185,5,38,12,86
frame=2,3,72,260,35,32,15,85
frame=2,4,49,370,48,17,10,75
frame=2,5,255,402,35,11,0,64
frame=2,6,241,370,5,16,-9,62
frame=2,7,36,402,35,12,18,57
frame=3,0,142,324,44,24,41,54
frame=3,1,238,388,32,13,37,56
frame=3,2,495,402,5,8,12,60
frame=3,3,271,388,33,13,9,64
frame=3,4,432,293,44,25,1,65
frame=3,5,192,185,32,38,-7,63
frame=3,6,338,51,5,44,-9,59
frame=3,7,225,185,33,38,22,55

[die]
frames=6
duration=900ms
type=play_once
frame=0,0,344,51,12,44,13,51
frame=0,1,199,51,10,45,17,57
frame=0,2,161,51,5,46,12,62
frame=0,3,0,415,6,5,2,64
frame=0,4,357,51,11,44,-4,62
frame=0,5,476,98,10,42,-9,56
frame=0,6,487,98,5,42,-9,51
frame=0,7,129,98,10,43,2,49
frame=1,0,490,185,18,36,11,53
frame=1,1,333,224,9,33,10,53
frame=1,2,247,370,9,16,14,58
frame=1,3,188,142,21,41,13,63
frame=1,4,167,51,18,46,5,65
frame=1,5,0,0,10,50,-2,65
frame=1,6,480,0,15,47,-1,60
frame=1,7,0,142,21,42,6,56
frame=2,0,123,350,34,18,3,47
frame=2,1,305,388,12,13,-1,40
frame=2,2,318,388,26,13,17,41
frame=2,3,0,324,40,25,32,50
frame=2,4,259,185,34,38,29,62
frame=2,5,186,51,12,46,11,70
frame=2,6,140,98,26,43,7,68
frame=2,7,108,260,40,32,6,59
frame=3,0,82,350,40,19,-17,41
frame=3,1,151,293,10,27,-19,33
frame=3,2,261,324,33,23,19,27
frame=3,3,291,402,50,11,52,26
frame=3,4,426,324,40,20,55,45
frame=3,5,140,293,10,28,27,61
frame=3,6,295,324,33,23,12,63
frame=3,7,394,402,50,10,-4,49
frame=4,0,22,142,23,42,-45,31
frame=4,1,369,51,16,44,-30,13
frame=4,2,36,224,39,35,22,1
frame=4,3,467,324,41,20,61,3
frame=4,4,72,402,23,12,66,18
frame=4,5,342,402,16,11,44,36
frame=4,6,98,370,39,17,15,47
frame=4,7,301,260,41,31,-22,45
frame=5,0,46,142,23,42,-45,31
frame=5,1,167,98,16,43,-30,12
frame=5,2,76,224,39,35,22,1
frame=5,3,355,324,41,21,61,3
frame=5,4,96,402,23,12,66,18
frame=5,5,359,402,16,11,44,36
frame=5,6,138,370,39,17,15,47
frame=5,7,343,260,41,31,-22,45
