image=custom_gear_hand_axe.png

[stance]
frames=4
duration=800ms
type=back_forth
frame=0,0,181,28,15,24,17,52
frame=0,1,63,78,12,21,20,57
frame=0,2,168,140,5,12,12,61
frame=0,3,336,140,8,11,5,64
frame=0,4,484,28,14,23,-5,62
frame=0,5,33,0,12,26,-10,58
frame=0,6,46,0,5,26,-9,52
frame=0,7,333,0,12,25,5,50
frame=1,0,0,54,15,23,17,51
frame=1,1,76,78,12,21,20,56
frame=1,2,174,140,5,12,12,61
frame=1,3,118,155,8,10,5,64
frame=1,4,16,54,15,23,-4,62
frame=1,5,346,0,12,25,-10,57
frame=1,6,52,0,5,26,-9,52
frame=1,7,359,0,12,25,5,49
frame=2,0,32,54,16,23,17,52
frame=2,1,89,78,13,21,20,57
frame=2,2,128,140,5,13,12,62
frame=2,3,0,167,9,9,6,64
frame=2,4,49,54,15,23,-4,63
frame=2,5,372,0,13,25,-9,58
frame=2,6,58,0,5,26,-9,53
frame=2,7,64,0,13,26,5,51
frame=3,0,197,28,15,24,17,52
frame=3,1,103,78,12,21,20,57
frame=3,2,180,140,5,12,12,61
frame=3,3,345,140,8,11,5,64
frame=3,4,65,54,14,23,-5,62
frame=3,5,78,0,12,26,-10,58
frame=3,6,91,0,5,26,-9,52
frame=3,7,386,0,12,25,5,50

[run]
frames=8
duration=640ms
type=looped
frame=0,0,336,54,19,22,16,53
frame=0,1,233,101,15,18,20,56
frame=0,2,134,140,5,13,12,60
frame=0,3,492,101,14,16,9,64
frame=0,4,356,54,19,22,1,64
frame=0,5,97,0,15,26,-7,61
frame=0,6,113,0,5,26,-9,56
frame=0,7,399,0,15,25,4,53
frame=1,0,70,101,23,20,18,54
frame=1,1,369,123,18,14,21,56
frame=1,2,354,140,5,11,12,60
frame=1,3,388,123,17,14,10,63
frame=1,4,138,101,23,19,3,64
frame=1,5,213,28,18,24,-5,62
frame=1,6,119,0,5,26,-9,58
frame=1,7,415,0,17,25,5,55
frame=2,0,249,101,23,18,18,53
frame=2,1,186,140,18,12,21,55
frame=2,2,360,140,5,11,12,59
frame=2,3,205,140,18,12,10,62
frame=2,4,273,101,23,18,3,64
frame=2,5,232,28,18,24,-5,62
frame=2,6,125,0,5,26,-9,58
frame=2,7,251,28,18,24,6,55
frame=3,0,94,101,23,20,18,54
frame=3,1,406,123,18,14,21,56
frame=3,2,366,140,5,11,12,60
frame=3,3,425,123,17,14,10,63
frame=3,4,162,101,23,19,3,64
frame=3,5,270,28,18,24,-5,62
frame=3,6,131,0,5,26,-9,58
frame=3,7,433,0,17,25,5,55
frame=4,0,376,54,19,22,16,53
frame=4,1,297,101,15,18,20,56
frame=4,2,140,140,5,13,12,60
frame=4,3,0,123,14,16,9,64
frame=4,4,396,54,19,22,1,64
frame=4,5,137,0,15,26,-7,61
frame=4,6,153,0,5,26,-9,56
frame=4,7,451,0,15,25,4,53
frame=5,0,80,54,16,23,14,51
frame=5,1,116,78,12,21,18,55
frame=5,2,224,140,5,12,12,59
frame=5,3,260,167,9,7,8,62
frame=5,4,97,54,16,23,0,62
frame=5,5,467,0,12,25,-8,58
frame=5,6,0,0,5,27,-9,54
frame=5,7,159,0,13,26,3,51
frame=6,0,289,28,13,24,12,50
frame=6,1,114,54,11,23,17,54
frame=6,2,230,140,5,12,12,58
frame=6,3,290,167,8,6,7,61
frame=6,4,126,54,13,23,-1,60
frame=6,5,173,0,11,26,-8,57
frame=6,6,185,0,5,26,-9,52
frame=6,7,480,0,11,25,2,49
frame=7,0,140,54,16,23,14,51
frame=7,1,129,78,12,21,18,55
frame=7,2,236,140,5,12,12,59
frame=7,3,270,167,9,7,8,62
frame=7,4,157,54,16,23,0,62
frame=7,5,492,0,12,25,-8,58
frame=7,6,6,0,5,27,-9,54
frame=7,7,191,0,13,26,3,51

[swing]
frames=6
duration=600ms
type=play_once
frame=0,0,303,28,16,24,16,54
frame=0,1,142,78,13,21,20,58
frame=0,2,15,123,5,16,12,63
frame=0,3,400,101,12,17,6,65
frame=0,4,174,54,16,23,-2,64
frame=0,5,205,0,13,26,-9,60
frame=0,6,12,0,5,27,-9,55
frame=0,7,0,28,12,25,4,52
frame=1,0,372,140,26,11,21,59
frame=1,1,127,155,16,10,20,61
frame=1,2,399,140,10,11,13,66
frame=1,3,10,167,23,9,10,68
frame=1,4,66,123,26,15,3,70
frame=1,5,156,78,16,21,-6,68
frame=1,6,416,54,10,22,-5,64
frame=1,7,313,101,23,18,11,60
frame=2,0,144,155,26,10,18,59
frame=2,1,21,123,14,16,16,65
frame=2,2,337,101,12,18,15,71
frame=2,3,242,140,24,12,14,70
frame=2,4,410,140,26,11,6,71
frame=2,5,413,101,15,17,-4,71
frame=2,6,350,101,12,18,-5,67
frame=2,7,267,140,24,12,8,61
frame=3,0,320,28,14,24,16,53
frame=3,1,427,54,12,22,21,58
frame=3,2,363,101,6,18,15,64
frame=3,3,171,155,8,10,5,67
frame=3,4,191,54,14,23,-4,65
frame=3,5,13,28,12,25,-11,60
frame=3,6,219,0,6,26,-11,54
frame=3,7,26,28,10,25,3,51
frame=4,0,440,54,15,22,10,44
frame=4,1,335,28,15,24,18,47
frame=4,2,226,0,10,26,17,53
frame=4,3,237,0,7,26,10,57
frame=4,4,146,140,9,13,-3,57
frame=4,5,186,101,12,19,-8,53
frame=4,6,118,101,9,20,-10,48
frame=4,7,128,101,9,20,-3,44
frame=5,0,206,54,16,23,16,53
frame=5,1,173,78,13,21,20,58
frame=5,2,36,123,5,16,12,63
frame=5,3,429,101,12,17,6,65
frame=5,4,223,54,16,23,-2,64
frame=5,5,245,0,13,26,-9,60
frame=5,6,18,0,5,27,-9,55
frame=5,7,37,28,12,25,4,52

[hit]
frames=2
duration=300ms
type=play_once
frame=0,0,240,54,16,23,17,52
frame=0,1,187,78,13,21,20,57
frame=0,2,156,140,5,13,12,62
frame=0,3,34,167,9,9,6,64
frame=0,4,257,54,16,23,-3,63
frame=0,5,50,28,13,25,-9,58
frame=0,6,259,0,5,26,-9,53
frame=0,7,265,0,13,26,5,51
frame=1,0,274,54,16,23,17,52
frame=1,1,201,78,13,21,20,57
frame=1,2,162,140,5,13,12,62
frame=1,3,44,167,9,9,6,64
frame=1,4,291,54,16,23,-3,63
frame=1,5,64,28,13,25,-9,58
frame=1,6,279,0,5,26,-9,53
frame=1,7,285,0,13,26,5,51

[block]
frames=2
duration=300ms
type=play_once
frame=0,0,351,28,13,24,12,51
frame=0,1,308,54,11,23,17,55
frame=0,2,180,155,5,10,12,59
frame=0,3,186,155,8,10,7,62
frame=0,4,365,28,10,24,-4,61
frame=0,5,78,28,11,25,-8,57
frame=0,6,299,0,5,26,-9,53
frame=0,7,90,28,11,25,2,50
frame=1,0,195,155,26,10,17,52
frame=1,1,292,140,20,12,20,54
frame=1,2,443,123,5,14,12,59
frame=1,3,437,140,20,11,13,61
frame=1,4,222,155,26,10,7,62
frame=1,5,370,101,20,18,-2,63
frame=1,6,215,78,5,21,-9,60
frame=1,7,442,101,20,17,5,55

[cast]
frames=4
duration=600ms
type=play_once
frame=0,0,93,123,25,15,24,53
frame=0,1,249,155,19,10,25,56
frame=0,2,269,155,5,10,12,60
frame=0,3,54,167,20,9,8,63
frame=0,4,119,123,24,15,-2,64
frame=0,5,456,54,19,22,-8,61
frame=0,6,376,28,5,24,-9,56
frame=0,7,221,78,20,21,10,53
frame=1,0,449,123,26,14,17,59
frame=1,1,242,78,20,21,20,66
frame=1,2,382,28,5,24,12,72
frame=1,3,263,78,20,21,13,73
frame=1,4,458,140,26,11,7,70
frame=1,5,75,167,20,9,-2,64
frame=1,6,275,155,5,10,-9,61
frame=1,7,281,155,20,10,5,57
frame=2,0,476,123,26,14,17,59
frame=2,1,284,78,20,21,20,66
frame=2,2,388,28,5,24,12,72
frame=2,3,305,78,20,21,13,73
frame=2,4,485,140,26,11,7,70
frame=2,5,96,167,20,9,-2,64
frame=2,6,302,155,5,10,-9,61
frame=2,7,308,155,20,10,5,57
frame=3,0,144,123,25,15,24,53
frame=3,1,329,155,19,10,25,56
frame=3,2,349,155,5,10,12,60
frame=3,3,117,167,20,9,8,63
frame=3,4,170,123,24,15,-2,64
frame=3,5,476,54,19,22,-8,61
frame=3,6,394,28,5,24,-9,56
frame=3,7,326,78,20,21,10,53

[shoot]
frames=4
duration=600ms
type=play_once
frame=0,0,195,123,25,15,24,53
frame=0,1,355,155,19,10,25,56
frame=0,2,375,155,5,10,12,60
frame=0,3,138,167,20,9,8,63
frame=0,4,221,123,24,15,-2,64
frame=0,5,0,78,19,22,-8,61
frame=0,6,400,28,5,24,-9,56
frame=0,7,347,78,20,21,10,53
frame=1,0,0,140,26,14,17,59
frame=1,1,368,78,20,21,20,66
frame=1,2,406,28,5,24,12,72
frame=1,3,389,78,20,21,13,73
frame=1,4,0,155,26,11,7,70
frame=1,5,159,167,20,9,-2,64
frame=1,6,381,155,5,10,-9,61
frame=1,7,387,155,20,10,5,57
frame=2,0,27,140,26,14,17,59
frame=2,1,410,78,20,21,20,66
frame=2,2,412,28,5,24,12,72
frame=2,3,431,78,20,21,13,73
frame=2,4,27,155,26,11,7,70
frame=2,5,180,167,20,9,-2,64
frame=2,6,408,155,5,10,-9,61
frame=2,7,414,155,20,10,5,57
frame=3,0,246,123,25,15,24,53
frame=3,1,435,155,19,10,25,56
frame=3,2,455,155,5,10,12,60
frame=3,3,201,167,20,9,8,63
frame=3,4,272,123,24,15,-2,64
frame=3,5,20,78,19,22,-8,61
frame=3,6,418,28,5,24,-9,56
frame=3,7,452,78,20,21,10,53

[die]
frames=6
duration=900ms
type=play_once
frame=0,0,102,28,9,25,12,49
frame=0,1,112,28,8,25,17,54
frame=0,2,121,28,5,25,12,59
frame=0,3,299,167,4,3,1,62
frame=0,4,424,28,9,24,-5,59
frame=0,5,434,28,8,24,-11,55
frame=0,6,127,28,5,25,-9,50
frame=0,7,443,28,9,24,2,47
frame=1,0,473,78,15,21,5,51
frame=1,1,199,101,8,19,9,52
frame=1,2,54,140,9,14,14,56
frame=1,3,280,167,9,7,14,60
frame=1,4,305,0,15,26,8,63
frame=1,5,24,0,8,27,-3,62
frame=1,6,321,0,11,26,-5,58
frame=1,7,320,54,15,23,-1,53
frame=2,0,54,155,22,11,-10,46
frame=2,1,222,167,10,9,-4,39
frame=2,2,461,155,13,10,15,40
frame=2,3,297,123,24,15,31,49
frame=2,4,40,78,22,22,30,60
frame=2,5,133,28,10,25,12,67
frame=2,6,453,28,15,24,-2,66
frame=2,7,208,101,24,19,-9,58
frame=3,0,322,123,22,15,-32,35
frame=3,1,391,101,8,18,-21,22
frame=3,2,463,101,19,17,17,19
frame=3,3,475,155,26,10,48,25
frame=3,4,313,140,22,12,52,44
frame=3,5,483,101,8,17,27,60
frame=3,6,64,140,19,14,0,62
frame=3,7,233,167,26,9,-24,49
frame=4,0,469,28,14,24,-53,14
frame=4,1,144,28,10,25,-31,-5
frame=4,2,489,78,21,21,19,-12
frame=4,3,42,123,23,16,59,-3
frame=4,4,77,155,14,11,65,16
frame=4,5,502,155,10,10,39,35
frame=4,6,84,140,21,14,0,42
frame=4,7,0,101,23,21,-38,34
frame=5,0,155,28,14,25,-53,14
frame=5,1,170,28,10,25,-31,-5
frame=5,2,24,101,21,21,19,-12
frame=5,3,345,123,23,15,59,-4
frame=5,4,92,155,14,11,65,16
frame=5,5,107,155,10,11,39,35
frame=5,6,106,140,21,14,0,42
frame=5,7,46,101,23,21,-38,34
