image=custom_gear_infantry_axe.png

[stance]
frames=4
duration=800ms
type=back_forth
frame=0,0,161,124,22,35,17,64
frame=0,1,31,195,17,31,20,67
frame=0,2,72,258,5,23,12,72
frame=0,3,459,306,13,16,10,75
frame=0,4,190,85,22,36,3,75
frame=0,5,163,0,17,40,-5,72
frame=0,6,42,0,5,42,-9,68
frame=0,7,108,44,17,39,5,64
frame=1,0,213,85,21,36,17,64
frame=1,1,319,161,16,32,20,67
frame=1,2,78,258,5,23,12,72
frame=1,3,473,306,12,16,9,75
frame=1,4,235,85,21,36,2,75
frame=1,5,126,44,16,39,-6,71
frame=1,6,0,0,5,43,-9,68
frame=1,7,181,0,16,40,5,64
frame=2,0,257,85,23,36,17,65
frame=2,1,49,195,17,31,20,67
frame=2,2,84,258,5,23,12,72
frame=2,3,486,306,14,16,11,75
frame=2,4,184,124,23,35,4,75
frame=2,5,198,0,17,40,-5,73
frame=2,6,48,0,5,42,-9,69
frame=2,7,216,0,18,40,5,65
frame=3,0,208,124,22,35,17,64
frame=3,1,67,195,17,31,20,67
frame=3,2,90,258,5,23,12,72
frame=3,3,0,327,13,16,10,75
frame=3,4,281,85,22,36,3,75
frame=3,5,235,0,17,40,-5,72
frame=3,6,54,0,5,42,-9,68
frame=3,7,143,44,17,39,5,64

[run]
frames=8
duration=640ms
type=looped
frame=0,0,246,124,29,34,16,65
frame=0,1,156,228,22,27,20,65
frame=0,2,428,258,5,21,12,68
frame=0,3,11,258,20,24,15,72
frame=0,4,353,124,29,33,11,75
frame=0,5,253,0,22,40,0,75
frame=0,6,6,0,5,43,-9,72
frame=0,7,161,44,21,39,4,67
frame=1,0,373,195,35,30,18,64
frame=1,1,196,284,26,20,21,62
frame=1,2,99,327,5,15,12,64
frame=1,3,223,284,26,20,18,69
frame=1,4,445,195,35,29,15,74
frame=1,5,327,44,26,38,3,76
frame=1,6,103,0,5,41,-9,73
frame=1,7,354,44,26,38,6,68
frame=2,0,179,228,36,27,18,62
frame=2,1,236,306,27,18,21,60
frame=2,2,73,344,5,12,12,62
frame=2,3,281,306,27,17,19,67
frame=2,4,216,228,36,27,16,73
frame=2,5,11,85,27,37,4,75
frame=2,6,109,0,5,41,-9,73
frame=2,7,39,85,27,37,6,68
frame=3,0,409,195,35,30,18,64
frame=3,1,250,284,26,20,21,62
frame=3,2,105,327,5,15,12,64
frame=3,3,277,284,26,20,18,69
frame=3,4,0,228,35,29,15,74
frame=3,5,381,44,26,38,3,76
frame=3,6,115,0,5,41,-9,73
frame=3,7,408,44,26,38,6,68
frame=4,0,276,124,29,34,16,65
frame=4,1,253,228,22,27,20,65
frame=4,2,434,258,5,21,12,68
frame=4,3,32,258,20,24,15,72
frame=4,4,383,124,29,33,11,75
frame=4,5,276,0,22,40,0,75
frame=4,6,12,0,5,43,-9,72
frame=4,7,183,44,21,39,4,67
frame=5,0,304,85,22,36,14,64
frame=5,1,336,161,17,32,18,66
frame=5,2,96,258,5,23,12,70
frame=5,3,309,306,13,17,12,74
frame=5,4,327,85,22,36,6,75
frame=5,5,299,0,17,40,-3,73
frame=5,6,18,0,5,43,-9,70
frame=5,7,317,0,17,40,3,65
frame=6,0,67,85,18,37,12,63
frame=6,1,306,124,15,34,17,65
frame=6,2,53,258,5,24,12,70
frame=6,3,323,306,12,17,11,73
frame=6,4,350,85,18,36,4,73
frame=6,5,335,0,15,40,-4,71
frame=6,6,60,0,5,42,-9,68
frame=6,7,351,0,15,40,2,64
frame=7,0,369,85,22,36,14,64
frame=7,1,354,161,17,32,18,66
frame=7,2,102,258,5,23,12,70
frame=7,3,336,306,13,17,12,74
frame=7,4,392,85,22,36,6,75
frame=7,5,367,0,17,40,-3,73
frame=7,6,24,0,5,43,-9,70
frame=7,7,385,0,17,40,3,65

[swing]
frames=6
duration=600ms
type=play_once
frame=0,0,415,85,22,36,16,66
frame=0,1,372,161,17,32,19,69
frame=0,2,342,228,5,26,12,73
frame=0,3,36,228,17,29,11,76
frame=0,4,438,85,22,36,4,77
frame=0,5,403,0,17,40,-4,74
frame=0,6,30,0,5,43,-9,71
frame=0,7,421,0,17,40,4,67
frame=1,0,182,327,40,14,21,62
frame=1,1,79,344,24,12,20,61
frame=1,2,223,327,13,14,16,66
frame=1,3,249,344,37,11,24,70
frame=1,4,130,258,40,22,17,77
frame=1,5,413,124,24,33,2,80
frame=1,6,322,124,13,34,-5,76
frame=1,7,276,228,37,27,11,69
frame=2,0,366,327,41,13,18,59
frame=2,1,108,258,21,23,16,65
frame=2,2,436,228,17,25,20,70
frame=2,3,111,327,38,15,28,70
frame=2,4,237,327,41,14,21,74
frame=2,5,454,228,22,25,3,79
frame=2,6,348,228,17,26,-5,75
frame=2,7,350,306,38,17,8,66
frame=3,0,86,85,19,37,16,66
frame=3,1,336,124,16,34,21,70
frame=3,2,54,228,7,29,15,75
frame=3,3,440,258,11,21,8,78
frame=3,4,461,85,19,36,1,78
frame=3,5,205,44,16,39,-7,74
frame=3,6,66,0,7,42,-10,70
frame=3,7,439,0,13,40,3,66
frame=4,0,438,124,22,33,17,55
frame=4,1,435,44,23,38,26,61
frame=4,2,121,0,13,41,20,68
frame=4,3,135,0,12,41,10,72
frame=4,4,314,228,16,27,-3,71
frame=4,5,85,195,20,31,-8,65
frame=4,6,91,228,13,28,-9,58
frame=4,7,105,228,12,28,0,54
frame=5,0,481,85,22,36,16,66
frame=5,1,390,161,17,32,19,69
frame=5,2,366,228,5,26,12,73
frame=5,3,62,228,17,29,11,76
frame=5,4,0,124,22,36,4,77
frame=5,5,453,0,17,40,-4,74
frame=5,6,36,0,5,43,-9,71
frame=5,7,471,0,17,40,4,67

[hit]
frames=2
duration=300ms
type=play_once
frame=0,0,23,124,23,36,17,65
frame=0,1,106,195,18,31,20,67
frame=0,2,171,258,5,22,12,71
frame=0,3,14,327,14,16,11,75
frame=0,4,47,124,23,36,4,76
frame=0,5,489,0,18,40,-4,73
frame=0,6,74,0,5,42,-9,69
frame=0,7,0,44,18,40,5,65
frame=1,0,71,124,23,36,17,65
frame=1,1,125,195,18,31,20,67
frame=1,2,177,258,5,22,12,71
frame=1,3,29,327,14,16,11,75
frame=1,4,95,124,23,36,4,76
frame=1,5,19,44,18,40,-4,73
frame=1,6,80,0,5,42,-9,69
frame=1,7,38,44,18,40,5,65

[block]
frames=2
duration=300ms
type=play_once
frame=0,0,106,85,17,37,12,64
frame=0,1,231,124,14,35,17,67
frame=0,2,183,258,5,22,12,71
frame=0,3,44,327,11,16,10,74
frame=0,4,124,85,17,37,3,74
frame=0,5,57,44,14,40,-5,72
frame=0,6,86,0,5,42,-9,69
frame=0,7,72,44,14,40,2,65
frame=1,0,408,327,42,13,17,55
frame=1,1,56,327,31,16,20,54
frame=1,2,304,284,5,20,12,59
frame=1,3,150,327,31,15,24,61
frame=1,4,279,327,42,14,23,66
frame=1,5,372,228,31,26,9,71
frame=1,6,144,195,5,31,-9,70
frame=1,7,404,228,31,26,5,64

[cast]
frames=4
duration=600ms
type=play_once
frame=0,0,189,258,40,22,24,60
frame=0,1,104,344,30,12,25,58
frame=0,2,287,344,5,11,12,60
frame=0,3,293,344,30,11,18,65
frame=0,4,452,258,40,21,14,70
frame=0,5,461,124,30,33,3,72
frame=0,6,459,44,5,38,-9,70
frame=0,7,0,161,30,33,10,65
frame=1,0,310,284,41,20,17,59
frame=1,1,408,161,30,32,20,66
frame=1,2,119,124,5,36,12,71
frame=1,3,150,195,31,31,24,73
frame=1,4,68,306,41,19,22,69
frame=1,5,126,358,30,8,8,65
frame=1,6,451,327,5,13,-9,64
frame=1,7,324,344,31,11,5,58
frame=2,0,352,284,41,20,17,59
frame=2,1,439,161,30,32,20,66
frame=2,2,142,85,5,37,12,72
frame=2,3,182,195,31,31,24,73
frame=2,4,110,306,41,19,22,69
frame=2,5,157,358,30,8,8,65
frame=2,6,457,327,5,13,-9,64
frame=2,7,356,344,31,11,5,58
frame=3,0,230,258,40,22,24,60
frame=3,1,135,344,30,12,25,58
frame=3,2,388,344,5,11,12,60
frame=3,3,394,344,30,11,18,65
frame=3,4,0,284,40,21,14,70
frame=3,5,31,161,30,33,3,72
frame=3,6,465,44,5,38,-9,70
frame=3,7,62,161,30,33,10,65

[shoot]
frames=4
duration=600ms
type=play_once
frame=0,0,271,258,40,22,24,60
frame=0,1,166,344,30,12,25,58
frame=0,2,425,344,5,11,12,60
frame=0,3,431,344,30,11,18,65
frame=0,4,41,284,40,21,14,70
frame=0,5,93,161,30,33,3,72
frame=0,6,471,44,5,38,-9,70
frame=0,7,124,161,30,33,10,65
frame=1,0,394,284,41,20,17,59
frame=1,1,470,161,30,32,20,66
frame=1,2,125,124,5,36,12,71
frame=1,3,214,195,31,31,24,73
frame=1,4,152,306,41,19,22,69
frame=1,5,188,358,30,8,8,65
frame=1,6,463,327,5,13,-9,64
frame=1,7,462,344,31,11,5,58
frame=2,0,436,284,41,20,17,59
frame=2,1,0,195,30,32,20,66
frame=2,2,148,85,5,37,12,72
frame=2,3,246,195,31,31,24,73
frame=2,4,194,306,41,19,22,69
frame=2,5,219,358,30,8,8,65
frame=2,6,469,327,5,13,-9,64
frame=2,7,0,358,31,11,5,58
frame=3,0,312,258,40,22,24,60
frame=3,1,197,344,30,12,25,58
frame=3,2,32,358,5,11,12,60
frame=3,3,38,358,30,11,18,65
frame=3,4,82,284,40,21,14,70
frame=3,5,155,161,30,33,3,72
frame=3,6,477,44,5,38,-9,70
frame=3,7,186,161,30,33,10,65

[die]
frames=6
duration=900ms
type=play_once
frame=0,0,154,85,12,37,14,62
frame=0,1,222,44,10,39,18,68
frame=0,2,233,44,5,39,12,73
frame=0,3,88,327,10,16,5,75
frame=0,4,483,44,12,38,-4,73
frame=0,5,496,44,10,38,-10,69
frame=0,6,131,124,5,36,-9,64
frame=0,7,0,85,10,38,3,61
frame=1,0,278,195,20,31,5,61
frame=1,1,80,228,10,29,9,62
frame=1,2,59,258,12,24,17,66
frame=1,3,264,306,16,18,21,73
frame=1,4,87,44,20,40,13,77
frame=1,5,92,0,10,42,-1,77
frame=1,6,148,0,14,41,-5,73
frame=1,7,137,124,23,36,0,66
frame=2,0,389,306,33,17,-10,51
frame=2,1,69,358,13,11,-4,41
frame=2,2,228,344,20,12,22,43
frame=2,3,353,258,37,22,44,56
frame=2,4,217,161,33,33,41,72
frame=2,5,239,44,13,39,15,81
frame=2,6,167,85,22,37,-2,79
frame=2,7,118,228,37,28,-9,67
frame=3,0,123,284,35,21,-32,35
frame=3,1,331,228,10,27,-21,22
frame=3,2,477,228,28,25,27,19
frame=3,3,0,344,42,13,64,25
frame=3,4,423,306,35,17,65,49
frame=3,5,0,258,10,25,29,68
frame=3,6,478,284,28,20,-1,68
frame=3,7,83,358,42,10,-24,50
frame=4,0,253,44,21,39,-53,14
frame=4,1,275,44,14,39,-27,-5
frame=4,2,251,161,33,33,31,-12
frame=4,3,391,258,36,22,72,-3
frame=4,4,322,327,21,14,72,16
frame=4,5,43,344,14,13,39,35
frame=4,6,0,306,33,20,0,42
frame=4,7,299,195,36,31,-38,34
frame=5,0,290,44,21,39,-53,14
frame=5,1,312,44,14,39,-27,-5
frame=5,2,285,161,33,33,31,-12
frame=5,3,159,284,36,21,72,-4
frame=5,4,344,327,21,14,72,16
frame=5,5,58,344,14,13,39,35
frame=5,6,34,306,33,20,0,42
frame=5,7,336,195,36,31,-38,34
