image=custom_gear_infantry_axe_smear.png

[stance]
frames=1
duration=100ms
type=play_once
frame=0,0,446,263,1,1,80,112
frame=0,1,446,263,1,1,80,112
frame=0,2,446,263,1,1,80,112
frame=0,3,446,263,1,1,80,112
frame=0,4,446,263,1,1,80,112
frame=0,5,446,263,1,1,80,112
frame=0,6,446,263,1,1,80,112
frame=0,7,446,263,1,1,80,112

[swing]
frames=8
duration=640ms
type=play_once
frame=0,0,446,263,1,1,80,112
frame=0,1,446,263,1,1,80,112
frame=0,2,446,263,1,1,80,112
frame=0,3,446,263,1,1,80,112
frame=0,4,446,263,1,1,80,112
frame=0,5,446,263,1,1,80,112
frame=0,6,446,263,1,1,80,112
frame=0,7,446,263,1,1,80,112
frame=1,0,446,263,1,1,80,112
frame=1,1,446,263,1,1,80,112
frame=1,2,446,263,1,1,80,112
frame=1,3,446,263,1,1,80,112
frame=1,4,446,263,1,1,80,112
frame=1,5,446,263,1,1,80,112
frame=1,6,446,263,1,1,80,112
frame=1,7,446,263,1,1,80,112
frame=2,0,267,226,118,23,60,34
frame=2,1,180,179,89,42,62,54
frame=2,2,261,107,59,52,61,65
frame=2,3,77,179,102,43,61,71
frame=2,4,270,179,118,40,56,75
frame=2,5,170,107,90,62,26,75
frame=2,6,110,107,59,68,-4,71
frame=2,7,321,107,102,50,39,56
frame=3,0,183,226,83,24,58,58
frame=3,1,83,263,78,19,38,60
frame=3,2,437,179,37,36,-10,61
frame=3,3,0,226,49,36,-6,53
frame=3,4,416,226,82,20,23,31
frame=3,5,105,226,77,30,38,35
frame=3,6,424,107,42,48,45,52
frame=3,7,0,179,49,46,53,58
frame=4,0,446,263,1,1,80,112
frame=4,1,446,263,1,1,80,112
frame=4,2,446,263,1,1,80,112
frame=4,3,446,263,1,1,80,112
frame=4,4,446,263,1,1,80,112
frame=4,5,446,263,1,1,80,112
frame=4,6,446,263,1,1,80,112
frame=4,7,446,263,1,1,80,112
frame=5,0,446,263,1,1,80,112
frame=5,1,446,263,1,1,80,112
frame=5,2,446,263,1,1,80,112
frame=5,3,446,263,1,1,80,112
frame=5,4,446,263,1,1,80,112
frame=5,5,446,263,1,1,80,112
frame=5,6,446,263,1,1,80,112
frame=5,7,446,263,1,1,80,112
frame=6,0,446,263,1,1,80,112
frame=6,1,446,263,1,1,80,112
frame=6,2,446,263,1,1,80,112
frame=6,3,446,263,1,1,80,112
frame=6,4,446,263,1,1,80,112
frame=6,5,446,263,1,1,80,112
frame=6,6,446,263,1,1,80,112
frame=6,7,446,263,1,1,80,112
frame=7,0,446,263,1,1,80,112
frame=7,1,446,263,1,1,80,112
frame=7,2,446,263,1,1,80,112
frame=7,3,446,263,1,1,80,112
frame=7,4,446,263,1,1,80,112
frame=7,5,446,263,1,1,80,112
frame=7,6,446,263,1,1,80,112
frame=7,7,446,263,1,1,80,112

[swing2]
frames=8
duration=680ms
type=play_once
frame=0,0,446,263,1,1,80,112
frame=0,1,446,263,1,1,80,112
frame=0,2,446,263,1,1,80,112
frame=0,3,446,263,1,1,80,112
frame=0,4,446,263,1,1,80,112
frame=0,5,446,263,1,1,80,112
frame=0,6,446,263,1,1,80,112
frame=0,7,446,263,1,1,80,112
frame=1,0,446,263,1,1,80,112
frame=1,1,446,263,1,1,80,112
frame=1,2,446,263,1,1,80,112
frame=1,3,446,263,1,1,80,112
frame=1,4,446,263,1,1,80,112
frame=1,5,446,263,1,1,80,112
frame=1,6,446,263,1,1,80,112
frame=1,7,446,263,1,1,80,112
frame=2,0,273,0,109,75,62,82
frame=2,1,383,0,92,75,60,89
frame=2,2,183,0,24,90,23,100
frame=2,3,208,0,64,88,34,103
frame=2,4,0,107,109,71,45,99
frame=2,5,90,0,92,92,30,97
frame=2,6,0,0,24,106,-1,95
frame=2,7,25,0,64,98,28,88
frame=3,0,286,263,26,16,46,0
frame=3,1,162,263,21,19,48,17
frame=3,2,411,226,4,22,21,30
frame=3,3,0,263,15,20,-4,33
frame=3,4,415,263,27,13,-22,19
frame=3,5,394,263,20,14,-29,8
frame=3,6,443,263,2,3,-21,-16
frame=3,7,313,263,17,15,18,-6
frame=4,0,446,263,1,1,80,112
frame=4,1,446,263,1,1,80,112
frame=4,2,446,263,1,1,80,112
frame=4,3,446,263,1,1,80,112
frame=4,4,446,263,1,1,80,112
frame=4,5,446,263,1,1,80,112
frame=4,6,446,263,1,1,80,112
frame=4,7,446,263,1,1,80,112
frame=5,0,446,263,1,1,80,112
frame=5,1,446,263,1,1,80,112
frame=5,2,446,263,1,1,80,112
frame=5,3,446,263,1,1,80,112
frame=5,4,446,263,1,1,80,112
frame=5,5,446,263,1,1,80,112
frame=5,6,446,263,1,1,80,112
frame=5,7,446,263,1,1,80,112
frame=6,0,446,263,1,1,80,112
frame=6,1,446,263,1,1,80,112
frame=6,2,446,263,1,1,80,112
frame=6,3,446,263,1,1,80,112
frame=6,4,446,263,1,1,80,112
frame=6,5,446,263,1,1,80,112
frame=6,6,446,263,1,1,80,112
frame=6,7,446,263,1,1,80,112
frame=7,0,446,263,1,1,80,112
frame=7,1,446,263,1,1,80,112
frame=7,2,446,263,1,1,80,112
frame=7,3,446,263,1,1,80,112
frame=7,4,446,263,1,1,80,112
frame=7,5,446,263,1,1,80,112
frame=7,6,446,263,1,1,80,112
frame=7,7,446,263,1,1,80,112

[swing3]
frames=8
duration=600ms
type=play_once
frame=0,0,446,263,1,1,80,112
frame=0,1,446,263,1,1,80,112
frame=0,2,446,263,1,1,80,112
frame=0,3,446,263,1,1,80,112
frame=0,4,446,263,1,1,80,112
frame=0,5,446,263,1,1,80,112
frame=0,6,446,263,1,1,80,112
frame=0,7,446,263,1,1,80,112
frame=1,0,446,263,1,1,80,112
frame=1,1,446,263,1,1,80,112
frame=1,2,446,263,1,1,80,112
frame=1,3,446,263,1,1,80,112
frame=1,4,446,263,1,1,80,112
frame=1,5,446,263,1,1,80,112
frame=1,6,446,263,1,1,80,112
frame=1,7,446,263,1,1,80,112
frame=2,0,389,179,47,39,62,56
frame=2,1,50,179,26,45,51,75
frame=2,2,50,226,54,35,36,79
frame=2,3,331,263,62,15,10,67
frame=2,4,184,263,46,17,-18,55
frame=2,5,386,226,24,23,-29,42
frame=2,6,231,263,54,17,16,29
frame=2,7,16,263,66,20,54,32
frame=3,0,446,263,1,1,80,112
frame=3,1,446,263,1,1,80,112
frame=3,2,446,263,1,1,80,112
frame=3,3,446,263,1,1,80,112
frame=3,4,446,263,1,1,80,112
frame=3,5,446,263,1,1,80,112
frame=3,6,446,263,1,1,80,112
frame=3,7,446,263,1,1,80,112
frame=4,0,446,263,1,1,80,112
frame=4,1,446,263,1,1,80,112
frame=4,2,446,263,1,1,80,112
frame=4,3,446,263,1,1,80,112
frame=4,4,446,263,1,1,80,112
frame=4,5,446,263,1,1,80,112
frame=4,6,446,263,1,1,80,112
frame=4,7,446,263,1,1,80,112
frame=5,0,446,263,1,1,80,112
frame=5,1,446,263,1,1,80,112
frame=5,2,446,263,1,1,80,112
frame=5,3,446,263,1,1,80,112
frame=5,4,446,263,1,1,80,112
frame=5,5,446,263,1,1,80,112
frame=5,6,446,263,1,1,80,112
frame=5,7,446,263,1,1,80,112
frame=6,0,446,263,1,1,80,112
frame=6,1,446,263,1,1,80,112
frame=6,2,446,263,1,1,80,112
frame=6,3,446,263,1,1,80,112
frame=6,4,446,263,1,1,80,112
frame=6,5,446,263,1,1,80,112
frame=6,6,446,263,1,1,80,112
frame=6,7,446,263,1,1,80,112
frame=7,0,446,263,1,1,80,112
frame=7,1,446,263,1,1,80,112
frame=7,2,446,263,1,1,80,112
frame=7,3,446,263,1,1,80,112
frame=7,4,446,263,1,1,80,112
frame=7,5,446,263,1,1,80,112
frame=7,6,446,263,1,1,80,112
frame=7,7,446,263,1,1,80,112
