image=custom_gear_iron_buckler.png

[stance]
frames=4
duration=800ms
type=back_forth
frame=0,0,86,76,10,12,14,48
frame=0,1,87,90,1,1,80,112
frame=0,2,0,0,7,15,-10,46
frame=0,3,36,16,12,14,-9,40
frame=0,4,97,76,15,12,-1,35
frame=0,5,49,16,12,14,8,35
frame=0,6,8,0,7,15,15,39
frame=0,7,16,0,10,15,19,44
frame=1,0,113,76,10,12,14,48
frame=1,1,89,90,1,1,80,112
frame=1,2,62,16,7,14,-10,45
frame=1,3,70,16,12,14,-9,40
frame=1,4,490,47,15,13,-1,35
frame=1,5,83,16,12,14,8,35
frame=1,6,96,16,7,14,15,38
frame=1,7,104,16,10,14,19,43
frame=2,0,313,76,11,11,14,48
frame=2,1,91,90,1,1,80,112
frame=2,2,115,16,7,14,-10,46
frame=2,3,0,62,12,13,-9,40
frame=2,4,13,62,15,13,-1,36
frame=2,5,29,62,13,13,9,35
frame=2,6,27,0,7,15,15,39
frame=2,7,123,16,10,14,19,44
frame=3,0,124,76,10,12,14,48
frame=3,1,93,90,1,1,80,112
frame=3,2,35,0,7,15,-10,46
frame=3,3,134,16,12,14,-9,40
frame=3,4,135,76,15,12,-1,35
frame=3,5,147,16,12,14,8,35
frame=3,6,43,0,7,15,15,39
frame=3,7,51,0,10,15,19,44

[run]
frames=8
duration=640ms
type=looped
frame=0,0,325,76,10,11,11,49
frame=0,1,496,76,4,8,-10,44
frame=0,2,62,0,6,15,-13,45
frame=0,3,160,16,12,14,-8,39
frame=0,4,43,62,15,13,2,35
frame=0,5,173,16,12,14,12,36
frame=0,6,69,0,7,15,17,41
frame=0,7,186,16,10,14,18,46
frame=1,0,95,90,1,1,80,112
frame=1,1,336,76,8,11,-10,42
frame=1,2,77,0,7,15,-12,41
frame=1,3,197,16,12,14,-4,35
frame=1,4,59,62,14,13,7,33
frame=1,5,210,16,12,14,16,36
frame=1,6,85,0,7,15,17,42
frame=1,7,223,16,9,14,14,46
frame=2,0,501,76,5,8,-7,42
frame=2,1,151,76,7,12,-12,41
frame=2,2,93,0,7,15,-12,39
frame=2,3,101,0,12,15,-3,34
frame=2,4,233,16,15,14,10,33
frame=2,5,249,16,12,14,17,36
frame=2,6,114,0,7,15,17,42
frame=2,7,262,16,9,14,13,46
frame=3,0,97,90,1,1,80,112
frame=3,1,345,76,8,11,-10,42
frame=3,2,122,0,7,15,-12,41
frame=3,3,272,16,12,14,-4,35
frame=3,4,74,62,14,13,7,33
frame=3,5,285,16,12,14,16,36
frame=3,6,130,0,7,15,17,42
frame=3,7,298,16,9,14,14,46
frame=4,0,354,76,10,11,11,49
frame=4,1,507,76,4,8,-10,44
frame=4,2,138,0,6,15,-13,45
frame=4,3,308,16,12,14,-8,39
frame=4,4,89,62,15,13,2,35
frame=4,5,321,16,12,14,12,36
frame=4,6,145,0,7,15,17,41
frame=4,7,334,16,10,14,18,46
frame=5,0,345,16,13,14,15,52
frame=5,1,99,90,1,1,80,112
frame=5,2,153,0,6,15,-13,50
frame=5,3,359,16,12,14,-11,43
frame=5,4,372,16,15,14,-2,38
frame=5,5,388,16,12,14,9,37
frame=5,6,160,0,7,15,17,41
frame=5,7,401,16,11,14,21,47
frame=6,0,413,16,15,14,17,53
frame=6,1,101,90,1,1,80,112
frame=6,2,168,0,7,15,-12,52
frame=6,3,429,16,12,14,-12,45
frame=6,4,442,16,15,14,-4,39
frame=6,5,458,16,12,14,8,37
frame=6,6,176,0,7,15,17,41
frame=6,7,471,16,11,14,22,47
frame=7,0,483,16,13,14,15,52
frame=7,1,103,90,1,1,80,112
frame=7,2,184,0,6,15,-13,50
frame=7,3,497,16,12,14,-11,43
frame=7,4,0,32,15,14,-2,38
frame=7,5,16,32,12,14,9,37
frame=7,6,191,0,7,15,17,41
frame=7,7,29,32,11,14,21,47

[swing]
frames=6
duration=600ms
type=play_once
frame=0,0,159,76,11,12,13,49
frame=0,1,105,90,1,1,80,112
frame=0,2,41,32,7,14,-10,46
frame=0,3,49,32,11,14,-9,41
frame=0,4,105,62,14,13,-1,36
frame=0,5,61,32,12,14,9,36
frame=0,6,74,32,7,14,15,39
frame=0,7,199,0,10,15,18,45
frame=1,0,79,90,7,4,9,49
frame=1,1,0,90,4,8,-9,43
frame=1,2,82,32,7,14,-11,45
frame=1,3,120,62,13,13,-7,39
frame=1,4,171,76,15,12,2,35
frame=1,5,90,32,11,14,11,36
frame=1,6,210,0,6,15,16,41
frame=1,7,102,32,11,14,18,46
frame=2,0,482,76,8,9,10,49
frame=2,1,5,90,4,8,-9,43
frame=2,2,217,0,8,15,-11,45
frame=2,3,134,62,13,13,-7,39
frame=2,4,148,62,14,13,2,35
frame=2,5,114,32,10,14,11,36
frame=2,6,226,0,7,15,17,41
frame=2,7,125,32,12,14,18,46
frame=3,0,365,76,12,11,16,48
frame=3,1,107,90,1,1,80,112
frame=3,2,378,76,6,11,-9,44
frame=3,3,138,32,10,14,-11,42
frame=3,4,163,62,14,13,-4,37
frame=3,5,178,62,13,13,6,35
frame=3,6,234,0,7,15,13,38
frame=3,7,242,0,9,15,19,43
frame=4,0,252,0,12,15,18,47
frame=4,1,436,76,8,10,9,50
frame=4,2,10,90,4,8,-10,43
frame=4,3,149,32,8,14,-11,44
frame=4,4,192,62,14,13,-6,38
frame=4,5,207,62,14,13,3,35
frame=4,6,158,32,9,14,12,37
frame=4,7,265,0,7,15,17,42
frame=5,0,187,76,11,12,13,49
frame=5,1,109,90,1,1,80,112
frame=5,2,168,32,7,14,-10,46
frame=5,3,176,32,11,14,-9,41
frame=5,4,222,62,14,13,-1,36
frame=5,5,188,32,13,14,9,36
frame=5,6,202,32,7,14,15,39
frame=5,7,273,0,10,15,18,45

[hit]
frames=2
duration=300ms
type=play_once
frame=0,0,199,76,8,12,11,49
frame=0,1,445,76,5,10,-9,45
frame=0,2,284,0,7,15,-12,45
frame=0,3,292,0,12,15,-8,39
frame=0,4,210,32,15,14,2,35
frame=0,5,226,32,12,14,12,35
frame=0,6,305,0,7,15,17,40
frame=0,7,239,32,10,14,18,45
frame=1,0,208,76,8,12,11,49
frame=1,1,385,76,5,11,-9,45
frame=1,2,313,0,7,15,-12,45
frame=1,3,321,0,12,15,-8,39
frame=1,4,250,32,15,14,2,35
frame=1,5,266,32,12,14,12,35
frame=1,6,334,0,7,15,17,40
frame=1,7,279,32,10,14,18,45

[block]
frames=2
duration=300ms
type=play_once
frame=0,0,491,76,4,9,8,45
frame=0,1,237,62,7,13,-9,45
frame=0,2,342,0,7,15,-12,41
frame=0,3,290,32,11,14,-6,36
frame=0,4,245,62,15,13,5,33
frame=0,5,302,32,12,14,14,35
frame=0,6,350,0,7,15,17,40
frame=0,7,315,32,7,14,15,45
frame=1,0,323,32,14,14,18,61
frame=1,1,217,76,14,12,8,64
frame=1,2,338,32,8,14,-7,62
frame=1,3,347,32,9,14,-12,57
frame=1,4,261,62,14,13,-6,51
frame=1,5,276,62,14,13,4,48
frame=1,6,357,32,8,14,13,50
frame=1,7,358,0,9,15,19,56

[cast]
frames=4
duration=600ms
type=play_once
frame=0,0,291,62,14,13,22,61
frame=0,1,15,90,10,7,6,65
frame=0,2,368,0,7,15,-12,63
frame=0,3,366,32,11,14,-17,55
frame=0,4,378,32,14,14,-10,47
frame=0,5,393,32,11,14,3,43
frame=0,6,376,0,7,15,17,46
frame=0,7,405,32,11,14,26,53
frame=1,0,306,62,15,13,17,72
frame=1,1,417,32,11,14,1,74
frame=1,2,384,0,7,15,-12,71
frame=1,3,429,32,12,14,-12,64
frame=1,4,442,32,15,14,-4,58
frame=1,5,458,32,12,14,8,57
frame=1,6,392,0,7,15,17,61
frame=1,7,471,32,12,14,22,67
frame=2,0,322,62,15,13,17,72
frame=2,1,484,32,11,14,1,74
frame=2,2,400,0,7,15,-12,71
frame=2,3,496,32,12,14,-12,64
frame=2,4,0,47,15,14,-4,58
frame=2,5,16,47,12,14,8,57
frame=2,6,408,0,7,15,17,61
frame=2,7,29,47,12,14,22,67
frame=3,0,338,62,14,13,22,61
frame=3,1,26,90,10,7,6,65
frame=3,2,416,0,7,15,-12,63
frame=3,3,42,47,11,14,-17,55
frame=3,4,54,47,14,14,-10,47
frame=3,5,69,47,11,14,3,43
frame=3,6,81,47,7,14,17,46
frame=3,7,89,47,11,14,26,53

[shoot]
frames=4
duration=600ms
type=play_once
frame=0,0,353,62,14,13,22,61
frame=0,1,37,90,10,7,6,65
frame=0,2,424,0,7,15,-12,63
frame=0,3,101,47,11,14,-17,55
frame=0,4,113,47,14,14,-10,47
frame=0,5,128,47,11,14,3,43
frame=0,6,432,0,7,15,17,46
frame=0,7,140,47,11,14,26,53
frame=1,0,368,62,15,13,17,72
frame=1,1,152,47,11,14,1,74
frame=1,2,440,0,7,15,-12,71
frame=1,3,164,47,12,14,-12,64
frame=1,4,177,47,15,14,-4,58
frame=1,5,193,47,12,14,8,57
frame=1,6,448,0,7,15,17,61
frame=1,7,206,47,12,14,22,67
frame=2,0,384,62,15,13,17,72
frame=2,1,219,47,11,14,1,74
frame=2,2,456,0,7,15,-12,71
frame=2,3,231,47,12,14,-12,64
frame=2,4,244,47,15,14,-4,58
frame=2,5,260,47,12,14,8,57
frame=2,6,464,0,7,15,17,61
frame=2,7,273,47,12,14,22,67
frame=3,0,400,62,14,13,22,61
frame=3,1,48,90,10,7,6,65
frame=3,2,472,0,7,15,-12,63
frame=3,3,286,47,11,14,-17,55
frame=3,4,298,47,14,14,-10,47
frame=3,5,313,47,11,14,3,43
frame=3,6,325,47,7,14,17,46
frame=3,7,333,47,11,14,26,53

[die]
frames=6
duration=900ms
type=play_once
frame=0,0,232,76,8,12,11,49
frame=0,1,451,76,5,10,-9,45
frame=0,2,480,0,7,15,-12,45
frame=0,3,488,0,12,15,-8,39
frame=0,4,345,47,15,14,2,35
frame=0,5,361,47,12,14,12,35
frame=0,6,501,0,7,15,17,40
frame=0,7,374,47,10,14,18,45
frame=1,0,457,76,11,10,5,49
frame=1,1,111,90,1,1,80,112
frame=1,2,241,76,7,12,-8,40
frame=1,3,385,47,11,14,-2,39
frame=1,4,249,76,15,12,8,37
frame=1,5,415,62,13,13,14,40
frame=1,6,397,47,7,14,13,44
frame=1,7,0,16,10,15,11,48
frame=2,0,11,16,14,15,-9,47
frame=2,1,68,90,10,6,-11,40
frame=2,2,59,90,8,7,-5,35
frame=2,3,429,62,10,13,10,34
frame=2,4,265,76,15,12,22,38
frame=2,5,391,76,14,11,22,44
frame=2,6,440,62,9,13,11,50
frame=2,7,26,16,9,15,-2,51
frame=3,0,405,47,12,14,-29,37
frame=3,1,469,76,12,10,-24,24
frame=3,2,450,62,10,13,-1,18
frame=3,3,418,47,7,14,23,21
frame=3,4,406,76,13,11,40,31
frame=3,5,281,76,15,12,34,44
frame=3,6,461,62,11,13,9,51
frame=3,7,426,47,7,14,-18,48
frame=4,0,473,62,11,13,-45,15
frame=4,1,420,76,15,11,-30,-3
frame=4,2,485,62,13,13,3,-11
frame=4,3,434,47,7,14,36,-4
frame=4,4,442,47,11,14,54,13
frame=4,5,0,76,15,13,43,31
frame=4,6,16,76,13,13,8,39
frame=4,7,454,47,7,14,-31,33
frame=5,0,30,76,11,13,-45,15
frame=5,1,297,76,15,12,-30,-3
frame=5,2,42,76,13,13,3,-11
frame=5,3,462,47,7,14,36,-4
frame=5,4,470,47,11,14,54,13
frame=5,5,56,76,15,13,43,31
frame=5,6,72,76,13,13,8,39
frame=5,7,482,47,7,14,-31,33
