image=custom_gear_leather_chest.png

[stance]
frames=4
duration=800ms
type=back_forth
frame=0,0,309,275,16,30,8,54
frame=0,1,415,110,27,32,14,56
frame=0,2,79,397,29,27,14,53
frame=0,3,443,110,24,32,11,56
frame=0,4,326,275,16,30,6,54
frame=0,5,468,110,27,32,11,56
frame=0,6,109,397,29,27,13,53
frame=0,7,0,144,24,32,11,56
frame=1,0,0,243,16,31,8,55
frame=1,1,25,144,26,32,14,56
frame=1,2,389,338,29,28,14,53
frame=1,3,52,144,24,32,10,56
frame=1,4,343,275,16,30,6,54
frame=1,5,17,243,26,31,10,55
frame=1,6,139,397,29,27,13,52
frame=1,7,44,243,24,31,12,55
frame=2,0,129,307,17,29,8,54
frame=2,1,77,144,27,32,14,56
frame=2,2,169,397,29,27,14,53
frame=2,3,105,144,24,32,11,56
frame=2,4,147,307,17,29,7,54
frame=2,5,130,144,27,32,11,56
frame=2,6,199,397,29,27,13,53
frame=2,7,158,144,24,32,11,56
frame=3,0,360,275,16,30,8,54
frame=3,1,183,144,27,32,14,56
frame=3,2,229,397,29,27,14,53
frame=3,3,211,144,24,32,11,56
frame=3,4,377,275,16,30,6,54
frame=3,5,236,144,27,32,11,56
frame=3,6,259,397,29,27,13,53
frame=3,7,264,144,24,32,11,56

[run]
frames=8
duration=640ms
type=looped
frame=0,0,419,338,17,28,6,53
frame=0,1,69,243,28,31,13,55
frame=0,2,165,454,30,26,14,52
frame=0,3,98,243,25,31,13,55
frame=0,4,437,338,17,28,9,53
frame=0,5,289,144,28,32,13,57
frame=0,6,455,338,30,28,14,54
frame=0,7,443,40,25,33,10,57
frame=1,0,486,338,18,28,7,52
frame=1,1,124,243,30,31,14,55
frame=1,2,289,397,30,27,14,52
frame=1,3,155,243,25,31,13,55
frame=1,4,394,275,18,30,9,54
frame=1,5,469,40,29,33,14,57
frame=1,6,165,307,30,29,14,54
frame=1,7,0,76,25,33,10,57
frame=2,0,196,307,19,29,8,52
frame=2,1,181,243,32,31,15,54
frame=2,2,196,454,30,26,14,51
frame=2,3,214,243,25,31,13,54
frame=2,4,413,275,19,30,9,53
frame=2,5,26,76,31,33,15,56
frame=2,6,0,368,30,28,14,53
frame=2,7,58,76,25,33,10,56
frame=3,0,31,368,18,28,7,52
frame=3,1,240,243,30,31,14,55
frame=3,2,320,397,30,27,14,52
frame=3,3,271,243,25,31,13,55
frame=3,4,433,275,18,30,9,54
frame=3,5,84,76,29,33,14,57
frame=3,6,216,307,30,29,14,54
frame=3,7,114,76,25,33,10,57
frame=4,0,50,368,17,28,6,53
frame=4,1,297,243,28,31,13,55
frame=4,2,227,454,30,26,14,52
frame=4,3,326,243,25,31,13,55
frame=4,4,68,368,17,28,9,53
frame=4,5,318,144,28,32,13,57
frame=4,6,86,368,30,28,14,54
frame=4,7,140,76,25,33,10,57
frame=5,0,117,368,17,28,6,52
frame=5,1,352,243,27,31,12,55
frame=5,2,351,397,30,27,14,52
frame=5,3,380,243,28,31,13,55
frame=5,4,135,368,17,28,9,52
frame=5,5,166,76,26,33,13,57
frame=5,6,247,307,30,29,14,54
frame=5,7,193,76,28,33,13,57
frame=6,0,452,275,17,30,6,53
frame=6,1,409,243,26,31,11,54
frame=6,2,258,454,30,26,14,51
frame=6,3,436,243,28,31,13,54
frame=6,4,278,307,17,29,9,52
frame=6,5,222,76,26,33,13,56
frame=6,6,153,368,30,28,14,53
frame=6,7,249,76,28,33,13,56
frame=7,0,184,368,17,28,6,52
frame=7,1,465,243,27,31,12,55
frame=7,2,382,397,30,27,14,52
frame=7,3,0,275,28,31,13,55
frame=7,4,202,368,17,28,9,52
frame=7,5,278,76,26,33,13,57
frame=7,6,296,307,30,29,14,54
frame=7,7,305,76,28,33,13,57

[swing]
frames=6
duration=600ms
type=play_once
frame=0,0,220,368,16,28,6,52
frame=0,1,347,144,28,32,13,55
frame=0,2,413,397,29,27,14,52
frame=0,3,376,144,26,32,13,55
frame=0,4,237,368,16,28,8,52
frame=0,5,334,76,28,33,13,56
frame=0,6,327,307,29,29,13,54
frame=0,7,363,76,25,33,10,56
frame=1,0,357,307,23,29,13,53
frame=1,1,470,275,32,30,17,54
frame=1,2,29,275,29,31,14,57
frame=1,3,93,40,23,34,11,58
frame=1,4,389,76,23,33,8,57
frame=1,5,403,144,30,32,13,55
frame=1,6,381,307,29,29,13,54
frame=1,7,117,40,23,34,10,57
frame=2,0,0,307,24,30,13,54
frame=2,1,434,144,31,32,16,56
frame=2,2,141,40,29,34,14,60
frame=2,3,124,0,22,38,10,62
frame=2,4,431,0,24,36,9,60
frame=2,5,466,144,31,32,13,55
frame=2,6,411,307,29,29,13,54
frame=2,7,171,40,23,34,11,57
frame=3,0,59,275,17,31,8,55
frame=3,1,0,177,27,32,14,56
frame=3,2,443,397,31,27,15,53
frame=3,3,77,275,26,31,12,55
frame=3,4,441,307,17,29,7,53
frame=3,5,413,76,26,33,11,56
frame=3,6,459,307,31,29,14,54
frame=3,7,28,177,26,32,12,55
frame=4,0,440,76,22,33,9,57
frame=4,1,104,275,22,31,10,55
frame=4,2,254,368,28,28,12,54
frame=4,3,0,338,29,29,14,53
frame=4,4,127,275,22,31,11,55
frame=4,5,463,76,22,33,10,56
frame=4,6,25,307,28,30,14,55
frame=4,7,55,177,29,32,13,55
frame=5,0,283,368,16,28,6,52
frame=5,1,85,177,28,32,13,55
frame=5,2,475,397,29,27,14,52
frame=5,3,114,177,26,32,13,55
frame=5,4,300,368,16,28,8,52
frame=5,5,0,110,28,33,13,56
frame=5,6,30,338,29,29,13,54
frame=5,7,29,110,25,33,10,56

[hit]
frames=2
duration=300ms
type=play_once
frame=0,0,317,368,16,28,7,53
frame=0,1,141,177,27,32,14,56
frame=0,2,0,426,30,27,14,53
frame=0,3,169,177,24,32,11,56
frame=0,4,60,338,16,29,7,54
frame=0,5,150,275,26,31,11,56
frame=0,6,31,426,30,27,14,53
frame=0,7,194,177,24,32,11,56
frame=1,0,334,368,16,28,7,53
frame=1,1,219,177,27,32,14,56
frame=1,2,62,426,30,27,14,53
frame=1,3,247,177,24,32,11,56
frame=1,4,77,338,16,29,7,54
frame=1,5,272,177,26,32,11,56
frame=1,6,93,426,30,27,14,53
frame=1,7,299,177,24,32,11,56

[block]
frames=2
duration=300ms
type=play_once
frame=0,0,351,368,16,28,7,53
frame=0,1,324,177,24,32,11,56
frame=0,2,124,426,30,27,14,53
frame=0,3,349,177,24,32,11,56
frame=0,4,94,338,16,29,7,54
frame=0,5,374,177,24,32,11,56
frame=0,6,155,426,30,27,14,53
frame=0,7,399,177,24,32,11,56
frame=1,0,54,307,20,30,9,54
frame=1,1,177,275,30,31,15,54
frame=1,2,368,368,29,28,14,52
frame=1,3,208,275,28,31,13,54
frame=1,4,237,275,21,31,9,55
frame=1,5,55,110,28,33,13,56
frame=1,6,398,368,29,28,13,53
frame=1,7,84,110,28,33,13,56

[cast]
frames=4
duration=600ms
type=play_once
frame=0,0,424,177,21,32,12,57
frame=0,1,113,110,30,33,17,57
frame=0,2,111,338,30,29,14,55
frame=0,3,144,110,30,33,11,57
frame=0,4,446,177,21,32,7,57
frame=0,5,468,177,30,32,11,56
frame=0,6,186,426,30,27,14,53
frame=0,7,0,210,30,32,17,56
frame=1,0,147,0,19,38,9,63
frame=1,1,0,0,30,39,16,64
frame=1,2,456,0,30,35,14,61
frame=1,3,167,0,30,38,12,63
frame=1,4,198,0,19,38,8,63
frame=1,5,195,40,30,34,12,59
frame=1,6,428,368,30,28,14,54
frame=1,7,226,40,30,34,16,59
frame=2,0,218,0,19,38,9,63
frame=2,1,31,0,30,39,16,64
frame=2,2,0,40,30,35,14,61
frame=2,3,238,0,30,38,12,63
frame=2,4,269,0,19,38,8,63
frame=2,5,257,40,30,34,12,59
frame=2,6,459,368,30,28,14,54
frame=2,7,288,40,30,34,16,59
frame=3,0,31,210,21,32,12,57
frame=3,1,175,110,30,33,17,57
frame=3,2,142,338,30,29,14,55
frame=3,3,206,110,30,33,11,57
frame=3,4,53,210,21,32,7,57
frame=3,5,75,210,30,32,11,56
frame=3,6,217,426,30,27,14,53
frame=3,7,106,210,30,32,17,56

[shoot]
frames=4
duration=600ms
type=play_once
frame=0,0,137,210,21,32,12,57
frame=0,1,237,110,30,33,17,57
frame=0,2,173,338,30,29,14,55
frame=0,3,268,110,30,33,11,57
frame=0,4,159,210,21,32,7,57
frame=0,5,181,210,30,32,11,56
frame=0,6,248,426,30,27,14,53
frame=0,7,212,210,30,32,17,56
frame=1,0,289,0,19,38,9,63
frame=1,1,62,0,30,39,16,64
frame=1,2,31,40,30,35,14,61
frame=1,3,309,0,30,38,12,63
frame=1,4,340,0,19,38,8,63
frame=1,5,319,40,30,34,12,59
frame=1,6,0,397,30,28,14,54
frame=1,7,350,40,30,34,16,59
frame=2,0,360,0,19,38,9,63
frame=2,1,93,0,30,39,16,64
frame=2,2,62,40,30,35,14,61
frame=2,3,380,0,30,38,12,63
frame=2,4,411,0,19,38,8,63
frame=2,5,381,40,30,34,12,59
frame=2,6,31,397,30,28,14,54
frame=2,7,412,40,30,34,16,59
frame=3,0,243,210,21,32,12,57
frame=3,1,299,110,30,33,17,57
frame=3,2,204,338,30,29,14,55
frame=3,3,330,110,30,33,11,57
frame=3,4,265,210,21,32,7,57
frame=3,5,287,210,30,32,11,56
frame=3,6,279,426,30,27,14,53
frame=3,7,318,210,30,32,17,56

[die]
frames=6
duration=900ms
type=play_once
frame=0,0,62,397,16,28,7,53
frame=0,1,349,210,24,32,11,56
frame=0,2,310,426,30,27,14,53
frame=0,3,374,210,24,32,11,56
frame=0,4,235,338,16,29,7,54
frame=0,5,259,275,24,31,11,56
frame=0,6,341,426,30,27,14,53
frame=0,7,284,275,24,31,11,56
frame=1,0,252,338,18,29,-1,53
frame=1,1,75,307,26,30,5,52
frame=1,2,372,426,28,27,13,49
frame=1,3,102,307,26,30,19,52
frame=1,4,271,338,18,29,17,53
frame=1,5,361,110,26,33,19,60
frame=1,6,290,338,28,29,13,59
frame=1,7,388,110,26,33,5,60
frame=2,0,399,210,24,32,-13,52
frame=2,1,401,426,30,27,-4,40
frame=2,2,28,482,28,23,13,35
frame=2,3,432,426,30,27,32,40
frame=2,4,424,210,24,32,35,52
frame=2,5,449,210,30,32,32,61
frame=2,6,463,426,28,27,13,62
frame=2,7,480,210,30,32,-4,61
frame=3,0,289,454,29,26,-27,35
frame=3,1,251,482,34,19,-14,17
frame=3,2,321,482,28,17,13,10
frame=3,3,286,482,34,19,46,17
frame=3,4,319,454,29,26,54,35
frame=3,5,319,338,34,29,46,51
frame=3,6,0,454,28,27,13,56
frame=3,7,354,338,34,29,-14,51
frame=4,0,349,454,28,24,-37,11
frame=4,1,29,454,33,27,-21,-5
frame=4,2,378,454,28,24,13,-13
frame=4,3,63,454,33,27,52,-5
frame=4,4,407,454,27,24,62,11
frame=4,5,57,482,33,22,52,27
frame=4,6,91,482,28,21,13,34
frame=4,7,120,482,33,21,-21,26
frame=5,0,435,454,28,24,-37,11
frame=5,1,97,454,33,27,-21,-5
frame=5,2,464,454,28,24,13,-13
frame=5,3,131,454,33,27,52,-5
frame=5,4,0,482,27,24,62,11
frame=5,5,154,482,33,21,52,26
frame=5,6,188,482,28,21,13,34
frame=5,7,217,482,33,21,-21,26
