image=custom_gear_leather_gloves.png

[stance]
frames=4
duration=800ms
type=back_forth
frame=0,0,465,226,14,16,18,45
frame=0,1,486,338,10,10,21,44
frame=0,2,407,278,28,14,14,48
frame=0,3,0,362,10,9,-8,39
frame=0,4,210,66,18,24,-2,49
frame=0,5,30,117,29,22,6,44
frame=0,6,369,261,28,15,12,39
frame=0,7,315,207,22,17,16,42
frame=1,0,398,261,14,15,18,44
frame=1,1,11,362,10,9,21,43
frame=1,2,436,278,28,14,14,47
frame=1,3,497,338,10,10,-8,39
frame=1,4,281,92,18,23,-2,48
frame=1,5,126,141,29,21,6,43
frame=1,6,413,261,28,15,12,38
frame=1,7,480,226,22,16,16,41
frame=2,0,442,261,14,15,18,45
frame=2,1,0,351,11,10,21,44
frame=2,2,407,278,28,14,14,48
frame=2,3,156,141,13,21,-5,51
frame=2,4,229,66,18,24,-2,49
frame=2,5,170,141,29,21,6,44
frame=2,6,457,261,28,15,12,39
frame=2,7,0,244,23,16,16,42
frame=3,0,24,244,14,16,18,45
frame=3,1,486,338,10,10,21,44
frame=3,2,407,278,28,14,14,48
frame=3,3,0,362,10,9,-8,39
frame=3,4,210,66,18,24,-2,49
frame=3,5,30,117,29,22,6,44
frame=3,6,0,278,28,15,12,39
frame=3,7,315,207,22,17,16,42

[run]
frames=10
duration=660ms
type=looped
frame=0,0,200,141,20,21,20,42
frame=0,1,22,362,10,9,19,36
frame=0,2,321,362,4,8,15,40
frame=0,3,326,362,8,8,-13,40
frame=0,4,402,186,14,18,-8,43
frame=0,5,203,164,21,20,0,40
frame=0,6,29,278,27,15,10,35
frame=0,7,417,186,29,18,19,37
frame=1,0,225,164,17,20,18,41
frame=1,1,335,362,12,8,20,35
frame=1,2,98,372,4,7,15,39
frame=1,3,348,362,8,8,-12,38
frame=1,4,447,186,13,18,-7,42
frame=1,5,243,164,23,20,1,39
frame=1,6,57,278,28,15,11,34
frame=1,7,338,207,27,17,18,36
frame=2,0,461,186,14,18,17,41
frame=2,1,357,362,10,8,21,37
frame=2,2,321,324,28,12,14,43
frame=2,3,33,362,10,9,-9,36
frame=2,4,60,117,15,22,-4,44
frame=2,5,267,164,28,20,5,39
frame=2,6,465,278,28,14,12,34
frame=2,7,366,207,24,17,17,37
frame=3,0,44,362,14,9,20,35
frame=3,1,59,362,10,9,22,41
frame=3,2,143,372,6,6,-8,35
frame=3,3,12,351,10,10,-5,35
frame=3,4,248,66,23,24,1,45
frame=3,5,296,164,32,20,8,40
frame=3,6,0,294,27,14,12,37
frame=3,7,391,207,18,17,13,39
frame=4,0,70,362,14,9,22,37
frame=4,1,211,338,35,11,22,44
frame=4,2,300,92,21,23,7,50
frame=4,3,321,37,10,26,-2,50
frame=4,4,272,66,29,24,5,46
frame=4,5,410,207,35,17,11,40
frame=4,6,39,244,26,16,12,39
frame=4,7,247,309,13,13,10,36
frame=5,0,368,362,14,8,23,36
frame=5,1,86,278,36,15,22,45
frame=5,2,302,66,22,24,8,50
frame=5,3,82,37,12,27,-1,50
frame=5,4,325,66,31,24,6,45
frame=5,5,66,244,36,16,12,39
frame=5,6,103,244,26,16,12,39
frame=5,7,23,351,13,10,11,33
frame=6,0,383,362,14,8,22,35
frame=6,1,247,338,35,11,22,43
frame=6,2,398,362,7,8,-7,33
frame=6,3,95,37,10,27,-2,49
frame=6,4,357,66,29,24,5,44
frame=6,5,446,207,35,17,11,38
frame=6,6,130,244,26,16,12,38
frame=6,7,350,324,13,12,10,34
frame=7,0,85,362,14,9,20,34
frame=7,1,100,362,10,9,22,40
frame=7,2,150,372,6,6,-8,34
frame=7,3,322,92,10,23,-5,47
frame=7,4,387,66,23,24,1,44
frame=7,5,183,186,32,19,8,39
frame=7,6,28,294,27,14,12,36
frame=7,7,482,207,18,17,13,38
frame=8,0,476,186,14,18,17,42
frame=8,1,406,362,10,8,21,38
frame=8,2,364,324,28,12,14,44
frame=8,3,111,362,10,9,-8,37
frame=8,4,76,117,15,22,-4,45
frame=8,5,329,164,28,20,5,40
frame=8,6,56,294,28,14,12,35
frame=8,7,0,226,23,17,16,38
frame=9,0,358,164,17,20,18,43
frame=9,1,122,362,11,9,20,37
frame=9,2,103,372,3,7,15,41
frame=9,3,134,362,8,9,-12,40
frame=9,4,216,186,12,19,-8,44
frame=9,5,376,164,23,20,1,41
frame=9,6,157,244,28,16,11,36
frame=9,7,0,207,27,18,18,38

[swing]
frames=8
duration=640ms
type=play_once
hit=160ms
frame=0,0,400,164,46,20,24,52
frame=0,1,365,0,16,29,9,58
frame=0,2,411,66,40,24,24,57
frame=0,3,393,324,57,12,29,51
frame=0,4,421,0,46,28,20,60
frame=0,5,0,0,12,36,1,63
frame=0,6,200,0,40,30,14,58
frame=0,7,186,244,57,16,26,51
frame=1,0,261,309,53,13,25,50
frame=1,1,332,37,31,26,15,56
frame=1,2,106,37,26,27,14,58
frame=1,3,244,244,52,16,27,52
frame=1,4,221,141,53,21,26,55
frame=1,5,50,0,31,33,14,62
frame=1,6,13,0,26,34,10,61
frame=1,7,92,117,52,22,23,55
frame=2,0,417,362,21,8,30,42
frame=2,1,143,362,10,9,27,52
frame=2,2,145,117,28,22,12,58
frame=2,3,133,37,13,27,-10,57
frame=2,4,468,0,25,28,-7,51
frame=2,5,333,92,32,23,3,42
frame=2,6,297,244,28,16,14,36
frame=2,7,85,294,17,14,21,39
frame=3,0,157,372,4,5,-4,40
frame=3,1,174,117,11,22,-3,52
frame=3,2,364,37,11,26,-7,51
frame=3,3,376,37,15,26,-3,47
frame=3,4,366,92,21,23,6,42
frame=3,5,229,186,18,19,12,40
frame=3,6,24,226,11,17,16,42
frame=3,7,326,244,8,16,16,47
frame=4,0,162,372,5,5,-4,40
frame=4,1,103,294,10,14,-5,43
frame=4,2,28,207,10,18,-7,43
frame=4,3,452,66,13,24,-1,45
frame=4,4,275,141,19,21,7,41
frame=4,5,39,207,17,18,13,40
frame=4,6,335,244,11,16,15,42
frame=4,7,186,372,1,1,80,112
frame=5,0,168,372,6,5,18,45
frame=5,1,439,362,7,8,-6,40
frame=5,2,37,351,9,10,-9,37
frame=5,3,464,37,15,25,-6,47
frame=5,4,186,117,23,22,3,41
frame=5,5,347,244,25,16,11,36
frame=5,6,114,294,18,14,16,38
frame=5,7,451,324,11,12,19,41
frame=6,0,447,362,10,8,20,40
frame=6,1,154,362,28,9,17,46
frame=6,2,458,362,8,8,-8,38
frame=6,3,466,66,11,24,-7,49
frame=6,4,478,66,22,24,0,45
frame=6,5,57,207,28,18,9,39
frame=6,6,315,309,24,13,14,37
frame=6,7,133,294,14,14,16,41
frame=7,0,373,244,14,16,18,45
frame=7,1,47,351,11,10,21,44
frame=7,2,407,278,28,14,14,48
frame=7,3,183,362,10,9,-8,39
frame=7,4,0,92,18,24,-2,49
frame=7,5,295,141,29,21,6,44
frame=7,6,123,278,28,15,12,39
frame=7,7,388,244,22,16,16,42

[swing2]
frames=8
duration=680ms
type=play_once
hit=170ms
frame=0,0,19,92,18,24,4,72
frame=0,1,325,141,23,21,8,70
frame=0,2,340,309,33,13,16,65
frame=0,3,86,207,32,18,18,68
frame=0,4,38,92,18,24,12,73
frame=0,5,57,92,23,24,13,74
frame=0,6,36,226,33,17,15,71
frame=0,7,447,164,32,20,12,72
frame=1,0,349,141,20,21,-5,67
frame=1,1,370,141,24,21,0,62
frame=1,2,411,244,31,16,13,57
frame=1,3,148,294,31,14,23,58
frame=1,4,248,186,20,19,23,65
frame=1,5,119,207,23,18,22,69
frame=1,6,59,351,31,10,16,69
frame=1,7,70,226,31,17,6,70
frame=2,0,388,92,14,23,32,43
frame=2,1,102,226,20,17,32,49
frame=2,2,467,362,8,8,17,49
frame=2,3,476,362,11,8,-21,43
frame=2,4,395,141,15,21,-19,45
frame=2,5,480,164,28,20,-6,35
frame=2,6,374,309,32,13,13,27
frame=2,7,411,141,29,21,30,34
frame=3,0,480,37,14,25,26,39
frame=3,1,463,324,10,12,27,35
frame=3,2,283,338,32,11,17,42
frame=3,3,316,338,10,11,-18,38
frame=3,4,210,117,12,22,-16,40
frame=3,5,441,141,25,21,-4,32
frame=3,6,180,294,32,14,13,25
frame=3,7,223,117,28,22,26,31
frame=4,0,81,92,14,24,26,39
frame=4,1,327,338,10,11,27,35
frame=4,2,91,351,32,10,17,42
frame=4,3,194,362,10,9,-18,37
frame=4,4,252,117,12,22,-16,41
frame=4,5,265,117,25,22,-4,33
frame=4,6,213,294,32,14,13,25
frame=4,7,467,141,28,21,26,31
frame=5,0,403,92,12,23,23,41
frame=5,1,338,338,10,11,26,38
frame=5,2,0,372,31,8,16,43
frame=5,3,124,351,11,10,-15,39
frame=5,4,291,117,12,22,-13,43
frame=5,5,0,186,26,20,-2,35
frame=5,6,246,294,31,14,13,29
frame=5,7,0,164,27,21,24,34
frame=6,0,143,207,13,18,20,44
frame=6,1,32,372,9,8,23,41
frame=6,2,175,372,6,4,-8,39
frame=6,3,205,362,11,9,-10,39
frame=6,4,416,92,16,23,-6,47
frame=6,5,28,164,28,21,3,41
frame=6,6,278,294,28,14,12,35
frame=6,7,157,207,24,18,19,39
frame=7,0,373,244,14,16,18,45
frame=7,1,47,351,11,10,21,44
frame=7,2,407,278,28,14,14,48
frame=7,3,183,362,10,9,-8,39
frame=7,4,0,92,18,24,-2,49
frame=7,5,295,141,29,21,6,44
frame=7,6,123,278,28,15,12,39
frame=7,7,388,244,22,16,16,42

[swing3]
frames=8
duration=600ms
type=play_once
hit=150ms
frame=0,0,433,92,38,23,25,51
frame=0,1,241,0,16,30,15,58
frame=0,2,147,37,30,27,19,59
frame=0,3,307,294,42,14,18,54
frame=0,4,136,351,13,10,-14,46
frame=0,5,269,186,14,19,-3,50
frame=0,6,182,207,30,18,9,47
frame=0,7,407,309,42,13,22,44
frame=1,0,472,92,40,23,25,50
frame=1,1,258,0,20,30,16,57
frame=1,2,279,0,27,30,17,59
frame=1,3,443,244,40,16,18,55
frame=1,4,150,351,38,10,11,47
frame=1,5,213,207,16,18,-2,50
frame=1,6,230,207,27,18,8,48
frame=1,7,450,309,40,13,20,44
frame=2,0,189,351,12,10,34,48
frame=2,1,307,0,28,30,23,59
frame=2,2,82,0,14,33,3,60
frame=2,3,121,0,26,32,-3,57
frame=2,4,96,92,35,24,-1,47
frame=2,5,350,294,29,14,4,38
frame=2,6,349,338,12,11,6,34
frame=2,7,42,372,14,8,27,37
frame=3,0,27,186,35,20,35,48
frame=3,1,148,0,27,32,22,59
frame=3,2,40,0,9,34,-1,61
frame=3,3,336,0,28,30,-3,55
frame=3,4,304,117,36,22,-1,45
frame=3,5,0,324,28,13,4,36
frame=3,6,202,351,12,10,8,32
frame=3,7,217,362,13,9,29,37
frame=4,0,27,186,35,20,35,48
frame=4,1,148,0,27,32,22,59
frame=4,2,40,0,9,34,-1,61
frame=4,3,336,0,28,30,-3,55
frame=4,4,304,117,36,22,-1,45
frame=4,5,0,324,28,13,4,36
frame=4,6,202,351,12,10,8,32
frame=4,7,217,362,13,9,29,37
frame=5,0,215,351,13,10,33,45
frame=5,1,362,338,9,11,23,55
frame=5,2,382,0,17,29,5,57
frame=5,3,400,0,20,29,-6,54
frame=5,4,0,66,34,25,-1,46
frame=5,5,123,226,30,17,5,37
frame=5,6,474,324,17,12,10,33
frame=5,7,231,362,14,9,24,36
frame=6,0,57,372,13,8,24,39
frame=6,1,229,351,10,10,23,48
frame=6,2,341,117,22,22,9,53
frame=6,3,392,37,10,26,-6,53
frame=6,4,35,66,24,25,-2,48
frame=6,5,63,186,30,20,5,41
frame=6,6,380,294,25,14,11,36
frame=6,7,406,294,14,14,14,39
frame=7,0,373,244,14,16,18,45
frame=7,1,47,351,11,10,21,44
frame=7,2,407,278,28,14,14,48
frame=7,3,183,362,10,9,-8,39
frame=7,4,0,92,18,24,-2,49
frame=7,5,295,141,29,21,6,44
frame=7,6,123,278,28,15,12,39
frame=7,7,388,244,22,16,16,42

[hit]
frames=2
duration=300ms
type=play_once
frame=0,0,29,324,14,13,18,43
frame=0,1,240,351,11,10,21,44
frame=0,2,0,261,30,16,14,48
frame=0,3,60,66,13,25,-4,52
frame=0,4,403,37,20,26,0,49
frame=0,5,364,117,32,22,9,44
frame=0,6,421,294,30,14,14,39
frame=0,7,154,226,22,17,15,43
frame=1,0,44,324,14,13,18,43
frame=1,1,240,351,11,10,21,44
frame=1,2,0,261,30,16,14,48
frame=1,3,60,66,13,25,-4,52
frame=1,4,424,37,20,26,0,49
frame=1,5,397,117,32,22,9,44
frame=1,6,452,294,30,14,14,39
frame=1,7,177,226,22,17,15,43

[block]
frames=2
duration=300ms
type=play_once
frame=0,0,246,362,13,9,13,37
frame=0,1,372,338,31,11,18,42
frame=0,2,492,324,8,12,-8,38
frame=0,3,501,324,8,12,-5,35
frame=0,4,445,37,18,26,3,47
frame=0,5,430,117,31,22,11,44
frame=0,6,152,278,30,15,14,40
frame=0,7,31,261,21,16,11,42
frame=1,0,462,117,12,22,16,59
frame=1,1,57,164,21,21,20,63
frame=1,2,483,294,26,14,14,62
frame=1,3,258,207,20,18,2,63
frame=1,4,94,186,12,20,-6,60
frame=1,5,183,278,23,15,1,53
frame=1,6,0,338,26,12,10,49
frame=1,7,279,207,22,18,16,53

[cast]
frames=6
duration=600ms
type=play_once
hit=300ms
frame=0,0,79,164,12,21,17,55
frame=0,1,0,309,10,14,19,53
frame=0,2,252,351,26,10,12,58
frame=0,3,11,309,10,14,-11,53
frame=0,4,92,164,12,21,-7,55
frame=0,5,200,226,23,17,2,49
frame=0,6,279,351,26,10,12,43
frame=0,7,224,226,23,17,19,49
frame=1,0,107,186,11,20,16,52
frame=1,1,27,338,8,12,18,49
frame=1,2,71,372,26,8,12,55
frame=1,3,36,338,8,12,-12,49
frame=1,4,119,186,11,20,-7,52
frame=1,5,53,261,22,16,2,46
frame=1,6,306,351,26,10,12,41
frame=1,7,76,261,22,16,18,46
frame=2,0,131,186,12,20,17,52
frame=2,1,248,226,21,17,19,53
frame=2,2,107,372,26,7,12,54
frame=2,3,270,226,21,17,0,53
frame=2,4,144,186,12,20,-7,52
frame=2,5,292,226,23,17,2,46
frame=2,6,260,362,26,9,12,40
frame=2,7,316,226,23,17,19,46
frame=3,0,176,0,11,32,14,72
frame=3,1,178,37,40,27,27,73
frame=3,2,45,338,52,12,25,66
frame=3,3,219,37,40,27,11,73
frame=3,4,188,0,11,32,-5,72
frame=3,5,132,92,40,24,11,64
frame=3,6,333,351,52,10,25,55
frame=3,7,173,92,40,24,27,64
frame=4,0,97,0,11,33,12,73
frame=4,1,0,37,40,28,25,73
frame=4,2,59,324,54,13,26,66
frame=4,3,41,37,40,28,13,73
frame=4,4,109,0,11,33,-3,73
frame=4,5,74,66,40,25,13,66
frame=4,6,386,351,54,10,26,57
frame=4,7,115,66,40,25,25,66
frame=5,0,373,244,14,16,18,45
frame=5,1,47,351,11,10,21,44
frame=5,2,407,278,28,14,14,48
frame=5,3,183,362,10,9,-8,39
frame=5,4,0,92,18,24,-2,49
frame=5,5,295,141,29,21,6,44
frame=5,6,123,278,28,15,12,39
frame=5,7,388,244,22,16,16,42

[shoot]
frames=7
duration=700ms
type=play_once
hit=300ms
frame=0,0,156,66,27,25,26,58
frame=0,1,260,37,23,27,26,65
frame=0,2,105,164,38,21,26,67
frame=0,3,207,278,38,15,13,63
frame=0,4,214,92,26,24,-2,64
frame=0,5,475,117,23,22,-5,57
frame=0,6,22,309,38,14,10,49
frame=0,7,99,261,38,16,23,49
frame=1,0,284,37,18,27,13,60
frame=1,1,184,66,25,25,22,62
frame=1,2,340,226,36,17,27,61
frame=1,3,246,278,31,15,17,63
frame=1,4,144,164,18,21,3,65
frame=1,5,284,186,25,19,1,60
frame=1,6,114,324,36,13,7,54
frame=1,7,0,141,31,22,12,57
frame=2,0,303,37,17,27,12,60
frame=2,1,241,92,25,24,22,61
frame=2,2,138,261,36,16,27,60
frame=2,3,278,278,30,15,17,63
frame=2,4,163,164,17,21,3,65
frame=2,5,310,186,26,19,2,60
frame=2,6,151,324,36,13,7,54
frame=2,7,32,141,30,22,11,57
frame=3,0,404,338,14,11,8,50
frame=3,1,98,338,19,12,20,53
frame=3,2,188,324,24,13,24,59
frame=3,3,175,261,24,16,17,66
frame=3,4,0,117,14,23,4,69
frame=3,5,63,141,19,22,-3,65
frame=3,6,200,261,26,16,0,57
frame=3,7,441,351,24,10,5,50
frame=4,0,419,338,13,11,7,48
frame=4,1,433,338,21,11,21,50
frame=4,2,61,309,25,14,25,58
frame=4,3,377,226,12,17,16,65
frame=4,4,83,141,13,22,4,67
frame=4,5,181,164,21,21,-2,63
frame=4,6,309,278,27,15,0,55
frame=4,7,287,362,22,9,4,48
frame=5,0,87,309,14,14,16,46
frame=5,1,118,338,23,12,25,49
frame=5,2,455,338,11,11,21,55
frame=5,3,390,226,24,17,9,59
frame=5,4,267,92,13,24,-5,58
frame=5,5,157,186,25,20,-2,51
frame=5,6,227,261,30,16,7,45
frame=5,7,142,338,24,12,13,42
frame=6,0,373,244,14,16,18,45
frame=6,1,47,351,11,10,21,44
frame=6,2,407,278,28,14,14,48
frame=6,3,183,362,10,9,-8,39
frame=6,4,0,92,18,24,-2,49
frame=6,5,295,141,29,21,6,44
frame=6,6,123,278,28,15,12,39
frame=6,7,388,244,22,16,16,42

[die]
frames=6
duration=900ms
type=play_once
frame=0,0,302,207,12,18,12,43
frame=0,1,310,362,10,9,17,39
frame=0,2,134,372,8,7,-8,39
frame=0,3,466,351,10,10,-7,37
frame=0,4,15,117,14,23,0,46
frame=0,5,97,141,28,22,9,44
frame=0,6,102,309,30,14,14,39
frame=0,7,337,186,25,19,15,43
frame=1,0,133,309,14,14,6,45
frame=1,1,477,351,9,10,10,41
frame=1,2,182,372,3,3,-8,34
frame=1,3,258,261,12,16,1,45
frame=1,4,363,186,14,19,6,47
frame=1,5,378,186,23,19,11,47
frame=1,6,148,309,24,14,11,44
frame=1,7,337,278,22,15,9,46
frame=2,0,167,338,13,12,-10,43
frame=2,1,181,338,14,12,-3,38
frame=2,2,487,351,17,10,9,38
frame=2,3,271,261,16,16,18,41
frame=2,4,415,226,13,17,21,47
frame=2,5,360,278,18,15,19,51
frame=2,6,213,324,19,13,8,52
frame=2,7,467,338,18,11,-4,49
frame=3,0,233,324,13,13,-30,36
frame=3,1,173,309,13,14,-20,24
frame=3,2,187,309,15,14,7,20
frame=3,3,288,261,14,16,33,26
frame=3,4,429,226,13,17,41,39
frame=3,5,303,261,13,16,31,51
frame=3,6,203,309,15,14,6,55
frame=3,7,196,338,14,12,-21,49
frame=4,0,247,324,12,13,-48,14
frame=4,1,260,324,10,13,-32,-5
frame=4,2,271,324,12,13,6,-12
frame=4,3,379,278,13,15,44,-3
frame=4,4,317,261,12,16,58,17
frame=4,5,443,226,10,17,40,36
frame=4,6,330,261,12,16,4,43
frame=4,7,219,309,13,14,-33,34
frame=5,0,284,324,12,13,-48,14
frame=5,1,297,324,10,13,-32,-5
frame=5,2,308,324,12,13,6,-12
frame=5,3,393,278,13,15,44,-3
frame=5,4,343,261,12,16,58,17
frame=5,5,454,226,10,17,40,36
frame=5,6,356,261,12,16,4,43
frame=5,7,233,309,13,14,-33,34
