image=custom_gear_leather_hood.png

[stance]
frames=4
duration=800ms
type=back_forth
frame=0,0,355,0,12,18,4,63
frame=0,1,0,0,14,19,5,63
frame=0,2,368,0,12,18,5,62
frame=0,3,15,0,14,19,7,63
frame=0,4,381,0,12,18,6,63
frame=0,5,449,95,14,16,7,63
frame=0,6,85,130,12,14,5,63
frame=0,7,464,95,14,16,5,63
frame=1,0,394,0,13,18,5,63
frame=1,1,30,0,13,19,5,63
frame=1,2,408,0,12,18,5,62
frame=1,3,44,0,14,19,7,63
frame=1,4,421,0,13,18,6,63
frame=1,5,479,95,13,16,6,63
frame=1,6,248,113,12,15,5,63
frame=1,7,493,95,14,16,5,63
frame=2,0,435,0,13,18,4,63
frame=2,1,449,0,13,18,4,63
frame=2,2,463,0,12,18,5,62
frame=2,3,59,0,13,19,7,63
frame=2,4,476,0,13,18,7,63
frame=2,5,0,113,13,16,7,64
frame=2,6,261,113,12,15,5,64
frame=2,7,0,77,13,17,4,64
frame=3,0,490,0,12,18,4,63
frame=3,1,73,0,14,19,5,63
frame=3,2,0,20,12,18,5,62
frame=3,3,88,0,14,19,7,63
frame=3,4,13,20,12,18,6,63
frame=3,5,14,113,14,16,7,63
frame=3,6,98,130,12,14,5,63
frame=3,7,29,113,14,16,5,63

[run]
frames=8
duration=640ms
type=looped
frame=0,0,14,77,13,17,-1,62
frame=0,1,26,20,13,18,1,60
frame=0,2,28,77,12,17,5,59
frame=0,3,40,20,13,18,10,60
frame=0,4,103,0,13,19,12,63
frame=0,5,41,77,13,17,10,65
frame=0,6,111,130,12,14,5,65
frame=0,7,54,20,13,18,1,65
frame=1,0,68,20,13,18,-1,62
frame=1,1,82,20,13,18,1,60
frame=1,2,96,20,12,18,5,59
frame=1,3,109,20,13,18,10,60
frame=1,4,123,20,13,18,12,62
frame=1,5,55,77,13,17,10,64
frame=1,6,274,113,12,15,5,65
frame=1,7,69,77,13,17,1,64
frame=2,0,137,20,13,18,-1,61
frame=2,1,151,20,13,18,1,59
frame=2,2,165,20,12,18,5,58
frame=2,3,178,20,13,18,10,59
frame=2,4,192,20,13,18,12,61
frame=2,5,83,77,13,17,10,63
frame=2,6,287,113,12,15,5,64
frame=2,7,97,77,13,17,1,63
frame=3,0,206,20,13,18,-1,62
frame=3,1,220,20,13,18,1,60
frame=3,2,234,20,12,18,5,59
frame=3,3,247,20,13,18,10,60
frame=3,4,261,20,13,18,12,62
frame=3,5,111,77,13,17,10,64
frame=3,6,300,113,12,15,5,65
frame=3,7,125,77,13,17,1,64
frame=4,0,139,77,13,17,-1,62
frame=4,1,275,20,13,18,1,60
frame=4,2,153,77,12,17,5,59
frame=4,3,289,20,13,18,10,60
frame=4,4,117,0,13,19,12,63
frame=4,5,166,77,13,17,10,65
frame=4,6,124,130,12,14,5,65
frame=4,7,303,20,13,18,1,65
frame=5,0,317,20,13,18,-1,62
frame=5,1,331,20,13,18,1,60
frame=5,2,345,20,12,18,5,59
frame=5,3,358,20,13,18,10,60
frame=5,4,372,20,13,18,12,62
frame=5,5,180,77,13,17,10,64
frame=5,6,313,113,12,15,5,65
frame=5,7,194,77,13,17,1,64
frame=6,0,386,20,13,18,-1,61
frame=6,1,400,20,13,18,1,59
frame=6,2,414,20,12,18,5,58
frame=6,3,427,20,13,18,10,59
frame=6,4,441,20,13,18,12,61
frame=6,5,208,77,13,17,10,63
frame=6,6,326,113,12,15,5,64
frame=6,7,222,77,13,17,1,63
frame=7,0,455,20,13,18,-1,62
frame=7,1,469,20,13,18,1,60
frame=7,2,483,20,12,18,5,59
frame=7,3,496,20,13,18,10,60
frame=7,4,0,39,13,18,12,62
frame=7,5,236,77,13,17,10,64
frame=7,6,339,113,12,15,5,65
frame=7,7,250,77,13,17,1,64

[swing]
frames=6
duration=600ms
type=play_once
frame=0,0,14,39,13,18,0,62
frame=0,1,28,39,13,18,2,60
frame=0,2,264,77,12,17,5,59
frame=0,3,42,39,14,18,10,60
frame=0,4,57,39,13,18,11,62
frame=0,5,277,77,13,17,9,64
frame=0,6,352,113,12,15,5,65
frame=0,7,291,77,14,17,2,64
frame=1,0,306,77,13,17,1,61
frame=1,1,71,39,13,18,3,60
frame=1,2,85,39,13,18,7,60
frame=1,3,99,39,14,18,10,61
frame=1,4,114,39,13,18,10,63
frame=1,5,44,113,13,16,8,64
frame=1,6,365,113,13,15,4,64
frame=1,7,320,77,13,17,1,63
frame=2,0,128,39,13,18,2,61
frame=2,1,142,39,13,18,4,60
frame=2,2,156,39,14,18,8,60
frame=2,3,171,39,13,18,9,61
frame=2,4,185,39,12,18,9,63
frame=2,5,58,113,13,16,7,64
frame=2,6,379,113,13,15,4,64
frame=2,7,198,39,12,18,1,63
frame=3,0,211,39,12,18,1,63
frame=3,1,224,39,13,18,2,61
frame=3,2,238,39,13,18,5,60
frame=3,3,252,39,13,18,8,60
frame=3,4,266,39,12,18,9,62
frame=3,5,334,77,13,17,9,63
frame=3,6,393,113,13,15,6,64
frame=3,7,348,77,13,17,3,64
frame=4,0,362,77,13,17,1,63
frame=4,1,279,39,13,18,1,61
frame=4,2,293,39,13,18,3,60
frame=4,3,307,39,13,18,7,60
frame=4,4,321,39,14,18,10,61
frame=4,5,336,39,13,18,10,63
frame=4,6,72,113,13,16,8,64
frame=4,7,86,113,13,16,4,64
frame=5,0,350,39,13,18,0,62
frame=5,1,364,39,13,18,2,60
frame=5,2,376,77,12,17,5,59
frame=5,3,378,39,14,18,10,60
frame=5,4,393,39,13,18,11,62
frame=5,5,389,77,13,17,9,64
frame=5,6,407,113,12,15,5,65
frame=5,7,403,77,14,17,2,64

[hit]
frames=2
duration=300ms
type=play_once
frame=0,0,418,77,13,17,4,63
frame=0,1,131,0,13,19,4,63
frame=0,2,407,39,12,18,5,62
frame=0,3,145,0,13,19,7,63
frame=0,4,420,39,13,18,7,63
frame=0,5,100,113,13,16,7,64
frame=0,6,420,113,12,15,5,64
frame=0,7,432,77,13,17,4,64
frame=1,0,446,77,13,17,4,63
frame=1,1,159,0,13,19,4,63
frame=1,2,434,39,12,18,5,62
frame=1,3,173,0,13,19,7,63
frame=1,4,447,39,13,18,7,63
frame=1,5,114,113,13,16,7,64
frame=1,6,433,113,12,15,5,64
frame=1,7,460,77,13,17,4,64

[block]
frames=2
duration=300ms
type=play_once
frame=0,0,474,77,13,17,4,63
frame=0,1,187,0,13,19,4,63
frame=0,2,461,39,12,18,5,62
frame=0,3,201,0,13,19,7,63
frame=0,4,474,39,13,18,7,63
frame=0,5,128,113,13,16,7,64
frame=0,6,446,113,12,15,5,64
frame=0,7,488,77,13,17,4,64
frame=1,0,488,39,12,18,0,62
frame=1,1,0,58,13,18,2,60
frame=1,2,14,58,12,18,5,59
frame=1,3,27,58,14,18,10,60
frame=1,4,42,58,12,18,10,62
frame=1,5,0,95,13,17,9,64
frame=1,6,137,130,12,14,5,64
frame=1,7,14,95,14,17,2,64

[cast]
frames=4
duration=600ms
type=play_once
frame=0,0,29,95,13,17,4,63
frame=0,1,215,0,13,19,4,63
frame=0,2,55,58,12,18,5,62
frame=0,3,229,0,13,19,7,63
frame=0,4,68,58,13,18,7,63
frame=0,5,142,113,13,16,7,64
frame=0,6,459,113,12,15,5,64
frame=0,7,43,95,13,17,4,64
frame=1,0,82,58,13,18,1,63
frame=1,1,96,58,13,18,2,62
frame=1,2,110,58,12,18,5,61
frame=1,3,123,58,13,18,9,62
frame=1,4,57,95,13,17,10,63
frame=1,5,71,95,13,17,9,65
frame=1,6,150,130,12,14,5,65
frame=1,7,85,95,13,17,2,65
frame=2,0,137,58,13,18,1,63
frame=2,1,151,58,13,18,2,62
frame=2,2,165,58,12,18,5,61
frame=2,3,178,58,13,18,9,62
frame=2,4,99,95,13,17,10,63
frame=2,5,113,95,13,17,9,65
frame=2,6,163,130,12,14,5,65
frame=2,7,127,95,13,17,2,65
frame=3,0,141,95,13,17,4,63
frame=3,1,243,0,13,19,4,63
frame=3,2,192,58,12,18,5,62
frame=3,3,257,0,13,19,7,63
frame=3,4,205,58,13,18,7,63
frame=3,5,156,113,13,16,7,64
frame=3,6,472,113,12,15,5,64
frame=3,7,155,95,13,17,4,64

[shoot]
frames=4
duration=600ms
type=play_once
frame=0,0,169,95,13,17,4,63
frame=0,1,271,0,13,19,4,63
frame=0,2,219,58,12,18,5,62
frame=0,3,285,0,13,19,7,63
frame=0,4,232,58,13,18,7,63
frame=0,5,170,113,13,16,7,64
frame=0,6,485,113,12,15,5,64
frame=0,7,183,95,13,17,4,64
frame=1,0,246,58,13,18,1,63
frame=1,1,260,58,13,18,2,62
frame=1,2,274,58,12,18,5,61
frame=1,3,287,58,13,18,9,62
frame=1,4,197,95,13,17,10,63
frame=1,5,211,95,13,17,9,65
frame=1,6,176,130,12,14,5,65
frame=1,7,225,95,13,17,2,65
frame=2,0,301,58,13,18,1,63
frame=2,1,315,58,13,18,2,62
frame=2,2,329,58,12,18,5,61
frame=2,3,342,58,13,18,9,62
frame=2,4,239,95,13,17,10,63
frame=2,5,253,95,13,17,9,65
frame=2,6,189,130,12,14,5,65
frame=2,7,267,95,13,17,2,65
frame=3,0,281,95,13,17,4,63
frame=3,1,299,0,13,19,4,63
frame=3,2,356,58,12,18,5,62
frame=3,3,313,0,13,19,7,63
frame=3,4,369,58,13,18,7,63
frame=3,5,184,113,13,16,7,64
frame=3,6,498,113,12,15,5,64
frame=3,7,295,95,13,17,4,64

[die]
frames=6
duration=900ms
type=play_once
frame=0,0,309,95,13,17,4,63
frame=0,1,327,0,13,19,4,63
frame=0,2,383,58,12,18,5,62
frame=0,3,341,0,13,19,7,63
frame=0,4,396,58,13,18,7,63
frame=0,5,198,113,13,16,7,64
frame=0,6,0,130,12,15,5,64
frame=0,7,323,95,13,17,4,64
frame=1,0,410,58,13,18,-9,63
frame=1,1,424,58,14,18,-4,58
frame=1,2,439,58,12,18,5,56
frame=1,3,452,58,13,18,16,58
frame=1,4,466,58,13,18,20,63
frame=1,5,337,95,13,17,16,68
frame=1,6,13,130,12,15,5,70
frame=1,7,351,95,13,17,-5,68
frame=2,0,480,58,12,18,-32,56
frame=2,1,365,95,13,17,-20,43
frame=2,2,212,113,12,16,5,37
frame=2,3,379,95,13,17,31,43
frame=2,4,493,58,12,18,42,56
frame=2,5,393,95,12,17,31,68
frame=2,6,26,130,12,15,5,73
frame=2,7,406,95,12,17,-21,68
frame=3,0,419,95,14,17,-52,36
frame=3,1,39,130,15,15,-34,15
frame=3,2,202,130,12,14,5,6
frame=3,3,55,130,15,15,47,15
frame=3,4,434,95,14,17,64,36
frame=3,5,225,113,10,16,47,56
frame=3,6,283,130,12,13,5,65
frame=3,7,236,113,11,16,-38,56
frame=4,0,215,130,16,14,-59,2
frame=4,1,296,130,17,13,-39,-22
frame=4,2,314,130,12,13,5,-32
frame=4,3,327,130,17,13,54,-22
frame=4,4,232,130,16,14,73,2
frame=4,5,345,130,8,13,54,27
frame=4,6,421,130,4,7,5,36
frame=4,7,403,130,8,12,-48,26
frame=5,0,249,130,16,14,-59,2
frame=5,1,354,130,17,13,-39,-22
frame=5,2,372,130,12,13,5,-32
frame=5,3,385,130,17,13,54,-22
frame=5,4,266,130,16,14,73,2
frame=5,5,412,130,8,12,54,26
frame=5,6,426,130,4,7,5,36
frame=5,7,71,130,13,15,-43,25
