image=custom_gear_longbow.png

[stance]
frames=4
duration=800ms
type=back_forth
frame=0,0,349,43,17,36,22,51
frame=0,1,170,120,14,32,24,56
frame=0,2,141,155,5,30,12,61
frame=0,3,494,294,6,4,3,63
frame=0,4,367,43,17,36,-7,62
frame=0,5,106,0,14,40,-12,57
frame=0,6,121,0,5,40,-9,51
frame=0,7,261,0,14,39,9,49
frame=1,0,152,83,17,35,22,50
frame=1,1,31,155,14,31,24,55
frame=1,2,46,155,5,31,12,61
frame=1,3,501,294,5,4,2,63
frame=1,4,170,83,17,35,-7,61
frame=1,5,276,0,14,39,-12,56
frame=1,6,9,0,5,41,-9,51
frame=1,7,291,0,13,39,8,48
frame=2,0,188,83,17,35,22,51
frame=2,1,52,155,14,31,24,56
frame=2,2,171,155,5,29,12,61
frame=2,3,0,307,6,4,3,63
frame=2,4,206,83,17,35,-7,62
frame=2,5,305,0,14,39,-12,57
frame=2,6,15,0,5,41,-9,52
frame=2,7,127,0,14,40,9,50
frame=3,0,385,43,17,36,22,51
frame=3,1,185,120,14,32,24,56
frame=3,2,147,155,5,30,12,61
frame=3,3,7,307,6,4,3,63
frame=3,4,403,43,17,36,-7,62
frame=3,5,142,0,14,40,-12,57
frame=3,6,157,0,5,40,-9,51
frame=3,7,320,0,14,39,9,49

[run]
frames=8
duration=640ms
type=looped
frame=0,0,51,120,23,33,24,52
frame=0,1,218,188,18,26,25,55
frame=0,2,0,216,5,24,12,60
frame=0,3,237,188,18,26,6,63
frame=0,4,75,120,23,33,-3,63
frame=0,5,335,0,18,39,-9,60
frame=0,6,21,0,5,41,-9,55
frame=0,7,354,0,18,39,10,52
frame=1,0,177,155,31,29,29,53
frame=1,1,47,241,22,19,28,55
frame=1,2,210,279,5,12,12,59
frame=1,3,458,216,23,20,8,63
frame=1,4,209,155,31,29,0,64
frame=1,5,191,43,22,37,-8,61
frame=1,6,27,0,5,41,-9,57
frame=1,7,102,43,23,38,13,54
frame=2,0,256,188,32,26,30,52
frame=2,1,252,241,24,17,29,54
frame=2,2,41,279,5,13,12,59
frame=2,3,277,241,24,17,8,62
frame=2,4,289,188,32,26,0,63
frame=2,5,421,43,24,36,-7,61
frame=2,6,163,0,5,40,-9,57
frame=2,7,446,43,24,36,14,54
frame=3,0,241,155,31,29,29,53
frame=3,1,70,241,22,19,28,55
frame=3,2,216,279,5,12,12,59
frame=3,3,482,216,23,20,8,63
frame=3,4,273,155,31,29,0,64
frame=3,5,214,43,22,37,-8,61
frame=3,6,33,0,5,41,-9,57
frame=3,7,126,43,23,38,13,54
frame=4,0,99,120,23,33,24,52
frame=4,1,322,188,18,26,25,55
frame=4,2,6,216,5,24,12,60
frame=4,3,341,188,18,26,6,63
frame=4,4,123,120,23,33,-3,63
frame=4,5,373,0,18,39,-9,60
frame=4,6,39,0,5,41,-9,55
frame=4,7,392,0,18,39,10,52
frame=5,0,224,83,17,35,19,50
frame=5,1,200,120,13,32,21,54
frame=5,2,153,155,5,30,12,59
frame=5,3,480,294,6,5,5,62
frame=5,4,242,83,17,35,-4,61
frame=5,5,411,0,13,39,-10,57
frame=5,6,45,0,5,41,-9,53
frame=5,7,169,0,13,40,6,50
frame=6,0,237,43,14,37,16,49
frame=6,1,495,83,11,34,19,53
frame=6,2,214,120,5,32,12,57
frame=6,3,14,307,6,4,5,60
frame=6,4,471,43,14,36,-4,59
frame=6,5,425,0,11,39,-10,56
frame=6,6,183,0,5,40,-9,51
frame=6,7,437,0,12,39,4,48
frame=7,0,260,83,17,35,19,50
frame=7,1,220,120,13,32,21,54
frame=7,2,67,155,5,31,12,59
frame=7,3,487,294,6,5,5,62
frame=7,4,486,43,17,36,-4,61
frame=7,5,450,0,13,39,-10,57
frame=7,6,51,0,5,41,-9,53
frame=7,7,189,0,13,40,6,50

[swing]
frames=6
duration=600ms
type=play_once
frame=0,0,0,83,17,36,21,53
frame=0,1,73,155,14,31,23,57
frame=0,2,159,155,5,30,12,62
frame=0,3,440,294,7,8,4,65
frame=0,4,278,83,17,35,-6,63
frame=0,5,464,0,14,39,-11,59
frame=0,6,57,0,5,41,-9,54
frame=0,7,479,0,14,39,8,51
frame=1,0,409,262,38,14,35,58
frame=1,1,85,294,22,11,27,62
frame=1,2,222,279,14,12,13,68
frame=1,3,237,279,34,12,9,68
frame=1,4,80,216,38,22,1,69
frame=1,5,147,120,22,33,-7,68
frame=1,6,296,83,14,35,-1,64
frame=1,7,417,155,34,27,23,60
frame=2,0,108,294,39,11,32,61
frame=2,1,93,241,22,19,25,72
frame=2,2,0,241,17,20,15,77
frame=2,3,47,279,37,13,13,73
frame=2,4,277,262,39,15,5,71
frame=2,5,12,216,22,24,-5,70
frame=2,6,432,188,17,25,0,66
frame=2,7,302,241,37,17,22,61
frame=3,0,252,43,15,37,20,52
frame=3,1,0,120,13,34,24,57
frame=3,2,234,120,6,32,15,63
frame=3,3,432,294,7,9,4,66
frame=3,4,311,83,15,35,-7,64
frame=3,5,494,0,13,39,-13,59
frame=3,6,203,0,6,40,-11,53
frame=3,7,0,43,11,39,5,50
frame=4,0,305,155,22,29,9,41
frame=4,1,18,83,23,36,18,46
frame=4,2,63,0,13,41,17,52
frame=4,3,77,0,10,41,13,56
frame=4,4,268,43,22,37,11,56
frame=4,5,381,241,14,16,-6,51
frame=4,6,35,216,12,24,-7,44
frame=4,7,48,216,11,24,-4,40
frame=5,0,327,83,17,35,21,52
frame=5,1,241,120,14,32,23,57
frame=5,2,165,155,5,30,12,62
frame=5,3,448,294,7,8,4,65
frame=5,4,345,83,17,35,-6,63
frame=5,5,12,43,14,39,-11,59
frame=5,6,88,0,5,41,-9,54
frame=5,7,27,43,14,39,8,51

[hit]
frames=2
duration=300ms
type=play_once
frame=0,0,363,83,19,35,23,51
frame=0,1,88,155,14,31,24,56
frame=0,2,328,155,5,29,12,61
frame=0,3,21,307,5,4,3,63
frame=0,4,383,83,19,35,-6,62
frame=0,5,210,0,14,40,-12,58
frame=0,6,94,0,5,41,-9,52
frame=0,7,42,43,15,39,9,50
frame=1,0,403,83,19,35,23,51
frame=1,1,103,155,14,31,24,56
frame=1,2,334,155,5,29,12,61
frame=1,3,27,307,5,4,3,63
frame=1,4,423,83,19,35,-6,62
frame=1,5,58,43,14,39,-12,57
frame=1,6,100,0,5,41,-9,52
frame=1,7,225,0,15,40,9,50

[block]
frames=2
duration=300ms
type=play_once
frame=0,0,291,43,14,37,15,50
frame=0,1,14,120,11,34,19,54
frame=0,2,26,120,5,34,12,59
frame=0,3,33,307,3,3,5,54
frame=0,4,42,83,12,36,-5,60
frame=0,5,150,43,11,38,-10,56
frame=0,6,241,0,5,40,-9,52
frame=0,7,73,43,11,39,3,49
frame=1,0,448,262,40,14,32,51
frame=1,1,272,279,30,12,31,56
frame=1,2,340,241,5,17,12,65
frame=1,3,303,279,31,12,13,64
frame=1,4,0,279,40,14,6,62
frame=1,5,450,188,30,25,-3,62
frame=1,6,118,155,5,31,-9,59
frame=1,7,481,188,31,25,16,54

[cast]
frames=4
duration=600ms
type=play_once
frame=0,0,154,216,37,21,38,52
frame=0,1,85,279,28,13,35,56
frame=0,2,456,294,5,8,12,60
frame=0,3,335,279,28,12,6,63
frame=0,4,192,216,37,21,-3,63
frame=0,5,256,120,28,32,-9,60
frame=0,6,55,83,5,36,-9,55
frame=0,7,285,120,28,32,20,52
frame=1,0,396,241,40,16,32,63
frame=1,1,452,155,30,27,31,75
frame=1,2,314,120,5,32,12,83
frame=1,3,483,155,29,27,12,83
frame=1,4,437,241,40,16,6,74
frame=1,5,148,294,30,11,-3,64
frame=1,6,317,262,5,15,-9,61
frame=1,7,364,279,29,12,15,57
frame=2,0,0,262,40,16,32,63
frame=2,1,0,188,30,27,31,75
frame=2,2,320,120,5,32,12,83
frame=2,3,31,188,29,27,12,83
frame=2,4,41,262,40,16,6,74
frame=2,5,179,294,30,11,-3,64
frame=2,6,323,262,5,15,-9,61
frame=2,7,394,279,29,12,15,57
frame=3,0,230,216,37,21,38,52
frame=3,1,114,279,28,13,35,56
frame=3,2,462,294,5,8,12,60
frame=3,3,424,279,28,12,6,63
frame=3,4,268,216,37,21,-3,63
frame=3,5,326,120,28,32,-9,60
frame=3,6,61,83,5,36,-9,55
frame=3,7,355,120,28,32,20,52

[shoot]
frames=4
duration=600ms
type=play_once
frame=0,0,306,216,37,21,38,52
frame=0,1,143,279,28,13,35,56
frame=0,2,468,294,5,8,12,60
frame=0,3,453,279,28,12,6,63
frame=0,4,344,216,37,21,-3,63
frame=0,5,384,120,28,32,-9,60
frame=0,6,67,83,5,36,-9,55
frame=0,7,413,120,28,32,20,52
frame=1,0,82,262,40,16,32,63
frame=1,1,61,188,30,27,31,75
frame=1,2,442,120,5,32,12,83
frame=1,3,92,188,29,27,12,83
frame=1,4,123,262,40,16,6,74
frame=1,5,210,294,30,11,-3,64
frame=1,6,329,262,5,15,-9,61
frame=1,7,482,279,29,12,15,57
frame=2,0,164,262,40,16,32,63
frame=2,1,122,188,30,27,31,75
frame=2,2,448,120,5,32,12,83
frame=2,3,153,188,29,27,12,83
frame=2,4,205,262,40,16,6,74
frame=2,5,241,294,30,11,-3,64
frame=2,6,335,262,5,15,-9,61
frame=2,7,0,294,29,12,15,57
frame=3,0,382,216,37,21,38,52
frame=3,1,172,279,28,13,35,56
frame=3,2,474,294,5,8,12,60
frame=3,3,30,294,28,12,6,63
frame=3,4,420,216,37,21,-3,63
frame=3,5,454,120,28,32,-9,60
frame=3,6,73,83,5,36,-9,55
frame=3,7,483,120,28,32,20,52

[die]
frames=6
duration=900ms
type=play_once
frame=0,0,306,43,12,37,13,48
frame=0,1,162,43,10,38,17,53
frame=0,2,173,43,5,38,12,58
frame=0,3,37,307,1,1,80,112
frame=0,4,79,83,10,36,-5,58
frame=0,5,90,83,10,36,-9,53
frame=0,6,101,83,5,36,-9,48
frame=0,7,443,83,10,35,2,45
frame=1,0,124,155,16,31,10,50
frame=1,1,408,155,8,28,9,51
frame=1,2,201,279,8,13,13,55
frame=1,3,32,120,18,34,11,59
frame=1,4,85,43,16,39,4,62
frame=1,5,0,0,8,42,-3,61
frame=1,6,247,0,13,40,-2,57
frame=1,7,454,83,18,35,5,52
frame=2,0,246,262,30,16,1,46
frame=2,1,59,294,11,12,-1,39
frame=2,2,71,294,13,12,15,40
frame=2,3,119,216,34,22,29,49
frame=2,4,0,155,30,32,27,59
frame=2,5,179,43,11,38,10,66
frame=2,6,107,83,22,36,5,65
frame=2,7,183,188,34,27,3,57
frame=3,0,346,241,34,17,-20,40
frame=3,1,60,216,9,23,-19,31
frame=3,2,116,241,28,19,17,25
frame=3,3,272,294,42,11,48,26
frame=3,4,145,241,34,18,52,44
frame=3,5,70,216,9,23,26,59
frame=3,6,18,241,28,20,9,61
frame=3,7,374,294,42,10,-8,49
frame=4,0,130,83,21,36,-46,28
frame=4,1,319,43,14,37,-31,9
frame=4,2,340,155,33,29,19,-2
frame=4,3,180,241,35,18,58,2
frame=4,4,315,294,21,11,65,17
frame=4,5,417,294,14,10,43,36
frame=4,6,341,262,33,15,12,46
frame=4,7,360,188,35,26,-25,43
frame=5,0,473,83,21,35,-46,27
frame=5,1,334,43,14,37,-31,9
frame=5,2,374,155,33,29,19,-2
frame=5,3,216,241,35,18,58,2
frame=5,4,337,294,21,11,65,17
frame=5,5,359,294,14,11,43,36
frame=5,6,375,262,33,15,12,46
frame=5,7,396,188,35,26,-25,43
