image=custom_gear_longsword.png

[stance]
frames=4
duration=800ms
type=back_forth
frame=0,0,404,72,14,31,17,59
frame=0,1,228,137,13,28,21,63
frame=0,2,291,196,7,23,14,67
frame=0,3,391,299,8,11,5,70
frame=0,4,419,72,14,31,-5,70
frame=0,5,296,0,13,34,-10,66
frame=0,6,20,0,9,35,-7,61
frame=0,7,310,0,13,34,6,58
frame=1,0,0,72,14,32,17,59
frame=1,1,453,137,13,27,21,62
frame=1,2,299,196,7,23,14,67
frame=1,3,400,299,8,11,5,70
frame=1,4,434,72,14,31,-5,69
frame=1,5,324,0,13,34,-10,65
frame=1,6,30,0,9,35,-7,60
frame=1,7,338,0,13,34,6,58
frame=2,0,369,105,15,30,17,59
frame=2,1,467,137,14,27,21,63
frame=2,2,291,196,7,23,14,67
frame=2,3,409,299,9,11,6,70
frame=2,4,449,72,15,31,-4,70
frame=2,5,352,0,14,34,-9,66
frame=2,6,0,0,9,36,-7,62
frame=2,7,367,0,14,34,6,59
frame=3,0,465,72,14,31,17,59
frame=3,1,228,137,13,28,21,63
frame=3,2,291,196,7,23,14,67
frame=3,3,391,299,8,11,5,70
frame=3,4,419,72,14,31,-5,70
frame=3,5,296,0,13,34,-10,66
frame=3,6,40,0,9,35,-7,61
frame=3,7,310,0,13,34,6,58

[run]
frames=10
duration=660ms
type=looped
frame=0,0,15,72,8,32,14,52
frame=0,1,226,37,7,33,19,58
frame=0,2,234,37,7,33,16,64
frame=0,3,351,222,6,19,3,67
frame=0,4,24,72,7,32,-9,65
frame=0,5,32,72,8,32,-13,59
frame=0,6,480,72,9,31,-9,52
frame=0,7,41,72,9,32,2,50
frame=1,0,51,72,5,32,13,52
frame=1,1,242,37,7,33,20,58
frame=1,2,57,72,8,32,16,64
frame=1,3,225,245,6,18,2,66
frame=1,4,66,72,5,32,-10,64
frame=1,5,72,72,8,32,-14,58
frame=1,6,81,72,9,32,-9,52
frame=1,7,91,72,9,32,3,49
frame=2,0,101,72,8,32,16,54
frame=2,1,490,72,9,31,21,59
frame=2,2,242,137,8,28,15,65
frame=2,3,419,299,6,11,2,67
frame=2,4,110,72,8,32,-10,65
frame=2,5,250,37,9,33,-14,59
frame=2,6,382,0,9,34,-8,54
frame=2,7,260,37,9,33,5,51
frame=3,0,0,105,13,31,19,56
frame=3,1,251,137,12,28,22,61
frame=3,2,232,245,6,18,12,66
frame=3,3,174,222,10,21,2,68
frame=3,4,14,105,13,31,-8,66
frame=3,5,392,0,12,34,-12,61
frame=3,6,50,0,9,35,-6,56
frame=3,7,405,0,12,34,8,54
frame=4,0,34,137,17,29,22,57
frame=4,1,212,168,13,26,22,62
frame=4,2,239,245,7,18,12,66
frame=4,3,226,168,15,26,3,69
frame=4,4,28,105,17,31,-7,67
frame=4,5,418,0,13,34,-11,62
frame=4,6,10,0,9,36,-5,58
frame=4,7,432,0,15,34,10,56
frame=5,0,52,137,17,29,22,57
frame=5,1,0,196,13,25,22,61
frame=5,2,358,222,7,19,11,65
frame=5,3,242,168,16,26,3,68
frame=5,4,385,105,17,30,-7,66
frame=5,5,60,0,13,35,-11,62
frame=5,6,74,0,9,35,-4,57
frame=5,7,270,37,16,33,11,55
frame=6,0,403,105,17,30,22,56
frame=6,1,259,168,13,26,22,60
frame=6,2,366,222,6,19,11,65
frame=6,3,14,196,15,25,3,67
frame=6,4,421,105,17,30,-7,65
frame=6,5,84,0,13,35,-11,61
frame=6,6,98,0,9,35,-5,56
frame=6,7,448,0,15,34,10,54
frame=7,0,46,105,13,31,19,55
frame=7,1,264,137,12,28,22,60
frame=7,2,247,245,6,18,12,65
frame=7,3,185,222,10,21,2,67
frame=7,4,60,105,13,31,-8,65
frame=7,5,464,0,12,34,-12,60
frame=7,6,108,0,9,35,-6,55
frame=7,7,477,0,12,34,8,53
frame=8,0,119,72,8,32,16,55
frame=8,1,74,105,9,31,21,60
frame=8,2,277,137,8,28,15,66
frame=8,3,426,299,6,11,2,68
frame=8,4,128,72,8,32,-10,66
frame=8,5,287,37,9,33,-14,60
frame=8,6,490,0,9,34,-8,55
frame=8,7,297,37,9,33,5,52
frame=9,0,137,72,5,32,13,53
frame=9,1,143,72,7,32,20,59
frame=9,2,151,72,8,32,16,65
frame=9,3,373,222,6,19,2,68
frame=9,4,160,72,5,32,-10,66
frame=9,5,166,72,8,32,-14,60
frame=9,6,84,105,9,31,-9,53
frame=9,7,175,72,9,32,3,51

[swing]
frames=8
duration=640ms
type=play_once
hit=160ms
frame=0,0,479,196,22,22,-13,40
frame=0,1,132,196,11,24,10,37
frame=0,2,254,245,30,18,45,42
frame=0,3,56,335,32,7,55,51
frame=0,4,30,283,22,14,33,67
frame=0,5,285,245,11,18,-1,72
frame=0,6,125,299,30,12,-17,61
frame=0,7,53,283,35,14,-22,49
frame=1,0,89,283,34,14,-19,45
frame=1,1,307,196,20,23,-6,39
frame=1,2,144,196,13,24,20,39
frame=1,3,428,245,31,17,49,46
frame=1,4,248,335,34,6,51,55
frame=1,5,385,283,19,13,24,70
frame=1,6,460,245,14,17,-8,70
frame=1,7,433,299,31,11,-20,57
frame=2,0,278,313,31,10,54,42
frame=2,1,310,313,16,10,37,56
frame=2,2,405,283,15,13,9,63
frame=2,3,399,325,30,8,-12,57
frame=2,4,380,222,31,19,-25,49
frame=2,5,273,168,17,26,-22,38
frame=2,6,291,168,15,26,4,31
frame=2,7,412,222,32,19,40,33
frame=3,0,430,325,20,8,-3,54
frame=3,1,124,283,31,14,-4,52
frame=3,2,0,222,17,22,-12,48
frame=3,3,328,196,15,23,-3,43
frame=3,4,254,265,33,16,21,39
frame=3,5,465,313,34,9,33,39
frame=3,6,475,245,18,17,27,51
frame=3,7,89,335,6,7,16,48
frame=4,0,96,335,23,7,-7,46
frame=4,1,389,265,25,15,-5,43
frame=4,2,344,196,6,23,-8,44
frame=4,3,445,222,27,19,13,40
frame=4,4,0,325,36,9,28,38
frame=4,5,156,283,28,14,28,45
frame=4,6,473,222,5,19,12,53
frame=4,7,465,299,16,11,1,53
frame=5,0,307,168,23,26,17,67
frame=5,1,415,265,18,15,0,64
frame=5,2,156,299,12,12,-10,57
frame=5,3,288,265,11,16,-10,51
frame=5,4,479,222,23,19,4,48
frame=5,5,482,137,26,27,16,52
frame=5,6,307,37,17,33,20,58
frame=5,7,118,0,11,35,19,65
frame=6,0,130,0,11,35,21,66
frame=6,1,0,168,15,27,16,70
frame=6,2,185,283,8,14,-3,70
frame=6,3,331,168,9,26,-10,65
frame=6,4,341,168,11,26,-12,59
frame=6,5,70,137,15,29,-3,55
frame=6,6,325,37,14,33,9,56
frame=6,7,142,0,9,35,17,60
frame=7,0,94,105,14,31,17,59
frame=7,1,286,137,13,28,21,63
frame=7,2,291,196,7,23,14,67
frame=7,3,482,299,8,11,5,70
frame=7,4,109,105,14,31,-5,70
frame=7,5,0,37,13,34,-10,66
frame=7,6,152,0,9,35,-7,61
frame=7,7,162,0,13,35,6,59

[swing2]
frames=8
duration=680ms
type=play_once
hit=170ms
frame=0,0,0,265,34,17,-4,70
frame=0,1,120,335,30,7,7,59
frame=0,2,491,299,12,11,16,62
frame=0,3,451,325,23,8,32,67
frame=0,4,0,313,34,11,36,77
frame=0,5,351,196,30,23,21,89
frame=0,6,86,137,12,29,-6,91
frame=0,7,353,168,23,26,-11,83
frame=1,0,30,196,19,25,-17,55
frame=1,1,124,105,20,31,-5,50
frame=1,2,176,0,14,35,12,50
frame=1,3,191,0,11,35,26,56
frame=1,4,185,72,19,32,34,64
frame=1,5,16,168,20,27,23,70
frame=1,6,297,245,10,18,-3,69
frame=1,7,196,222,11,21,-17,63
frame=2,0,99,137,22,29,45,29
frame=2,1,18,222,19,22,46,40
frame=2,2,35,265,10,17,21,48
frame=2,3,327,313,7,10,-14,41
frame=2,4,158,196,22,24,-25,43
frame=2,5,145,105,22,31,-26,32
frame=2,6,203,0,12,35,-11,23
frame=2,7,216,0,15,35,19,22
frame=3,0,232,0,5,35,22,24
frame=3,1,14,37,8,34,29,33
frame=3,2,122,137,12,29,21,38
frame=3,3,421,283,5,13,-1,25
frame=3,4,135,137,5,29,-19,37
frame=3,5,439,105,10,30,-21,28
frame=3,6,168,105,12,31,-11,20
frame=3,7,340,37,11,33,8,18
frame=4,0,23,37,5,34,22,24
frame=4,1,352,37,9,33,30,33
frame=4,2,141,137,12,29,21,39
frame=4,3,169,299,5,12,-1,25
frame=4,4,154,137,5,29,-19,38
frame=4,5,181,105,11,31,-21,29
frame=4,6,205,72,12,32,-11,21
frame=4,7,29,37,10,34,8,19
frame=5,0,38,222,28,22,44,26
frame=5,1,175,299,22,12,43,33
frame=5,2,37,325,10,9,18,42
frame=5,3,316,335,1,1,80,112
frame=5,4,0,245,28,19,-18,38
frame=5,5,300,137,25,28,-20,30
frame=5,6,218,72,10,32,-10,23
frame=5,7,160,137,20,29,20,20
frame=6,0,326,137,22,28,34,53
frame=6,1,40,37,16,34,32,66
frame=6,2,229,72,8,32,15,74
frame=6,3,50,196,12,25,-7,74
frame=6,4,349,137,22,28,-14,64
frame=6,5,67,222,17,22,-17,51
frame=6,6,308,245,9,18,-8,42
frame=6,7,85,222,18,22,17,43
frame=7,0,94,105,14,31,17,59
frame=7,1,286,137,13,28,21,63
frame=7,2,291,196,7,23,14,67
frame=7,3,482,299,8,11,5,70
frame=7,4,109,105,14,31,-5,70
frame=7,5,0,37,13,34,-10,66
frame=7,6,152,0,9,35,-7,61
frame=7,7,162,0,13,35,6,59

[swing3]
frames=8
duration=600ms
type=play_once
hit=150ms
frame=0,0,35,313,30,11,23,35
frame=0,1,66,313,32,11,38,41
frame=0,2,318,245,22,18,32,54
frame=0,3,341,245,14,18,16,62
frame=0,4,427,283,22,13,-3,59
frame=0,5,48,325,34,9,-6,50
frame=0,6,46,265,22,17,-12,45
frame=0,7,356,245,14,18,-4,38
frame=1,0,300,265,29,16,19,34
frame=1,1,283,335,32,6,35,34
frame=1,2,194,283,20,14,33,47
frame=1,3,69,265,11,17,17,56
frame=1,4,335,313,19,10,-2,55
frame=1,5,99,313,34,11,-3,49
frame=1,6,286,222,24,20,-11,45
frame=1,7,208,222,11,21,-8,38
frame=2,0,29,245,30,19,56,60
frame=2,1,181,196,13,24,27,76
frame=2,2,311,222,18,20,-4,78
frame=2,3,215,283,33,14,-22,63
frame=2,4,83,325,30,9,-28,45
frame=2,5,249,283,13,14,-16,34
frame=2,6,450,283,22,13,20,31
frame=2,7,114,325,33,9,53,38
frame=3,0,60,245,28,19,55,60
frame=3,1,195,196,11,24,24,76
frame=3,2,330,222,20,20,-6,75
frame=3,3,198,299,32,12,-25,60
frame=3,4,134,313,28,11,-29,43
frame=3,5,263,283,11,14,-15,31
frame=3,6,231,299,24,12,24,29
frame=3,7,148,325,32,9,55,38
frame=4,0,60,245,28,19,55,60
frame=4,1,195,196,11,24,24,76
frame=4,2,330,222,20,20,-6,75
frame=4,3,198,299,32,12,-25,60
frame=4,4,134,313,28,11,-29,43
frame=4,5,263,283,11,14,-15,31
frame=4,6,231,299,24,12,24,29
frame=4,7,148,325,32,9,55,38
frame=5,0,37,168,26,27,51,63
frame=5,1,450,105,14,30,29,79
frame=5,2,104,222,13,22,-2,82
frame=5,3,63,196,29,25,-18,71
frame=5,4,434,265,27,15,-26,52
frame=5,5,181,325,14,9,-17,36
frame=5,6,196,325,18,9,13,32
frame=5,7,81,265,28,17,45,44
frame=6,0,238,72,9,32,26,62
frame=6,1,362,37,9,33,24,72
frame=6,2,181,137,6,29,9,78
frame=6,3,248,72,7,32,-9,77
frame=6,4,193,105,9,31,-19,69
frame=6,5,203,105,9,31,-17,60
frame=6,6,188,137,9,29,-4,53
frame=6,7,213,105,9,31,14,55
frame=7,0,94,105,14,31,17,59
frame=7,1,286,137,13,28,21,63
frame=7,2,291,196,7,23,14,67
frame=7,3,482,299,8,11,5,70
frame=7,4,109,105,14,31,-5,70
frame=7,5,0,37,13,34,-10,66
frame=7,6,152,0,9,35,-7,61
frame=7,7,162,0,13,35,6,59

[hit]
frames=2
duration=300ms
type=play_once
frame=0,0,465,105,15,30,17,59
frame=0,1,64,168,14,27,21,63
frame=0,2,382,196,7,23,14,67
frame=0,3,163,313,8,11,6,70
frame=0,4,481,105,15,30,-4,70
frame=0,5,57,37,14,34,-9,67
frame=0,6,238,0,9,35,-7,62
frame=0,7,72,37,14,34,6,59
frame=1,0,497,105,15,30,17,59
frame=1,1,79,168,14,27,21,63
frame=1,2,382,196,7,23,14,67
frame=1,3,163,313,8,11,6,70
frame=1,4,0,137,15,30,-4,70
frame=1,5,57,37,14,34,-9,67
frame=1,6,248,0,9,35,-7,62
frame=1,7,87,37,14,34,6,59

[block]
frames=2
duration=300ms
type=play_once
frame=0,0,256,72,10,32,12,58
frame=0,1,198,137,11,29,18,61
frame=0,2,110,265,5,17,12,66
frame=0,3,172,313,7,11,6,69
frame=0,4,267,72,10,32,-4,69
frame=0,5,372,37,11,33,-9,65
frame=0,6,102,37,9,34,-7,61
frame=0,7,112,37,11,34,3,58
frame=1,0,256,299,35,12,17,53
frame=1,1,215,325,27,9,21,54
frame=1,2,473,283,9,13,14,59
frame=1,3,355,313,26,10,19,62
frame=1,4,292,299,35,12,16,64
frame=1,5,118,222,27,22,4,67
frame=1,6,377,168,9,26,-7,65
frame=1,7,390,196,26,23,5,60

[cast]
frames=6
duration=600ms
type=play_once
hit=300ms
frame=0,0,275,283,35,14,18,46
frame=0,1,207,196,25,24,20,53
frame=0,2,94,168,10,27,13,58
frame=0,3,116,265,19,17,19,54
frame=0,4,180,313,35,11,15,54
frame=0,5,243,325,25,9,3,51
frame=0,6,483,283,10,13,-5,49
frame=0,7,269,325,28,9,7,44
frame=1,0,311,283,34,14,17,44
frame=1,1,233,196,26,24,19,50
frame=1,2,105,168,9,27,12,55
frame=1,3,462,265,15,15,18,48
frame=1,4,0,299,34,13,15,52
frame=1,5,475,325,26,8,5,48
frame=1,6,35,299,9,13,-5,47
frame=1,7,382,313,26,10,6,42
frame=2,0,45,299,35,13,18,43
frame=2,1,146,222,27,22,20,49
frame=2,2,115,168,9,27,12,55
frame=2,3,220,222,21,21,18,54
frame=2,4,328,299,35,12,15,51
frame=2,5,298,325,27,9,5,48
frame=2,6,346,283,9,14,-5,47
frame=2,7,216,313,27,11,7,42
frame=3,0,125,168,27,27,15,68
frame=3,1,89,245,26,19,27,68
frame=3,2,81,299,14,13,25,72
frame=3,3,364,299,16,12,18,78
frame=3,4,116,245,27,19,10,83
frame=3,5,372,137,26,28,-3,84
frame=3,6,124,37,14,34,-13,80
frame=3,7,384,37,16,33,-4,73
frame=4,0,93,196,29,25,13,67
frame=4,1,330,265,28,16,26,65
frame=4,2,409,313,15,10,26,68
frame=4,3,326,325,18,9,22,75
frame=4,4,136,265,29,17,14,82
frame=4,5,387,168,28,26,0,84
frame=4,6,401,37,15,33,-13,81
frame=4,7,417,37,18,33,-6,74
frame=5,0,94,105,14,31,17,59
frame=5,1,286,137,13,28,21,63
frame=5,2,291,196,7,23,14,67
frame=5,3,482,299,8,11,5,70
frame=5,4,109,105,14,31,-5,70
frame=5,5,0,37,13,34,-10,66
frame=5,6,152,0,9,35,-7,61
frame=5,7,162,0,13,35,6,59

[shoot]
frames=7
duration=700ms
type=play_once
hit=300ms
frame=0,0,278,72,8,32,12,42
frame=0,1,287,72,5,32,24,48
frame=0,2,293,72,8,32,26,58
frame=0,3,302,72,9,32,14,65
frame=0,4,312,72,7,32,-7,65
frame=0,5,320,72,5,32,-21,59
frame=0,6,326,72,8,32,-20,49
frame=0,7,335,72,9,32,-7,42
frame=1,0,436,37,9,33,7,43
frame=1,1,345,72,8,32,23,47
frame=1,2,223,105,7,31,27,56
frame=1,3,231,105,9,31,17,64
frame=1,4,242,222,9,21,0,66
frame=1,5,354,72,8,32,-17,61
frame=1,6,446,37,8,33,-21,53
frame=1,7,455,37,9,33,-10,45
frame=2,0,436,37,9,33,7,43
frame=2,1,345,72,8,32,23,47
frame=2,2,223,105,7,31,27,56
frame=2,3,231,105,9,31,17,64
frame=2,4,252,222,9,21,0,66
frame=2,5,354,72,8,32,-17,61
frame=2,6,446,37,8,33,-21,53
frame=2,7,455,37,9,33,-10,45
frame=3,0,139,37,15,34,12,49
frame=3,1,210,137,17,29,29,52
frame=3,2,416,168,14,26,30,60
frame=3,3,151,335,9,7,17,67
frame=3,4,153,168,15,27,1,70
frame=3,5,241,105,17,31,-14,66
frame=3,6,155,37,14,34,-18,58
frame=3,7,258,0,9,35,-10,51
frame=4,0,170,37,13,34,11,47
frame=4,1,259,105,14,31,27,51
frame=4,2,399,137,12,28,29,59
frame=4,3,169,168,9,27,17,66
frame=4,4,412,137,13,28,0,68
frame=4,5,274,105,14,31,-15,64
frame=4,6,184,37,12,34,-19,56
frame=4,7,268,0,9,35,-10,49
frame=5,0,345,325,33,9,17,40
frame=5,1,144,245,33,19,26,47
frame=5,2,179,168,18,27,21,56
frame=5,3,431,168,12,26,15,59
frame=5,4,178,245,33,19,14,58
frame=5,5,161,335,22,7,-6,50
frame=5,6,244,313,15,11,-8,46
frame=5,7,260,313,17,11,0,42
frame=6,0,94,105,14,31,17,59
frame=6,1,286,137,13,28,21,63
frame=6,2,291,196,7,23,14,67
frame=6,3,482,299,8,11,5,70
frame=6,4,109,105,14,31,-5,70
frame=6,5,0,37,13,34,-10,66
frame=6,6,278,0,9,35,-7,61
frame=6,7,162,0,13,35,6,59

[die]
frames=6
duration=900ms
type=play_once
frame=0,0,363,72,8,32,13,56
frame=0,1,465,37,7,33,17,62
frame=0,2,473,37,5,33,12,67
frame=0,3,425,313,6,10,2,69
frame=0,4,372,72,8,32,-7,67
frame=0,5,289,105,8,31,-11,61
frame=0,6,298,105,9,31,-7,56
frame=0,7,381,72,8,32,2,54
frame=1,0,198,168,13,27,5,57
frame=1,1,123,196,8,25,10,57
frame=1,2,212,245,12,19,16,61
frame=1,3,381,299,9,12,15,67
frame=1,4,197,37,13,34,6,71
frame=1,5,288,0,7,35,-4,70
frame=1,6,211,37,14,34,-4,66
frame=1,7,16,137,17,30,0,60
frame=2,0,478,265,26,15,-9,49
frame=2,1,432,313,12,10,-2,40
frame=2,2,445,313,19,10,20,42
frame=2,3,371,245,30,18,37,52
frame=2,4,426,137,26,28,33,66
frame=2,5,479,37,12,33,12,75
frame=2,6,308,105,20,31,-2,73
frame=2,7,260,196,30,24,-9,63
frame=3,0,359,265,29,16,-32,36
frame=3,1,262,222,11,21,-19,24
frame=3,2,166,265,25,17,23,19
frame=3,3,184,335,35,7,57,25
frame=3,4,0,283,29,15,59,47
frame=3,5,274,222,11,21,28,64
frame=3,6,402,245,25,18,0,65
frame=3,7,0,335,35,8,-24,49
frame=4,0,329,105,19,31,-52,15
frame=4,1,390,72,13,32,-29,-4
frame=4,2,444,168,28,26,26,-12
frame=4,3,192,265,30,17,66,-3
frame=4,4,379,325,19,9,69,17
frame=4,5,220,335,13,7,40,35
frame=4,6,356,283,28,14,0,43
frame=4,7,417,196,30,23,-38,34
frame=5,0,349,105,19,31,-52,15
frame=5,1,492,37,13,33,-29,-4
frame=5,2,473,168,28,26,26,-12
frame=5,3,223,265,30,17,66,-3
frame=5,4,36,335,19,8,69,16
frame=5,5,234,335,13,7,40,35
frame=5,6,96,299,28,13,0,42
frame=5,7,448,196,30,23,-38,34
