image=custom_gear_mace.png

[stance]
frames=4
duration=800ms
type=back_forth
frame=0,0,339,62,14,26,17,55
frame=0,1,248,90,12,24,20,60
frame=0,2,81,162,9,16,14,65
frame=0,3,496,195,9,9,5,67
frame=0,4,409,32,14,27,-5,66
frame=0,5,100,0,12,30,-10,62
frame=0,6,0,0,9,31,-7,57
frame=0,7,389,0,12,29,5,54
frame=1,0,424,32,14,27,17,55
frame=1,1,417,62,12,25,20,60
frame=1,2,91,162,9,16,14,65
frame=1,3,0,208,9,9,5,67
frame=1,4,439,32,14,27,-5,66
frame=1,5,402,0,12,29,-10,61
frame=1,6,10,0,9,31,-7,56
frame=1,7,415,0,12,29,5,53
frame=2,0,454,32,15,27,17,56
frame=2,1,261,90,13,24,20,60
frame=2,2,101,162,9,16,14,65
frame=2,3,139,195,9,10,6,68
frame=2,4,470,32,15,27,-4,67
frame=2,5,428,0,13,29,-9,62
frame=2,6,113,0,9,30,-7,57
frame=2,7,123,0,13,30,5,55
frame=3,0,354,62,14,26,17,55
frame=3,1,275,90,12,24,20,60
frame=3,2,111,162,9,16,14,65
frame=3,3,10,208,9,9,5,67
frame=3,4,486,32,14,27,-5,66
frame=3,5,137,0,12,30,-10,62
frame=3,6,20,0,9,31,-7,57
frame=3,7,442,0,12,29,5,54

[run]
frames=8
duration=640ms
type=looped
frame=0,0,430,62,19,25,16,56
frame=0,1,281,116,16,21,20,59
frame=0,2,121,162,9,16,14,63
frame=0,3,135,140,14,19,9,67
frame=0,4,450,62,19,25,1,67
frame=0,5,150,0,16,30,-6,65
frame=0,6,30,0,9,31,-7,60
frame=0,7,455,0,15,29,4,57
frame=1,0,422,90,23,23,18,57
frame=1,1,131,162,19,16,21,58
frame=1,2,151,180,9,13,14,62
frame=1,3,383,140,19,17,11,66
frame=1,4,446,90,23,23,3,68
frame=1,5,167,32,19,28,-4,66
frame=1,6,167,0,9,30,-7,62
frame=1,7,187,32,19,28,6,58
frame=2,0,298,116,25,21,18,56
frame=2,1,320,162,20,15,21,57
frame=2,2,20,195,9,11,14,61
frame=2,3,341,162,20,15,12,65
frame=2,4,324,116,25,21,5,67
frame=2,5,207,32,20,28,-3,66
frame=2,6,177,0,9,30,-7,62
frame=2,7,0,62,20,27,6,58
frame=3,0,470,90,23,23,18,57
frame=3,1,151,162,19,16,21,58
frame=3,2,161,180,9,13,14,62
frame=3,3,403,140,19,17,11,66
frame=3,4,0,116,23,23,3,68
frame=3,5,228,32,19,28,-4,66
frame=3,6,187,0,9,30,-7,62
frame=3,7,248,32,19,28,6,58
frame=4,0,470,62,19,25,16,56
frame=4,1,350,116,16,21,20,59
frame=4,2,171,162,9,16,14,63
frame=4,3,150,140,14,19,9,67
frame=4,4,490,62,19,25,1,67
frame=4,5,197,0,16,30,-6,65
frame=4,6,40,0,9,31,-7,60
frame=4,7,471,0,15,29,4,57
frame=5,0,21,62,14,27,14,55
frame=5,1,288,90,12,24,18,58
frame=5,2,181,162,9,16,14,63
frame=5,3,149,195,10,10,8,66
frame=5,4,36,62,14,27,-2,66
frame=5,5,487,0,12,29,-8,62
frame=5,6,50,0,9,31,-7,58
frame=5,7,214,0,13,30,3,55
frame=6,0,51,62,12,27,12,53
frame=6,1,369,62,11,26,17,57
frame=6,2,191,162,9,16,14,62
frame=6,3,20,208,9,9,7,65
frame=6,4,64,62,12,27,-2,64
frame=6,5,500,0,11,29,-8,60
frame=6,6,228,0,9,30,-7,56
frame=6,7,0,32,11,29,2,53
frame=7,0,77,62,14,27,14,55
frame=7,1,301,90,12,24,18,58
frame=7,2,201,162,9,16,14,63
frame=7,3,160,195,10,10,8,66
frame=7,4,92,62,14,27,-2,66
frame=7,5,12,32,12,29,-8,62
frame=7,6,60,0,9,31,-7,58
frame=7,7,238,0,13,30,3,55

[swing]
frames=6
duration=600ms
type=play_once
frame=0,0,107,62,14,27,16,57
frame=0,1,314,90,12,24,19,61
frame=0,2,165,140,9,19,14,66
frame=0,3,95,116,12,22,6,69
frame=0,4,122,62,14,27,-4,68
frame=0,5,252,0,12,30,-9,64
frame=0,6,70,0,9,31,-7,59
frame=0,7,25,32,12,29,4,56
frame=1,0,171,180,29,13,21,61
frame=1,1,30,208,19,9,20,62
frame=1,2,50,208,12,9,15,66
frame=1,3,171,195,26,10,13,70
frame=1,4,185,140,29,18,6,73
frame=1,5,0,90,19,25,-3,72
frame=1,6,381,62,12,26,-5,68
frame=1,7,108,116,26,22,11,64
frame=2,0,63,208,30,9,18,59
frame=2,1,362,162,16,15,16,65
frame=2,2,211,162,14,16,17,70
frame=2,3,198,195,28,10,18,70
frame=2,4,201,180,30,13,10,73
frame=2,5,81,140,17,20,-2,74
frame=2,6,367,116,14,21,-5,70
frame=2,7,379,162,28,15,8,64
frame=3,0,268,32,12,28,16,57
frame=3,1,394,62,11,26,21,62
frame=3,2,382,116,9,21,16,67
frame=3,3,232,180,10,13,6,70
frame=3,4,137,62,12,27,-6,69
frame=3,5,38,32,11,29,-12,64
frame=3,6,265,0,9,30,-9,58
frame=3,7,50,32,11,29,3,55
frame=4,0,24,116,18,23,13,45
frame=4,1,281,32,18,28,21,51
frame=4,2,275,0,12,30,19,57
frame=4,3,288,0,11,30,10,61
frame=4,4,423,140,12,17,-3,61
frame=4,5,392,116,15,21,-8,55
frame=4,6,215,140,12,18,-9,48
frame=4,7,228,140,11,18,-1,44
frame=5,0,150,62,14,27,16,57
frame=5,1,327,90,12,24,19,61
frame=5,2,175,140,9,19,14,66
frame=5,3,135,116,12,22,6,69
frame=5,4,165,62,14,27,-4,68
frame=5,5,300,0,12,30,-9,64
frame=5,6,80,0,9,31,-7,59
frame=5,7,62,32,12,29,4,56

[hit]
frames=2
duration=300ms
type=play_once
frame=0,0,180,62,15,27,17,56
frame=0,1,340,90,13,24,20,60
frame=0,2,226,162,9,16,14,65
frame=0,3,94,208,9,9,6,68
frame=0,4,196,62,15,27,-4,67
frame=0,5,75,32,13,29,-9,62
frame=0,6,313,0,9,30,-7,57
frame=0,7,323,0,13,30,5,55
frame=1,0,212,62,15,27,17,56
frame=1,1,354,90,13,24,20,60
frame=1,2,236,162,9,16,14,65
frame=1,3,104,208,9,9,6,68
frame=1,4,228,62,15,27,-4,67
frame=1,5,89,32,13,29,-9,62
frame=1,6,337,0,9,30,-7,57
frame=1,7,347,0,13,30,5,55

[block]
frames=2
duration=300ms
type=play_once
frame=0,0,244,62,11,27,12,54
frame=0,1,406,62,10,26,17,58
frame=0,2,487,162,9,14,14,63
frame=0,3,114,208,10,9,7,66
frame=0,4,300,32,11,28,-3,65
frame=0,5,103,32,10,29,-9,61
frame=0,6,114,32,9,29,-7,56
frame=0,7,124,32,11,29,2,54
frame=1,0,460,180,30,12,17,54
frame=1,1,227,195,23,10,20,54
frame=1,2,243,180,9,13,14,59
frame=1,3,251,195,24,10,17,61
frame=1,4,253,180,30,13,11,65
frame=1,5,408,116,23,21,1,66
frame=1,6,368,90,9,24,-7,63
frame=1,7,99,140,24,20,5,58

[cast]
frames=4
duration=600ms
type=play_once
frame=0,0,240,140,28,18,24,56
frame=0,1,30,195,22,11,25,58
frame=0,2,342,208,9,8,14,61
frame=0,3,276,195,22,10,10,65
frame=0,4,436,140,28,17,2,66
frame=0,5,20,90,22,25,-5,64
frame=0,6,312,32,9,28,-7,60
frame=0,7,43,90,22,25,10,57
frame=1,0,0,180,30,14,17,59
frame=1,1,148,116,23,22,20,66
frame=1,2,378,90,9,24,14,71
frame=1,3,432,116,24,21,17,73
frame=1,4,284,180,30,13,11,69
frame=1,5,125,208,23,9,1,66
frame=1,6,491,180,9,12,-7,63
frame=1,7,299,195,24,10,5,59
frame=2,0,31,180,30,14,17,59
frame=2,1,172,116,23,22,20,66
frame=2,2,66,90,9,25,14,72
frame=2,3,457,116,24,21,17,73
frame=2,4,315,180,30,13,11,69
frame=2,5,149,208,23,9,1,66
frame=2,6,501,180,9,12,-7,63
frame=2,7,324,195,24,10,5,59
frame=3,0,269,140,28,18,24,56
frame=3,1,53,195,22,11,25,58
frame=3,2,352,208,9,8,14,61
frame=3,3,173,208,22,9,10,65
frame=3,4,465,140,28,17,2,66
frame=3,5,76,90,22,25,-5,64
frame=3,6,322,32,9,28,-7,60
frame=3,7,99,90,22,25,10,57

[shoot]
frames=4
duration=600ms
type=play_once
frame=0,0,298,140,28,18,24,56
frame=0,1,76,195,22,11,25,58
frame=0,2,362,208,9,8,14,61
frame=0,3,349,195,22,10,10,65
frame=0,4,0,162,28,17,2,66
frame=0,5,122,90,22,25,-5,64
frame=0,6,332,32,9,28,-7,60
frame=0,7,145,90,22,25,10,57
frame=1,0,62,180,30,14,17,59
frame=1,1,196,116,23,22,20,66
frame=1,2,388,90,9,24,14,71
frame=1,3,482,116,24,21,17,73
frame=1,4,346,180,30,13,11,69
frame=1,5,196,208,23,9,1,66
frame=1,6,0,195,9,12,-7,63
frame=1,7,372,195,24,10,5,59
frame=2,0,93,180,30,14,17,59
frame=2,1,220,116,23,22,20,66
frame=2,2,168,90,9,25,14,72
frame=2,3,0,140,24,21,17,73
frame=2,4,377,180,30,13,11,69
frame=2,5,220,208,23,9,1,66
frame=2,6,10,195,9,12,-7,63
frame=2,7,397,195,24,10,5,59
frame=3,0,327,140,28,18,24,56
frame=3,1,99,195,22,11,25,58
frame=3,2,372,208,9,8,14,61
frame=3,3,244,208,22,9,10,65
frame=3,4,29,162,28,17,2,66
frame=3,5,178,90,22,25,-5,64
frame=3,6,342,32,9,28,-7,60
frame=3,7,201,90,22,25,10,57

[die]
frames=6
duration=900ms
type=play_once
frame=0,0,256,62,9,27,14,52
frame=0,1,136,32,9,29,19,58
frame=0,2,146,32,9,29,14,63
frame=0,3,382,208,9,8,3,66
frame=0,4,352,32,9,28,-7,63
frame=0,5,266,62,9,27,-12,58
frame=0,6,398,90,9,24,-7,52
frame=0,7,276,62,9,27,4,50
frame=1,0,408,90,13,24,5,54
frame=1,1,244,116,9,22,10,55
frame=1,2,58,162,11,17,16,59
frame=1,3,422,195,9,10,14,64
frame=1,4,361,0,13,30,6,67
frame=1,5,90,0,9,31,-3,66
frame=1,6,375,0,13,30,-5,62
frame=1,7,286,62,16,27,0,57
frame=2,0,408,162,23,15,-10,49
frame=2,1,267,208,10,9,-4,41
frame=2,2,122,195,16,11,18,43
frame=2,3,356,140,26,18,33,52
frame=2,4,224,90,23,25,31,64
frame=2,5,156,32,10,29,12,71
frame=2,6,362,32,18,28,-2,70
frame=2,7,254,116,26,22,-9,61
frame=3,0,124,180,26,14,-32,35
frame=3,1,70,162,10,17,-21,22
frame=3,2,246,162,22,16,21,19
frame=3,3,432,195,31,10,53,26
frame=3,4,432,162,26,15,56,47
frame=3,5,124,140,10,20,29,63
frame=3,6,269,162,22,16,-1,64
frame=3,7,464,195,31,10,-24,51
frame=4,0,303,62,17,27,-53,14
frame=4,1,381,32,13,28,-28,-5
frame=4,2,43,116,25,23,23,-12
frame=4,3,292,162,27,16,63,-3
frame=4,4,278,208,17,9,68,16
frame=4,5,296,208,13,9,39,36
frame=4,6,408,180,25,13,0,42
frame=4,7,25,140,27,21,-38,34
frame=5,0,321,62,17,27,-53,14
frame=5,1,395,32,13,28,-28,-5
frame=5,2,69,116,25,23,23,-12
frame=5,3,459,162,27,15,63,-4
frame=5,4,310,208,17,9,68,16
frame=5,5,328,208,13,9,39,35
frame=5,6,434,180,25,13,0,42
frame=5,7,53,140,27,21,-38,34
