image=custom_gear_mace_smear.png

[stance]
frames=1
duration=100ms
type=play_once
frame=0,0,476,176,1,1,80,112
frame=0,1,476,176,1,1,80,112
frame=0,2,476,176,1,1,80,112
frame=0,3,476,176,1,1,80,112
frame=0,4,476,176,1,1,80,112
frame=0,5,476,176,1,1,80,112
frame=0,6,476,176,1,1,80,112
frame=0,7,476,176,1,1,80,112

[swing]
frames=8
duration=640ms
type=play_once
frame=0,0,476,176,1,1,80,112
frame=0,1,476,176,1,1,80,112
frame=0,2,476,176,1,1,80,112
frame=0,3,476,176,1,1,80,112
frame=0,4,476,176,1,1,80,112
frame=0,5,476,176,1,1,80,112
frame=0,6,476,176,1,1,80,112
frame=0,7,476,176,1,1,80,112
frame=1,0,476,176,1,1,80,112
frame=1,1,476,176,1,1,80,112
frame=1,2,476,176,1,1,80,112
frame=1,3,476,176,1,1,80,112
frame=1,4,476,176,1,1,80,112
frame=1,5,476,176,1,1,80,112
frame=1,6,476,176,1,1,80,112
frame=1,7,476,176,1,1,80,112
frame=2,0,415,142,97,19,49,37
frame=2,1,0,142,74,33,51,52
frame=2,2,150,86,45,42,50,62
frame=2,3,297,86,81,35,49,67
frame=2,4,117,142,97,31,46,70
frame=2,5,76,86,73,50,20,70
frame=2,6,404,0,45,56,-7,67
frame=2,7,196,86,80,42,29,55
frame=3,0,0,176,59,19,48,55
frame=3,1,238,176,64,14,34,58
frame=3,2,260,142,36,30,0,61
frame=3,3,297,142,34,29,-11,53
frame=3,4,60,176,62,19,11,37
frame=3,5,332,142,63,21,28,34
frame=3,6,379,86,37,35,34,47
frame=3,7,417,86,31,35,43,53
frame=4,0,476,176,1,1,80,112
frame=4,1,476,176,1,1,80,112
frame=4,2,476,176,1,1,80,112
frame=4,3,476,176,1,1,80,112
frame=4,4,476,176,1,1,80,112
frame=4,5,476,176,1,1,80,112
frame=4,6,476,176,1,1,80,112
frame=4,7,476,176,1,1,80,112
frame=5,0,476,176,1,1,80,112
frame=5,1,476,176,1,1,80,112
frame=5,2,476,176,1,1,80,112
frame=5,3,476,176,1,1,80,112
frame=5,4,476,176,1,1,80,112
frame=5,5,476,176,1,1,80,112
frame=5,6,476,176,1,1,80,112
frame=5,7,476,176,1,1,80,112
frame=6,0,476,176,1,1,80,112
frame=6,1,476,176,1,1,80,112
frame=6,2,476,176,1,1,80,112
frame=6,3,476,176,1,1,80,112
frame=6,4,476,176,1,1,80,112
frame=6,5,476,176,1,1,80,112
frame=6,6,476,176,1,1,80,112
frame=6,7,476,176,1,1,80,112
frame=7,0,476,176,1,1,80,112
frame=7,1,476,176,1,1,80,112
frame=7,2,476,176,1,1,80,112
frame=7,3,476,176,1,1,80,112
frame=7,4,476,176,1,1,80,112
frame=7,5,476,176,1,1,80,112
frame=7,6,476,176,1,1,80,112
frame=7,7,476,176,1,1,80,112

[swing2]
frames=8
duration=680ms
type=play_once
frame=0,0,476,176,1,1,80,112
frame=0,1,476,176,1,1,80,112
frame=0,2,476,176,1,1,80,112
frame=0,3,476,176,1,1,80,112
frame=0,4,476,176,1,1,80,112
frame=0,5,476,176,1,1,80,112
frame=0,6,476,176,1,1,80,112
frame=0,7,476,176,1,1,80,112
frame=1,0,476,176,1,1,80,112
frame=1,1,476,176,1,1,80,112
frame=1,2,476,176,1,1,80,112
frame=1,3,476,176,1,1,80,112
frame=1,4,476,176,1,1,80,112
frame=1,5,476,176,1,1,80,112
frame=1,6,476,176,1,1,80,112
frame=1,7,476,176,1,1,80,112
frame=2,0,224,0,89,64,51,73
frame=2,1,0,86,75,55,51,79
frame=2,2,150,0,19,68,21,89
frame=2,3,170,0,53,65,29,92
frame=2,4,314,0,89,57,36,89
frame=2,5,74,0,75,74,22,87
frame=2,6,0,0,19,85,-4,85
frame=2,7,20,0,53,79,22,78
frame=3,0,307,176,23,13,40,8
frame=3,1,123,176,13,17,40,23
frame=3,2,303,176,3,14,19,35
frame=3,3,474,176,1,2,-6,23
frame=3,4,422,176,17,11,-24,25
frame=3,5,459,176,14,9,-29,12
frame=3,6,440,176,2,11,-19,3
frame=3,7,443,176,15,11,14,1
frame=4,0,476,176,1,1,80,112
frame=4,1,476,176,1,1,80,112
frame=4,2,476,176,1,1,80,112
frame=4,3,476,176,1,1,80,112
frame=4,4,476,176,1,1,80,112
frame=4,5,476,176,1,1,80,112
frame=4,6,476,176,1,1,80,112
frame=4,7,476,176,1,1,80,112
frame=5,0,476,176,1,1,80,112
frame=5,1,476,176,1,1,80,112
frame=5,2,476,176,1,1,80,112
frame=5,3,476,176,1,1,80,112
frame=5,4,476,176,1,1,80,112
frame=5,5,476,176,1,1,80,112
frame=5,6,476,176,1,1,80,112
frame=5,7,476,176,1,1,80,112
frame=6,0,476,176,1,1,80,112
frame=6,1,476,176,1,1,80,112
frame=6,2,476,176,1,1,80,112
frame=6,3,476,176,1,1,80,112
frame=6,4,476,176,1,1,80,112
frame=6,5,476,176,1,1,80,112
frame=6,6,476,176,1,1,80,112
frame=6,7,476,176,1,1,80,112
frame=7,0,476,176,1,1,80,112
frame=7,1,476,176,1,1,80,112
frame=7,2,476,176,1,1,80,112
frame=7,3,476,176,1,1,80,112
frame=7,4,476,176,1,1,80,112
frame=7,5,476,176,1,1,80,112
frame=7,6,476,176,1,1,80,112
frame=7,7,476,176,1,1,80,112

[swing3]
frames=8
duration=600ms
type=play_once
frame=0,0,476,176,1,1,80,112
frame=0,1,476,176,1,1,80,112
frame=0,2,476,176,1,1,80,112
frame=0,3,476,176,1,1,80,112
frame=0,4,476,176,1,1,80,112
frame=0,5,476,176,1,1,80,112
frame=0,6,476,176,1,1,80,112
frame=0,7,476,176,1,1,80,112
frame=1,0,476,176,1,1,80,112
frame=1,1,476,176,1,1,80,112
frame=1,2,476,176,1,1,80,112
frame=1,3,476,176,1,1,80,112
frame=1,4,476,176,1,1,80,112
frame=1,5,476,176,1,1,80,112
frame=1,6,476,176,1,1,80,112
frame=1,7,476,176,1,1,80,112
frame=2,0,215,142,44,31,52,51
frame=2,1,277,86,19,39,42,68
frame=2,2,75,142,41,32,29,72
frame=2,3,331,176,54,13,12,61
frame=2,4,386,176,35,13,-19,52
frame=2,5,396,142,18,21,-26,43
frame=2,6,196,176,41,16,10,32
frame=2,7,137,176,58,17,44,33
frame=3,0,476,176,1,1,80,112
frame=3,1,476,176,1,1,80,112
frame=3,2,476,176,1,1,80,112
frame=3,3,476,176,1,1,80,112
frame=3,4,476,176,1,1,80,112
frame=3,5,476,176,1,1,80,112
frame=3,6,476,176,1,1,80,112
frame=3,7,476,176,1,1,80,112
frame=4,0,476,176,1,1,80,112
frame=4,1,476,176,1,1,80,112
frame=4,2,476,176,1,1,80,112
frame=4,3,476,176,1,1,80,112
frame=4,4,476,176,1,1,80,112
frame=4,5,476,176,1,1,80,112
frame=4,6,476,176,1,1,80,112
frame=4,7,476,176,1,1,80,112
frame=5,0,476,176,1,1,80,112
frame=5,1,476,176,1,1,80,112
frame=5,2,476,176,1,1,80,112
frame=5,3,476,176,1,1,80,112
frame=5,4,476,176,1,1,80,112
frame=5,5,476,176,1,1,80,112
frame=5,6,476,176,1,1,80,112
frame=5,7,476,176,1,1,80,112
frame=6,0,476,176,1,1,80,112
frame=6,1,476,176,1,1,80,112
frame=6,2,476,176,1,1,80,112
frame=6,3,476,176,1,1,80,112
frame=6,4,476,176,1,1,80,112
frame=6,5,476,176,1,1,80,112
frame=6,6,476,176,1,1,80,112
frame=6,7,476,176,1,1,80,112
frame=7,0,476,176,1,1,80,112
frame=7,1,476,176,1,1,80,112
frame=7,2,476,176,1,1,80,112
frame=7,3,476,176,1,1,80,112
frame=7,4,476,176,1,1,80,112
frame=7,5,476,176,1,1,80,112
frame=7,6,476,176,1,1,80,112
frame=7,7,476,176,1,1,80,112
