image=custom_gear_mage_sleeves.png

[stance]
frames=4
duration=800ms
type=back_forth
frame=0,0,203,178,15,16,18,45
frame=0,1,279,244,10,10,21,44
frame=0,2,464,213,27,14,14,48
frame=0,3,90,256,10,9,-8,39
frame=0,4,177,44,18,24,-2,49
frame=0,5,448,44,29,23,6,45
frame=0,6,219,178,28,16,12,40
frame=0,7,410,139,23,18,16,43
frame=1,0,299,196,15,15,18,44
frame=1,1,290,244,10,10,21,43
frame=1,2,0,229,28,14,14,47
frame=1,3,301,244,10,10,-8,39
frame=1,4,478,44,18,23,-2,48
frame=1,5,329,71,29,22,6,44
frame=1,6,248,178,28,16,12,39
frame=1,7,434,139,23,18,16,43
frame=2,0,315,196,15,15,18,45
frame=2,1,312,244,11,10,21,44
frame=2,2,29,229,27,14,14,48
frame=2,3,266,95,13,21,-5,51
frame=2,4,196,44,19,24,-1,49
frame=2,5,359,71,30,22,7,45
frame=2,6,277,178,28,16,12,40
frame=2,7,448,159,24,17,16,43
frame=3,0,306,178,15,16,18,45
frame=3,1,324,244,10,10,21,44
frame=3,2,57,229,27,14,14,48
frame=3,3,101,256,10,9,-8,39
frame=3,4,216,44,18,24,-2,49
frame=3,5,0,71,29,23,6,45
frame=3,6,322,178,28,16,12,40
frame=3,7,458,139,23,18,16,43

[run]
frames=8
duration=640ms
type=looped
frame=0,0,331,196,15,15,16,46
frame=0,1,423,229,11,11,20,46
frame=0,2,125,118,30,19,14,52
frame=0,3,63,44,16,25,-2,53
frame=0,4,440,0,20,26,2,50
frame=0,5,30,71,32,23,10,46
frame=0,6,473,159,30,17,14,42
frame=0,7,351,178,24,16,16,45
frame=1,0,335,244,15,10,18,42
frame=1,1,0,159,36,18,21,49
frame=1,2,378,0,30,28,14,55
frame=1,3,153,0,11,34,-2,57
frame=1,4,233,0,26,32,6,53
frame=1,5,235,44,36,24,13,47
frame=1,6,376,178,30,16,14,42
frame=1,7,347,196,18,15,11,45
frame=2,0,435,229,15,11,18,43
frame=2,1,280,95,37,21,21,50
frame=2,2,260,0,30,32,14,56
frame=2,3,90,0,10,37,-1,58
frame=2,4,165,0,28,34,8,54
frame=2,5,80,44,37,25,14,47
frame=2,6,366,196,30,15,14,42
frame=2,7,170,229,16,13,9,44
frame=3,0,351,244,15,10,18,42
frame=3,1,37,159,36,18,21,49
frame=3,2,409,0,30,28,14,55
frame=3,3,194,0,11,34,-2,57
frame=3,4,291,0,26,32,6,53
frame=3,5,272,44,36,24,13,47
frame=3,6,407,178,30,16,14,42
frame=3,7,397,196,18,15,11,45
frame=4,0,416,196,14,15,16,46
frame=4,1,451,229,11,11,20,46
frame=4,2,156,118,30,19,14,52
frame=4,3,118,44,16,25,-2,53
frame=4,4,461,0,20,26,2,50
frame=4,5,63,71,32,23,10,46
frame=4,6,0,178,30,17,14,42
frame=4,7,438,178,24,16,16,45
frame=5,0,351,95,16,20,15,48
frame=5,1,367,244,11,10,19,42
frame=5,2,238,256,30,5,14,46
frame=5,3,181,256,10,8,-11,41
frame=5,4,368,95,14,20,-3,48
frame=5,5,383,95,28,20,7,45
frame=5,6,431,196,30,15,14,41
frame=5,7,187,118,29,19,19,45
frame=6,0,390,71,18,22,17,49
frame=6,1,318,95,18,21,18,51
frame=6,2,192,256,7,8,-9,49
frame=6,3,379,244,12,10,-11,43
frame=6,4,74,159,15,18,-4,47
frame=6,5,217,118,26,19,6,44
frame=6,6,187,229,30,13,14,40
frame=6,7,412,95,32,20,21,45
frame=7,0,445,95,16,20,15,48
frame=7,1,392,244,11,10,19,42
frame=7,2,269,256,30,5,14,46
frame=7,3,200,256,10,8,-11,41
frame=7,4,462,95,14,20,-3,48
frame=7,5,477,95,28,20,7,45
frame=7,6,462,196,30,15,14,41
frame=7,7,244,118,29,19,19,45

[swing]
frames=6
duration=600ms
type=play_once
frame=0,0,463,178,16,16,17,46
frame=0,1,463,229,11,11,20,45
frame=0,2,211,256,8,8,14,51
frame=0,3,409,71,15,22,-3,52
frame=0,4,96,71,18,23,-1,49
frame=0,5,425,71,29,22,7,46
frame=0,6,480,178,28,16,12,41
frame=0,7,0,213,24,15,16,43
frame=1,0,0,118,16,20,20,55
frame=1,1,25,213,11,15,20,63
frame=1,2,206,0,26,33,11,67
frame=1,3,41,0,18,39,0,68
frame=1,4,101,0,23,37,1,62
frame=1,5,318,0,31,32,9,55
frame=1,6,309,44,26,24,13,50
frame=1,7,274,118,18,19,16,50
frame=2,0,135,44,13,25,17,61
frame=2,1,37,213,10,15,18,66
frame=2,2,125,0,27,37,11,71
frame=2,3,0,0,19,43,1,72
frame=2,4,20,0,20,43,1,68
frame=2,5,60,0,29,39,9,62
frame=2,6,350,0,27,31,14,57
frame=2,7,482,0,19,26,16,57
frame=3,0,31,178,15,17,17,46
frame=3,1,404,244,12,10,22,44
frame=3,2,475,229,7,11,16,51
frame=3,3,293,118,15,19,-3,51
frame=3,4,115,71,15,23,-4,50
frame=3,5,455,71,29,22,5,46
frame=3,6,47,178,29,17,11,41
frame=3,7,48,213,25,15,16,42
frame=4,0,485,71,26,22,16,45
frame=4,1,17,118,12,20,10,44
frame=4,2,112,256,10,9,14,37
frame=4,3,123,256,30,9,13,41
frame=4,4,218,229,27,13,9,41
frame=4,5,77,178,14,17,2,41
frame=4,6,30,118,26,20,10,43
frame=4,7,92,178,30,17,15,41
frame=5,0,0,196,15,16,17,46
frame=5,1,483,229,11,11,20,45
frame=5,2,220,256,8,8,14,51
frame=5,3,0,95,15,22,-3,52
frame=5,4,131,71,18,23,-1,49
frame=5,5,16,95,29,22,7,46
frame=5,6,16,196,28,16,12,41
frame=5,7,74,213,24,15,16,43

[hit]
frames=2
duration=300ms
type=play_once
frame=0,0,246,229,16,13,18,43
frame=0,1,417,244,11,10,21,44
frame=0,2,45,196,30,16,14,48
frame=0,3,149,44,13,25,-4,52
frame=0,4,0,44,21,26,1,49
frame=0,5,150,71,32,23,9,45
frame=0,6,99,213,30,15,14,40
frame=0,7,90,159,23,18,15,44
frame=1,0,263,229,16,13,18,43
frame=1,1,429,244,11,10,21,44
frame=1,2,76,196,30,16,14,48
frame=1,3,163,44,13,25,-4,52
frame=1,4,22,44,21,26,1,49
frame=1,5,183,71,32,23,9,45
frame=1,6,130,213,30,15,14,40
frame=1,7,114,159,23,18,15,44

[block]
frames=2
duration=300ms
type=play_once
frame=0,0,154,256,15,9,13,37
frame=0,1,349,229,31,12,18,43
frame=0,2,280,229,8,13,-8,39
frame=0,3,289,229,8,13,-5,36
frame=0,4,44,44,18,26,3,47
frame=0,5,216,71,31,23,11,45
frame=0,6,107,196,30,16,14,41
frame=0,7,138,159,22,18,11,44
frame=1,0,248,71,13,23,16,59
frame=1,1,262,71,21,23,20,63
frame=1,2,161,213,26,15,14,62
frame=1,3,309,118,20,19,2,63
frame=1,4,337,95,13,21,-5,60
frame=1,5,138,196,24,16,2,53
frame=1,6,381,229,26,12,10,49
frame=1,7,330,118,23,19,16,53

[cast]
frames=4
duration=600ms
type=play_once
frame=0,0,354,118,15,19,23,56
frame=0,1,370,118,24,19,25,62
frame=0,2,441,244,30,10,14,61
frame=0,3,395,118,24,19,-3,62
frame=0,4,420,118,15,19,-10,56
frame=0,5,161,159,29,18,2,50
frame=0,6,0,244,30,11,14,44
frame=0,7,191,159,29,18,25,50
frame=1,0,336,44,13,24,16,70
frame=1,1,46,95,27,22,20,73
frame=1,2,188,213,30,15,14,71
frame=1,3,74,95,27,22,5,73
frame=1,4,350,44,13,24,-5,70
frame=1,5,436,118,27,19,5,64
frame=1,6,31,244,30,11,14,58
frame=1,7,464,118,27,19,20,64
frame=2,0,364,44,13,24,16,70
frame=2,1,102,95,26,22,19,73
frame=2,2,219,213,30,15,14,71
frame=2,3,129,95,26,22,5,73
frame=2,4,378,44,13,24,-5,70
frame=2,5,0,139,26,19,5,64
frame=2,6,62,244,30,11,14,58
frame=2,7,27,139,26,19,19,64
frame=3,0,54,139,15,19,23,56
frame=3,1,70,139,24,19,25,62
frame=3,2,472,244,30,10,14,61
frame=3,3,95,139,24,19,-3,62
frame=3,4,120,139,15,19,-10,56
frame=3,5,221,159,29,18,2,50
frame=3,6,93,244,30,11,14,44
frame=3,7,251,159,29,18,25,50

[shoot]
frames=4
duration=600ms
type=play_once
frame=0,0,136,139,15,19,23,56
frame=0,1,152,139,24,19,25,62
frame=0,2,0,256,30,10,14,61
frame=0,3,177,139,24,19,-3,62
frame=0,4,202,139,15,19,-10,56
frame=0,5,281,159,29,18,2,50
frame=0,6,124,244,30,11,14,44
frame=0,7,311,159,29,18,25,50
frame=1,0,392,44,13,24,16,70
frame=1,1,156,95,27,22,20,73
frame=1,2,250,213,30,15,14,71
frame=1,3,184,95,27,22,5,73
frame=1,4,406,44,13,24,-5,70
frame=1,5,218,139,27,19,5,64
frame=1,6,155,244,30,11,14,58
frame=1,7,246,139,27,19,20,64
frame=2,0,420,44,13,24,16,70
frame=2,1,212,95,26,22,19,73
frame=2,2,281,213,30,15,14,71
frame=2,3,239,95,26,22,5,73
frame=2,4,434,44,13,24,-5,70
frame=2,5,274,139,26,19,5,64
frame=2,6,186,244,30,11,14,58
frame=2,7,301,139,26,19,19,64
frame=3,0,328,139,15,19,23,56
frame=3,1,344,139,24,19,25,62
frame=3,2,31,256,30,10,14,61
frame=3,3,369,139,24,19,-3,62
frame=3,4,394,139,15,19,-10,56
frame=3,5,341,159,29,18,2,50
frame=3,6,217,244,30,11,14,44
frame=3,7,371,159,29,18,25,50

[die]
frames=6
duration=900ms
type=play_once
frame=0,0,401,159,14,18,12,43
frame=0,1,170,256,10,9,17,39
frame=0,2,229,256,8,7,-8,39
frame=0,3,248,244,10,11,-7,38
frame=0,4,284,71,15,23,1,46
frame=0,5,300,71,28,23,9,45
frame=0,6,312,213,30,15,14,40
frame=0,7,57,118,26,20,15,44
frame=1,0,343,213,15,15,6,46
frame=1,1,62,256,9,10,10,41
frame=1,2,300,256,3,3,-8,34
frame=1,3,163,196,12,16,1,45
frame=1,4,84,118,15,20,7,48
frame=1,5,100,118,24,20,12,48
frame=1,6,176,196,24,16,11,46
frame=1,7,201,196,23,16,9,47
frame=2,0,408,229,14,12,-10,43
frame=2,1,298,229,14,13,-3,38
frame=2,2,72,256,17,10,9,38
frame=2,3,416,159,16,18,18,41
frame=2,4,433,159,14,18,22,47
frame=2,5,359,213,20,15,21,51
frame=2,6,313,229,19,13,8,52
frame=2,7,259,244,19,11,-4,49
frame=3,0,85,229,14,14,-30,36
frame=3,1,380,213,14,15,-20,24
frame=3,2,395,213,15,15,7,20
frame=3,3,123,178,15,17,34,26
frame=3,4,139,178,14,17,42,39
frame=3,5,225,196,15,16,33,51
frame=3,6,100,229,15,14,6,55
frame=3,7,333,229,15,13,-21,49
frame=4,0,411,213,12,15,-48,14
frame=4,1,116,229,11,14,-32,-5
frame=4,2,128,229,14,14,7,-12
frame=4,3,241,196,13,16,44,-3
frame=4,4,154,178,12,17,58,17
frame=4,5,167,178,11,17,41,36
frame=4,6,255,196,14,16,5,43
frame=4,7,424,213,13,15,-33,34
frame=5,0,438,213,11,15,-49,14
frame=5,1,143,229,11,14,-32,-5
frame=5,2,155,229,14,14,7,-12
frame=5,3,270,196,13,16,44,-3
frame=5,4,179,178,11,17,58,17
frame=5,5,191,178,11,17,41,36
frame=5,6,284,196,14,16,5,43
frame=5,7,450,213,13,15,-33,34
