image=custom_gear_mage_boots_alt2.png

[stance]
frames=4
duration=800ms
type=back_forth
frame=0,0,365,240,12,16,7,10
frame=0,1,258,160,17,19,9,13
frame=0,2,0,240,16,17,7,13
frame=0,3,349,201,17,18,6,13
frame=0,4,378,240,12,16,3,10
frame=0,5,37,117,17,20,6,13
frame=0,6,276,160,16,19,7,13
frame=0,7,55,117,17,20,9,13
frame=1,0,391,240,12,16,7,10
frame=1,1,293,160,17,19,9,13
frame=1,2,404,240,16,16,7,12
frame=1,3,311,160,17,19,6,13
frame=1,4,421,240,12,16,3,10
frame=1,5,73,117,17,20,6,13
frame=1,6,329,160,16,19,7,13
frame=1,7,91,117,17,20,9,13
frame=2,0,434,240,12,16,7,10
frame=2,1,367,201,17,18,9,13
frame=2,2,17,240,16,17,7,13
frame=2,3,385,201,17,18,6,13
frame=2,4,447,240,12,16,3,10
frame=2,5,109,117,17,20,6,13
frame=2,6,346,160,16,19,7,13
frame=2,7,127,117,17,20,9,13
frame=3,0,460,240,12,16,7,10
frame=3,1,363,160,17,19,9,13
frame=3,2,34,240,16,17,7,13
frame=3,3,403,201,17,18,6,13
frame=3,4,473,240,12,16,3,10
frame=3,5,145,117,17,20,6,13
frame=3,6,381,160,16,19,7,13
frame=3,7,163,117,17,20,9,13

[run]
frames=8
duration=640ms
type=looped
frame=0,0,421,201,20,18,-2,16
frame=0,1,181,117,17,20,1,15
frame=0,2,199,117,16,20,7,14
frame=0,3,39,67,23,24,18,17
frame=0,4,104,39,21,26,20,20
frame=0,5,290,39,14,25,14,22
frame=0,6,312,258,15,15,7,15
frame=0,7,398,160,22,19,2,19
frame=1,0,126,39,36,26,7,21
frame=1,1,383,93,33,21,8,16
frame=1,2,305,39,16,25,7,17
frame=1,3,63,67,23,24,18,17
frame=1,4,421,160,35,19,27,18
frame=1,5,163,39,33,26,23,23
frame=1,6,87,67,15,24,6,20
frame=1,7,315,0,23,30,3,25
frame=2,0,0,39,51,27,18,23
frame=2,1,457,160,45,19,17,16
frame=2,2,363,0,16,28,7,20
frame=2,3,322,39,35,25,21,19
frame=2,4,0,181,51,19,31,19
frame=2,5,212,0,45,33,26,27
frame=2,6,304,0,10,32,1,22
frame=2,7,0,0,35,38,12,29
frame=3,0,380,0,43,28,12,23
frame=3,1,52,181,39,19,13,17
frame=3,2,153,93,16,22,7,17
frame=3,3,92,181,29,19,19,16
frame=3,4,170,93,43,22,29,20
frame=3,5,132,0,39,34,24,28
frame=3,6,122,181,9,19,0,11
frame=3,7,36,0,29,38,8,30
frame=4,0,197,39,21,26,-1,20
frame=4,1,103,67,23,24,3,17
frame=4,2,216,117,16,20,7,14
frame=4,3,233,117,17,20,14,15
frame=4,4,132,181,20,19,20,17
frame=4,5,153,181,23,19,18,19
frame=4,6,328,258,15,15,6,15
frame=4,7,358,39,14,25,-2,22
frame=5,0,251,117,35,20,6,18
frame=5,1,127,67,23,24,3,17
frame=5,2,373,39,16,25,7,17
frame=5,3,417,93,33,21,23,16
frame=5,4,219,39,36,26,27,21
frame=5,5,339,0,23,30,18,25
frame=5,6,375,67,15,23,7,19
frame=5,7,256,39,33,26,8,23
frame=6,0,287,117,51,20,18,19
frame=6,1,390,39,35,25,12,19
frame=6,2,424,0,16,28,7,20
frame=6,3,177,181,45,19,26,16
frame=6,4,52,39,51,27,31,23
frame=6,5,66,0,35,38,21,29
frame=6,6,223,181,9,19,7,9
frame=6,7,258,0,45,33,17,27
frame=7,0,214,93,43,22,12,20
frame=7,1,233,181,29,19,8,16
frame=7,2,258,93,16,22,7,17
frame=7,3,263,181,39,19,24,17
frame=7,4,441,0,43,28,29,23
frame=7,5,102,0,29,38,19,30
frame=7,6,303,181,9,19,7,11
frame=7,7,172,0,39,34,13,28

[swing]
frames=6
duration=600ms
type=play_once
frame=0,0,391,67,31,23,19,16
frame=0,1,426,39,21,25,13,17
frame=0,2,448,39,16,25,7,18
frame=0,3,339,117,31,20,11,15
frame=0,4,442,201,31,18,10,13
frame=0,5,423,67,21,23,6,15
frame=0,6,151,67,16,24,7,15
frame=0,7,474,201,31,18,18,12
frame=1,0,445,67,32,23,20,16
frame=1,1,168,67,21,24,13,17
frame=1,2,465,39,16,25,7,18
frame=1,3,371,117,31,20,11,15
frame=1,4,313,181,32,19,10,14
frame=1,5,478,67,21,23,6,15
frame=1,6,190,67,16,24,7,15
frame=1,7,403,117,31,20,18,14
frame=2,0,275,93,31,22,20,15
frame=2,1,207,67,21,24,14,17
frame=2,2,229,67,16,24,7,18
frame=2,3,435,117,30,20,10,15
frame=2,4,466,117,31,20,9,15
frame=2,5,0,93,21,23,5,15
frame=2,6,246,67,16,24,7,15
frame=2,7,0,221,30,18,18,12
frame=3,0,307,93,31,22,20,15
frame=3,1,263,67,21,24,14,17
frame=3,2,285,67,16,24,7,18
frame=3,3,0,139,30,20,10,15
frame=3,4,31,139,31,20,9,15
frame=3,5,22,93,21,23,5,15
frame=3,6,302,67,16,24,7,15
frame=3,7,31,221,30,18,18,12
frame=4,0,44,93,32,23,20,16
frame=4,1,319,67,21,24,13,17
frame=4,2,482,39,16,25,7,18
frame=4,3,451,93,31,21,11,16
frame=4,4,346,181,32,19,10,14
frame=4,5,77,93,21,23,6,15
frame=4,6,341,67,16,24,7,15
frame=4,7,63,139,31,20,18,14
frame=5,0,99,93,31,23,19,16
frame=5,1,0,67,21,25,13,17
frame=5,2,22,67,16,25,7,18
frame=5,3,95,139,31,20,11,15
frame=5,4,62,221,31,18,10,13
frame=5,5,131,93,21,23,6,15
frame=5,6,358,67,16,24,7,15
frame=5,7,94,221,31,18,18,12

[hit]
frames=2
duration=300ms
type=play_once
frame=0,0,486,240,12,16,7,10
frame=0,1,126,221,17,18,9,13
frame=0,2,51,240,16,17,7,13
frame=0,3,144,221,17,18,6,13
frame=0,4,344,258,12,15,3,10
frame=0,5,127,139,17,20,6,13
frame=0,6,379,181,16,19,7,13
frame=0,7,145,139,17,20,9,13
frame=1,0,499,240,12,16,7,10
frame=1,1,162,221,17,18,9,13
frame=1,2,68,240,16,17,7,13
frame=1,3,180,221,17,18,6,13
frame=1,4,357,258,12,15,3,10
frame=1,5,163,139,17,20,6,13
frame=1,6,396,181,16,19,7,13
frame=1,7,181,139,17,20,9,13

[block]
frames=2
duration=300ms
type=play_once
frame=0,0,0,258,12,16,7,10
frame=0,1,198,221,17,18,9,13
frame=0,2,85,240,16,17,7,13
frame=0,3,216,221,17,18,6,13
frame=0,4,370,258,12,15,3,10
frame=0,5,199,139,17,20,6,13
frame=0,6,413,181,16,19,7,13
frame=0,7,217,139,17,20,9,13
frame=1,0,13,258,13,16,7,9
frame=1,1,430,181,18,19,9,12
frame=1,2,102,240,16,17,7,12
frame=1,3,234,221,17,18,6,12
frame=1,4,383,258,13,15,4,9
frame=1,5,235,139,18,20,7,12
frame=1,6,449,181,16,19,7,12
frame=1,7,483,93,17,21,9,13

[cast]
frames=4
duration=600ms
type=play_once
frame=0,0,27,258,12,16,7,10
frame=0,1,252,221,17,18,9,13
frame=0,2,119,240,16,17,7,13
frame=0,3,270,221,17,18,6,13
frame=0,4,397,258,12,15,3,10
frame=0,5,254,139,17,20,6,13
frame=0,6,466,181,16,19,7,13
frame=0,7,272,139,17,20,9,13
frame=1,0,40,258,12,16,7,11
frame=1,1,483,181,17,19,9,14
frame=1,2,136,240,16,17,7,14
frame=1,3,0,201,17,19,6,14
frame=1,4,53,258,12,16,3,11
frame=1,5,290,139,17,20,6,14
frame=1,6,18,201,16,19,7,14
frame=1,7,308,139,17,20,9,14
frame=2,0,66,258,12,16,7,11
frame=2,1,35,201,17,19,9,14
frame=2,2,153,240,16,17,7,14
frame=2,3,53,201,17,19,6,14
frame=2,4,79,258,12,16,3,11
frame=2,5,326,139,17,20,6,14
frame=2,6,71,201,16,19,7,14
frame=2,7,344,139,17,20,9,14
frame=3,0,92,258,12,16,7,10
frame=3,1,288,221,17,18,9,13
frame=3,2,170,240,16,17,7,13
frame=3,3,306,221,17,18,6,13
frame=3,4,410,258,12,15,3,10
frame=3,5,362,139,17,20,6,13
frame=3,6,88,201,16,19,7,13
frame=3,7,380,139,17,20,9,13

[shoot]
frames=4
duration=600ms
type=play_once
frame=0,0,105,258,12,16,7,10
frame=0,1,324,221,17,18,9,13
frame=0,2,187,240,16,17,7,13
frame=0,3,342,221,17,18,6,13
frame=0,4,423,258,12,15,3,10
frame=0,5,398,139,17,20,6,13
frame=0,6,105,201,16,19,7,13
frame=0,7,416,139,17,20,9,13
frame=1,0,118,258,12,16,7,11
frame=1,1,122,201,17,19,9,14
frame=1,2,204,240,16,17,7,14
frame=1,3,140,201,17,19,6,14
frame=1,4,131,258,12,16,3,11
frame=1,5,434,139,17,20,6,14
frame=1,6,158,201,16,19,7,14
frame=1,7,452,139,17,20,9,14
frame=2,0,144,258,12,16,7,11
frame=2,1,175,201,17,19,9,14
frame=2,2,221,240,16,17,7,14
frame=2,3,193,201,17,19,6,14
frame=2,4,157,258,12,16,3,11
frame=2,5,470,139,17,20,6,14
frame=2,6,211,201,16,19,7,14
frame=2,7,488,139,17,20,9,14
frame=3,0,170,258,12,16,7,10
frame=3,1,360,221,17,18,9,13
frame=3,2,238,240,16,17,7,13
frame=3,3,378,221,17,18,6,13
frame=3,4,436,258,12,15,3,10
frame=3,5,0,160,17,20,6,13
frame=3,6,228,201,16,19,7,13
frame=3,7,18,160,17,20,9,13

[die]
frames=6
duration=900ms
type=play_once
frame=0,0,183,258,12,16,7,10
frame=0,1,396,221,17,18,9,13
frame=0,2,255,240,16,17,7,13
frame=0,3,414,221,17,18,6,13
frame=0,4,449,258,12,15,3,10
frame=0,5,36,160,17,20,6,13
frame=0,6,245,201,16,19,7,13
frame=0,7,54,160,17,20,9,13
frame=1,0,432,221,15,18,7,13
frame=1,1,272,240,19,17,9,13
frame=1,2,196,258,16,16,7,13
frame=1,3,262,201,18,19,7,14
frame=1,4,0,117,15,21,6,16
frame=1,5,72,160,19,20,8,15
frame=1,6,281,201,16,19,7,15
frame=1,7,92,160,18,20,9,15
frame=2,0,292,240,18,17,6,13
frame=2,1,213,258,22,16,9,12
frame=2,2,462,258,16,15,7,12
frame=2,3,236,258,19,16,9,11
frame=2,4,339,93,19,22,11,17
frame=2,5,111,160,22,20,11,17
frame=2,6,298,201,16,19,7,17
frame=2,7,134,160,20,20,8,17
frame=3,0,256,258,21,16,4,12
frame=3,1,23,275,23,14,7,10
frame=3,2,89,275,1,1,80,112
frame=3,3,311,240,17,17,9,11
frame=3,4,16,117,20,21,14,15
frame=3,5,359,93,23,22,14,18
frame=3,6,155,160,16,20,7,18
frame=3,7,448,221,21,18,6,16
frame=4,0,47,275,20,14,-1,9
frame=4,1,329,240,17,17,3,8
frame=4,2,278,258,16,16,7,6
frame=4,3,172,160,20,20,15,9
frame=4,4,470,221,20,18,19,11
frame=4,5,193,160,21,20,16,15
frame=4,6,315,201,16,19,7,16
frame=4,7,479,258,22,15,3,12
frame=5,0,68,275,20,14,-1,9
frame=5,1,347,240,17,17,3,8
frame=5,2,295,258,16,16,7,6
frame=5,3,215,160,20,20,15,9
frame=5,4,491,221,20,18,19,11
frame=5,5,236,160,21,20,16,15
frame=5,6,332,201,16,19,7,16
frame=5,7,0,275,22,15,3,12
