image=custom_gear_maul_smear.png

[stance]
frames=1
duration=100ms
type=play_once
frame=0,0,397,263,1,1,80,112
frame=0,1,397,263,1,1,80,112
frame=0,2,397,263,1,1,80,112
frame=0,3,397,263,1,1,80,112
frame=0,4,397,263,1,1,80,112
frame=0,5,397,263,1,1,80,112
frame=0,6,397,263,1,1,80,112
frame=0,7,397,263,1,1,80,112

[swing]
frames=8
duration=640ms
type=play_once
frame=0,0,397,263,1,1,80,112
frame=0,1,397,263,1,1,80,112
frame=0,2,397,263,1,1,80,112
frame=0,3,397,263,1,1,80,112
frame=0,4,397,263,1,1,80,112
frame=0,5,397,263,1,1,80,112
frame=0,6,397,263,1,1,80,112
frame=0,7,397,263,1,1,80,112
frame=1,0,397,263,1,1,80,112
frame=1,1,397,263,1,1,80,112
frame=1,2,397,263,1,1,80,112
frame=1,3,397,263,1,1,80,112
frame=1,4,397,263,1,1,80,112
frame=1,5,397,263,1,1,80,112
frame=1,6,397,263,1,1,80,112
frame=1,7,397,263,1,1,80,112
frame=2,0,241,226,120,24,61,40
frame=2,1,132,180,93,41,62,58
frame=2,2,247,106,60,53,61,70
frame=2,3,31,180,100,44,60,76
frame=2,4,226,180,120,41,57,79
frame=2,5,154,106,92,62,28,80
frame=2,6,93,106,60,69,-3,76
frame=2,7,308,106,98,52,36,62
frame=3,0,77,226,80,25,58,63
frame=3,1,54,263,83,20,42,65
frame=3,2,347,180,46,39,-2,69
frame=3,3,394,180,46,38,-10,59
frame=3,4,362,226,78,23,15,37
frame=3,5,158,226,82,25,39,34
frame=3,6,407,106,47,47,46,53
frame=3,7,455,106,45,46,54,62
frame=4,0,397,263,1,1,80,112
frame=4,1,397,263,1,1,80,112
frame=4,2,397,263,1,1,80,112
frame=4,3,397,263,1,1,80,112
frame=4,4,397,263,1,1,80,112
frame=4,5,397,263,1,1,80,112
frame=4,6,397,263,1,1,80,112
frame=4,7,397,263,1,1,80,112
frame=5,0,397,263,1,1,80,112
frame=5,1,397,263,1,1,80,112
frame=5,2,397,263,1,1,80,112
frame=5,3,397,263,1,1,80,112
frame=5,4,397,263,1,1,80,112
frame=5,5,397,263,1,1,80,112
frame=5,6,397,263,1,1,80,112
frame=5,7,397,263,1,1,80,112
frame=6,0,397,263,1,1,80,112
frame=6,1,397,263,1,1,80,112
frame=6,2,397,263,1,1,80,112
frame=6,3,397,263,1,1,80,112
frame=6,4,397,263,1,1,80,112
frame=6,5,397,263,1,1,80,112
frame=6,6,397,263,1,1,80,112
frame=6,7,397,263,1,1,80,112
frame=7,0,397,263,1,1,80,112
frame=7,1,397,263,1,1,80,112
frame=7,2,397,263,1,1,80,112
frame=7,3,397,263,1,1,80,112
frame=7,4,397,263,1,1,80,112
frame=7,5,397,263,1,1,80,112
frame=7,6,397,263,1,1,80,112
frame=7,7,397,263,1,1,80,112

[swing2]
frames=8
duration=680ms
type=play_once
frame=0,0,397,263,1,1,80,112
frame=0,1,397,263,1,1,80,112
frame=0,2,397,263,1,1,80,112
frame=0,3,397,263,1,1,80,112
frame=0,4,397,263,1,1,80,112
frame=0,5,397,263,1,1,80,112
frame=0,6,397,263,1,1,80,112
frame=0,7,397,263,1,1,80,112
frame=1,0,397,263,1,1,80,112
frame=1,1,397,263,1,1,80,112
frame=1,2,397,263,1,1,80,112
frame=1,3,397,263,1,1,80,112
frame=1,4,397,263,1,1,80,112
frame=1,5,397,263,1,1,80,112
frame=1,6,397,263,1,1,80,112
frame=1,7,397,263,1,1,80,112
frame=2,0,271,0,109,78,60,79
frame=2,1,0,106,92,73,62,86
frame=2,2,182,0,23,90,28,99
frame=2,3,206,0,64,87,39,104
frame=2,4,381,0,109,77,47,101
frame=2,5,89,0,92,92,28,99
frame=2,6,0,0,23,105,-7,95
frame=2,7,24,0,64,96,23,86
frame=3,0,166,263,27,18,42,2
frame=3,1,244,263,21,16,48,13
frame=3,2,266,263,8,16,26,29
frame=3,3,393,263,3,4,-4,23
frame=3,4,364,263,28,12,-17,22
frame=3,5,275,263,22,14,-29,12
frame=3,6,138,263,8,20,-20,3
frame=3,7,147,263,18,19,12,-2
frame=4,0,397,263,1,1,80,112
frame=4,1,397,263,1,1,80,112
frame=4,2,397,263,1,1,80,112
frame=4,3,397,263,1,1,80,112
frame=4,4,397,263,1,1,80,112
frame=4,5,397,263,1,1,80,112
frame=4,6,397,263,1,1,80,112
frame=4,7,397,263,1,1,80,112
frame=5,0,397,263,1,1,80,112
frame=5,1,397,263,1,1,80,112
frame=5,2,397,263,1,1,80,112
frame=5,3,397,263,1,1,80,112
frame=5,4,397,263,1,1,80,112
frame=5,5,397,263,1,1,80,112
frame=5,6,397,263,1,1,80,112
frame=5,7,397,263,1,1,80,112
frame=6,0,397,263,1,1,80,112
frame=6,1,397,263,1,1,80,112
frame=6,2,397,263,1,1,80,112
frame=6,3,397,263,1,1,80,112
frame=6,4,397,263,1,1,80,112
frame=6,5,397,263,1,1,80,112
frame=6,6,397,263,1,1,80,112
frame=6,7,397,263,1,1,80,112
frame=7,0,397,263,1,1,80,112
frame=7,1,397,263,1,1,80,112
frame=7,2,397,263,1,1,80,112
frame=7,3,397,263,1,1,80,112
frame=7,4,397,263,1,1,80,112
frame=7,5,397,263,1,1,80,112
frame=7,6,397,263,1,1,80,112
frame=7,7,397,263,1,1,80,112

[swing3]
frames=8
duration=600ms
type=play_once
frame=0,0,397,263,1,1,80,112
frame=0,1,397,263,1,1,80,112
frame=0,2,397,263,1,1,80,112
frame=0,3,397,263,1,1,80,112
frame=0,4,397,263,1,1,80,112
frame=0,5,397,263,1,1,80,112
frame=0,6,397,263,1,1,80,112
frame=0,7,397,263,1,1,80,112
frame=1,0,397,263,1,1,80,112
frame=1,1,397,263,1,1,80,112
frame=1,2,397,263,1,1,80,112
frame=1,3,397,263,1,1,80,112
frame=1,4,397,263,1,1,80,112
frame=1,5,397,263,1,1,80,112
frame=1,6,397,263,1,1,80,112
frame=1,7,397,263,1,1,80,112
frame=2,0,441,180,52,38,64,52
frame=2,1,0,180,30,45,54,71
frame=2,2,0,226,53,36,40,77
frame=2,3,298,263,65,14,16,66
frame=2,4,194,263,49,18,-17,56
frame=2,5,54,226,22,27,-34,44
frame=2,6,0,263,53,21,11,30
frame=2,7,441,226,70,22,52,32
frame=3,0,397,263,1,1,80,112
frame=3,1,397,263,1,1,80,112
frame=3,2,397,263,1,1,80,112
frame=3,3,397,263,1,1,80,112
frame=3,4,397,263,1,1,80,112
frame=3,5,397,263,1,1,80,112
frame=3,6,397,263,1,1,80,112
frame=3,7,397,263,1,1,80,112
frame=4,0,397,263,1,1,80,112
frame=4,1,397,263,1,1,80,112
frame=4,2,397,263,1,1,80,112
frame=4,3,397,263,1,1,80,112
frame=4,4,397,263,1,1,80,112
frame=4,5,397,263,1,1,80,112
frame=4,6,397,263,1,1,80,112
frame=4,7,397,263,1,1,80,112
frame=5,0,397,263,1,1,80,112
frame=5,1,397,263,1,1,80,112
frame=5,2,397,263,1,1,80,112
frame=5,3,397,263,1,1,80,112
frame=5,4,397,263,1,1,80,112
frame=5,5,397,263,1,1,80,112
frame=5,6,397,263,1,1,80,112
frame=5,7,397,263,1,1,80,112
frame=6,0,397,263,1,1,80,112
frame=6,1,397,263,1,1,80,112
frame=6,2,397,263,1,1,80,112
frame=6,3,397,263,1,1,80,112
frame=6,4,397,263,1,1,80,112
frame=6,5,397,263,1,1,80,112
frame=6,6,397,263,1,1,80,112
frame=6,7,397,263,1,1,80,112
frame=7,0,397,263,1,1,80,112
frame=7,1,397,263,1,1,80,112
frame=7,2,397,263,1,1,80,112
frame=7,3,397,263,1,1,80,112
frame=7,4,397,263,1,1,80,112
frame=7,5,397,263,1,1,80,112
frame=7,6,397,263,1,1,80,112
frame=7,7,397,263,1,1,80,112
