image=custom_gear_maul.png

[stance]
frames=4
duration=800ms
type=back_forth
frame=0,0,227,127,19,39,17,67
frame=0,1,353,248,19,36,20,71
frame=0,2,91,482,17,24,18,73
frame=0,3,39,554,19,19,12,78
frame=0,4,247,127,19,39,0,78
frame=0,5,210,0,19,41,-3,73
frame=0,6,230,0,17,41,-3,67
frame=0,7,248,0,19,41,5,66
frame=1,0,267,127,18,39,17,67
frame=1,1,373,248,19,36,20,71
frame=1,2,109,482,17,24,18,73
frame=1,3,59,554,19,19,12,78
frame=1,4,286,127,18,39,-1,78
frame=1,5,268,0,19,41,-3,73
frame=1,6,288,0,17,41,-3,67
frame=1,7,306,0,19,41,5,65
frame=2,0,305,127,20,39,17,68
frame=2,1,176,287,20,35,20,71
frame=2,2,127,482,17,24,18,73
frame=2,3,79,554,19,19,13,78
frame=2,4,156,208,20,38,1,78
frame=2,5,326,0,20,41,-2,74
frame=2,6,347,0,17,41,-3,68
frame=2,7,365,0,20,41,5,66
frame=3,0,177,208,19,38,17,67
frame=3,1,393,248,19,36,20,71
frame=3,2,145,482,17,24,18,73
frame=3,3,39,554,19,19,12,78
frame=3,4,326,127,19,39,0,78
frame=3,5,210,0,19,41,-3,73
frame=3,6,386,0,17,41,-3,67
frame=3,7,404,0,19,41,5,66

[run]
frames=10
duration=660ms
type=looped
frame=0,0,346,127,13,39,18,60
frame=0,1,96,85,17,40,25,66
frame=0,2,360,127,17,39,20,71
frame=0,3,119,425,18,27,8,75
frame=0,4,378,127,13,39,-7,72
frame=0,5,392,127,17,39,-10,67
frame=0,6,113,248,17,37,-5,59
frame=0,7,197,208,18,38,8,57
frame=1,0,114,85,12,40,17,60
frame=1,1,127,85,17,40,25,66
frame=1,2,410,127,17,39,20,71
frame=1,3,370,425,18,26,8,74
frame=1,4,428,127,12,39,-7,72
frame=1,5,441,127,17,39,-10,66
frame=1,6,216,208,17,38,-5,59
frame=1,7,459,127,18,39,8,57
frame=2,0,145,85,12,40,16,62
frame=2,1,234,208,18,38,24,67
frame=2,2,389,425,17,26,19,71
frame=2,3,99,554,18,19,8,75
frame=2,4,478,127,12,39,-6,73
frame=2,5,158,85,18,40,-8,67
frame=2,6,491,127,17,39,-4,60
frame=2,7,177,85,18,40,8,59
frame=3,0,0,168,17,39,19,65
frame=3,1,413,248,19,36,22,69
frame=3,2,163,482,17,24,18,72
frame=3,3,234,393,19,29,9,76
frame=3,4,196,85,17,40,-4,75
frame=3,5,424,0,19,41,-5,69
frame=3,6,444,0,17,41,-3,63
frame=3,7,462,0,19,41,8,62
frame=4,0,253,208,22,38,21,66
frame=4,1,346,324,20,33,22,69
frame=4,2,247,455,17,25,17,73
frame=4,3,399,287,22,34,10,77
frame=4,4,276,208,22,38,-1,75
frame=4,5,0,0,20,42,-4,70
frame=4,6,482,0,17,41,-2,64
frame=4,7,214,85,22,40,10,63
frame=5,0,131,248,23,37,22,65
frame=5,1,182,359,21,32,22,69
frame=5,2,407,425,18,26,18,72
frame=5,3,422,287,23,34,10,76
frame=5,4,18,168,23,39,-1,75
frame=5,5,0,43,21,41,-3,69
frame=5,6,21,0,18,42,-2,64
frame=5,7,22,43,23,41,11,63
frame=6,0,155,248,22,37,21,64
frame=6,1,367,324,20,33,22,68
frame=6,2,265,455,17,25,17,71
frame=6,3,388,324,21,33,10,75
frame=6,4,42,168,22,39,-1,74
frame=6,5,46,43,20,41,-4,68
frame=6,6,40,0,17,42,-2,63
frame=6,7,67,43,22,41,10,62
frame=7,0,65,168,17,39,19,64
frame=7,1,433,248,19,36,22,68
frame=7,2,283,455,17,25,18,72
frame=7,3,91,393,19,30,9,76
frame=7,4,83,168,17,39,-4,74
frame=7,5,90,43,19,41,-5,68
frame=7,6,110,43,17,41,-3,62
frame=7,7,128,43,19,41,8,61
frame=8,0,237,85,12,40,16,63
frame=8,1,299,208,18,38,24,68
frame=8,2,426,425,17,26,19,72
frame=8,3,118,554,18,19,8,76
frame=8,4,101,168,12,39,-6,74
frame=8,5,250,85,18,40,-8,68
frame=8,6,114,168,17,39,-4,61
frame=8,7,269,85,18,40,8,60
frame=9,0,132,168,12,39,17,61
frame=9,1,288,85,17,40,25,68
frame=9,2,404,359,17,31,20,72
frame=9,3,138,425,18,27,8,76
frame=9,4,306,85,12,40,-7,74
frame=9,5,319,85,17,40,-10,68
frame=9,6,318,208,17,38,-5,60
frame=9,7,145,168,18,39,8,59

[swing]
frames=8
duration=640ms
type=play_once
hit=160ms
frame=0,0,254,393,29,29,-13,39
frame=0,1,410,324,16,33,15,37
frame=0,2,181,482,34,24,52,40
frame=0,3,196,575,37,18,62,56
frame=0,4,296,508,29,22,40,75
frame=0,5,216,482,16,24,-1,79
frame=0,6,137,554,37,19,-17,68
frame=0,7,240,532,42,20,-22,48
frame=1,0,0,532,41,21,-19,44
frame=1,1,111,393,26,30,-6,38
frame=1,2,204,359,18,32,25,39
frame=1,3,0,508,34,23,56,44
frame=1,4,234,575,41,18,58,61
frame=1,5,283,532,23,20,30,77
frame=1,6,233,482,19,24,-8,78
frame=1,7,276,575,38,18,-20,63
frame=2,0,315,575,37,18,62,44
frame=2,1,175,554,20,19,43,63
frame=2,2,353,575,17,18,6,70
frame=2,3,196,554,37,19,-13,61
frame=2,4,444,425,39,26,-25,48
frame=2,5,427,324,23,33,-22,37
frame=2,6,446,287,20,34,9,31
frame=2,7,0,455,37,26,48,31
frame=3,0,371,575,27,18,-3,61
frame=3,1,234,554,32,19,-10,50
frame=3,2,36,425,25,28,-12,46
frame=3,3,284,393,19,29,3,41
frame=3,4,326,508,39,22,28,38
frame=3,5,422,595,41,17,40,45
frame=3,6,301,455,26,25,35,59
frame=3,7,399,575,16,18,11,65
frame=4,0,303,614,29,16,-7,50
frame=4,1,366,508,33,22,-5,43
frame=4,2,38,455,17,26,-3,38
frame=4,3,56,455,34,26,21,39
frame=4,4,464,595,41,17,34,40
frame=4,5,307,532,36,20,36,52
frame=4,6,157,425,14,27,18,61
frame=4,7,267,554,24,19,1,60
frame=5,0,451,324,29,33,15,75
frame=5,1,35,508,26,23,0,72
frame=5,2,344,532,20,20,-9,65
frame=5,3,42,532,19,21,-3,58
frame=5,4,328,455,31,25,12,55
frame=5,5,0,359,34,33,24,58
frame=5,6,164,168,24,39,27,65
frame=5,7,58,0,19,42,20,72
frame=6,0,148,43,19,41,22,73
frame=6,1,422,359,19,31,13,78
frame=6,2,62,508,19,23,0,78
frame=6,3,197,287,13,35,-10,74
frame=6,4,211,287,19,35,-5,68
frame=6,5,231,287,21,35,4,62
frame=6,6,189,168,22,39,17,63
frame=6,7,78,0,13,42,21,68
frame=7,0,212,168,19,39,17,68
frame=7,1,253,287,19,35,20,71
frame=7,2,360,455,17,25,18,74
frame=7,3,292,554,19,19,12,78
frame=7,4,336,208,19,38,0,78
frame=7,5,168,43,19,41,-3,74
frame=7,6,337,85,17,40,-3,67
frame=7,7,188,43,19,41,5,66

[swing2]
frames=8
duration=680ms
type=play_once
hit=170ms
frame=0,0,378,455,41,25,-5,78
frame=0,1,0,614,37,17,6,65
frame=0,2,176,632,18,15,15,61
frame=0,3,481,632,30,13,40,68
frame=0,4,38,614,41,17,44,83
frame=0,5,304,393,37,29,29,96
frame=0,6,467,287,18,34,1,97
frame=0,7,0,324,30,34,-12,91
frame=1,0,31,324,25,34,-17,55
frame=1,1,356,208,28,38,-5,49
frame=1,2,92,0,19,42,11,50
frame=1,3,112,0,19,42,33,56
frame=1,4,355,85,25,40,40,64
frame=1,5,35,359,28,33,31,69
frame=1,6,172,425,10,27,-3,69
frame=1,7,342,393,19,29,-16,63
frame=2,0,178,248,28,37,51,29
frame=2,1,362,393,27,29,54,40
frame=2,2,365,532,17,20,27,45
frame=2,3,80,614,17,17,-12,41
frame=2,4,64,359,28,33,-25,43
frame=2,5,232,168,30,39,-26,31
frame=2,6,132,0,17,42,-12,23
frame=2,7,150,0,22,42,27,22
frame=3,0,208,43,11,41,24,23
frame=3,1,273,287,18,35,36,27
frame=3,2,93,359,17,33,27,35
frame=3,3,62,532,19,21,8,25
frame=3,4,207,248,8,37,-18,37
frame=3,5,216,248,18,37,-20,27
frame=3,6,385,208,17,38,-12,20
frame=3,7,381,85,19,40,9,18
frame=4,0,401,85,12,40,26,23
frame=4,1,414,85,19,40,37,33
frame=4,2,223,359,17,32,27,35
frame=4,3,383,532,18,20,7,25
frame=4,4,453,248,10,36,-18,37
frame=4,5,403,208,19,38,-20,28
frame=4,6,263,168,17,39,-12,20
frame=4,7,434,85,18,40,9,18
frame=5,0,390,393,33,29,50,25
frame=5,1,416,575,28,18,51,33
frame=5,2,0,649,18,13,24,41
frame=5,3,195,632,18,15,-13,41
frame=5,4,183,425,33,27,-19,38
frame=5,5,464,248,32,36,-21,30
frame=5,6,281,168,18,39,-8,23
frame=5,7,235,248,27,37,29,20
frame=6,0,0,287,28,36,40,61
frame=6,1,220,43,24,41,40,74
frame=6,2,442,359,17,31,18,80
frame=6,3,241,359,20,32,-7,81
frame=6,4,292,287,28,35,-14,72
frame=6,5,424,393,24,29,-18,58
frame=6,6,253,482,17,24,-3,48
frame=6,7,449,393,26,29,25,50
frame=7,0,212,168,19,39,17,68
frame=7,1,253,287,19,35,20,71
frame=7,2,360,455,17,25,18,74
frame=7,3,292,554,19,19,12,78
frame=7,4,336,208,19,38,0,78
frame=7,5,168,43,19,41,-3,74
frame=7,6,337,85,17,40,-3,67
frame=7,7,188,43,19,41,5,66

[swing3]
frames=8
duration=600ms
type=play_once
hit=150ms
frame=0,0,333,614,38,16,31,35
frame=0,1,382,632,40,14,45,45
frame=0,2,82,508,29,23,41,60
frame=0,3,112,508,19,23,14,70
frame=0,4,402,532,30,20,-3,67
frame=0,5,445,575,41,18,-6,53
frame=0,6,271,482,30,24,-13,44
frame=0,7,302,482,19,24,3,38
frame=1,0,433,532,36,20,27,33
frame=1,1,19,649,39,13,42,38
frame=1,2,0,595,28,18,41,52
frame=1,3,98,614,18,17,18,63
frame=1,4,29,595,27,18,-2,62
frame=1,5,312,554,41,19,-3,50
frame=1,6,217,425,31,27,-12,44
frame=1,7,476,393,19,29,-1,39
frame=2,0,322,482,35,24,64,67
frame=2,1,62,425,18,28,34,83
frame=2,2,249,425,26,27,-4,85
frame=2,3,470,532,40,20,-22,70
frame=2,4,214,632,38,15,-28,46
frame=2,5,354,554,18,19,-18,34
frame=2,6,57,595,29,18,28,30
frame=2,7,117,614,39,17,60,44
frame=3,0,420,455,34,25,63,68
frame=3,1,81,425,18,28,30,82
frame=3,2,455,455,29,25,-6,82
frame=3,3,87,595,39,18,-25,66
frame=3,4,372,614,36,16,-29,42
frame=3,5,373,554,18,19,-14,31
frame=3,6,392,554,32,19,33,29
frame=3,7,157,614,40,17,62,44
frame=4,0,420,455,34,25,63,68
frame=4,1,81,425,18,28,30,82
frame=4,2,455,455,29,25,-6,82
frame=4,3,87,595,39,18,-25,66
frame=4,4,372,614,36,16,-29,42
frame=4,5,373,554,18,19,-14,31
frame=4,6,392,554,32,19,33,29
frame=4,7,157,614,40,17,62,44
frame=5,0,262,359,33,32,60,71
frame=5,1,57,324,19,34,36,86
frame=5,2,138,393,21,30,-2,90
frame=5,3,460,359,35,31,-20,79
frame=5,4,82,532,36,21,-26,58
frame=5,5,59,649,19,13,-19,40
frame=5,6,253,632,24,15,21,38
frame=5,7,132,508,35,23,53,51
frame=6,0,300,168,14,39,31,70
frame=6,1,245,43,19,41,31,80
frame=6,2,29,287,18,36,15,85
frame=6,3,453,85,18,40,-5,85
frame=6,4,472,85,14,40,-19,78
frame=6,5,263,248,19,37,-14,67
frame=6,6,48,287,18,36,1,60
frame=6,7,315,168,18,39,21,63
frame=7,0,212,168,19,39,17,68
frame=7,1,253,287,19,35,20,71
frame=7,2,360,455,17,25,18,74
frame=7,3,292,554,19,19,12,78
frame=7,4,336,208,19,38,0,78
frame=7,5,168,43,19,41,-3,74
frame=7,6,337,85,17,40,-3,67
frame=7,7,188,43,19,41,5,66

[hit]
frames=2
duration=300ms
type=play_once
frame=0,0,334,168,20,39,17,68
frame=0,1,321,287,20,35,20,71
frame=0,2,358,482,17,24,18,73
frame=0,3,425,554,19,19,13,78
frame=0,4,423,208,20,38,1,78
frame=0,5,265,43,20,41,-2,74
frame=0,6,286,43,17,41,-3,68
frame=0,7,304,43,20,41,5,67
frame=1,0,355,168,20,39,17,68
frame=1,1,321,287,20,35,20,71
frame=1,2,91,482,17,24,18,73
frame=1,3,445,554,19,19,13,78
frame=1,4,444,208,20,38,1,78
frame=1,5,325,43,20,41,-2,74
frame=1,6,346,43,17,41,-3,68
frame=1,7,364,43,20,41,5,67

[block]
frames=2
duration=300ms
type=play_once
frame=0,0,376,168,14,39,12,66
frame=0,1,465,208,18,38,19,70
frame=0,2,168,508,17,23,18,72
frame=0,3,465,554,18,19,12,77
frame=0,4,391,168,14,39,0,77
frame=0,5,385,43,18,41,-3,73
frame=0,6,487,85,17,40,-3,67
frame=0,7,404,43,18,41,4,66
frame=1,0,127,595,41,18,17,60
frame=1,1,409,614,35,16,20,55
frame=1,2,198,614,17,17,18,59
frame=1,3,278,632,35,15,28,62
frame=1,4,0,575,41,19,22,71
frame=1,5,160,393,35,30,13,75
frame=1,6,111,359,17,33,-3,72
frame=1,7,0,425,35,29,5,67

[cast]
frames=6
duration=600ms
type=play_once
hit=300ms
frame=0,0,119,532,42,21,18,46
frame=0,1,296,359,32,32,19,53
frame=0,2,77,324,19,34,20,58
frame=0,3,376,482,28,24,28,54
frame=0,4,445,614,42,16,22,54
frame=0,5,423,632,32,14,11,56
frame=0,6,42,575,18,19,-4,55
frame=0,7,216,614,37,17,7,50
frame=1,0,162,532,41,21,17,43
frame=1,1,329,359,35,32,19,50
frame=1,2,342,287,18,35,17,55
frame=1,3,91,455,28,26,26,53
frame=1,4,169,595,41,18,22,52
frame=1,5,135,649,35,12,14,52
frame=1,6,61,575,15,19,-4,53
frame=1,7,211,595,34,18,6,48
frame=2,0,77,575,41,19,17,42
frame=2,1,0,393,35,31,19,49
frame=2,2,97,324,18,34,17,54
frame=2,3,120,455,29,26,26,53
frame=2,4,0,632,41,16,22,51
frame=2,5,79,649,35,13,14,52
frame=2,6,204,532,15,21,-4,54
frame=2,7,119,575,34,19,6,49
frame=3,0,67,287,36,36,15,77
frame=3,1,276,425,33,27,27,76
frame=3,2,154,575,20,19,24,78
frame=3,3,254,614,21,17,25,83
frame=3,4,150,455,36,26,19,90
frame=3,5,104,287,33,36,4,92
frame=3,6,423,43,20,41,-6,87
frame=3,7,444,43,22,41,-5,81
frame=4,0,116,324,37,34,12,76
frame=4,1,405,482,35,24,26,73
frame=4,2,246,595,20,18,24,75
frame=4,3,456,632,24,14,29,80
frame=4,4,186,508,37,23,23,88
frame=4,5,154,324,35,34,7,92
frame=4,6,484,208,21,38,-6,87
frame=4,7,0,127,24,40,-7,82
frame=5,0,212,168,19,39,17,68
frame=5,1,253,287,19,35,20,71
frame=5,2,360,455,17,25,18,74
frame=5,3,292,554,19,19,12,78
frame=5,4,336,208,19,38,0,78
frame=5,5,168,43,19,41,-3,74
frame=5,6,337,85,17,40,-3,67
frame=5,7,188,43,19,41,5,66

[shoot]
frames=7
duration=700ms
type=play_once
hit=300ms
frame=0,0,406,168,18,39,17,41
frame=0,1,25,127,11,40,27,48
frame=0,2,425,168,18,39,31,57
frame=0,3,0,248,13,38,18,64
frame=0,4,37,127,15,40,-4,65
frame=0,5,444,168,11,39,-18,58
frame=0,6,53,127,18,40,-15,49
frame=0,7,14,248,17,38,-3,42
frame=1,0,72,127,19,40,14,42
frame=1,1,456,168,13,39,27,47
frame=1,2,32,248,18,38,33,55
frame=1,3,283,248,15,37,22,63
frame=1,4,470,168,14,39,-2,66
frame=1,5,92,127,13,40,-16,61
frame=1,6,106,127,18,40,-17,52
frame=1,7,485,168,18,39,-6,44
frame=2,0,72,127,19,40,14,42
frame=2,1,456,168,13,39,27,47
frame=2,2,32,248,18,38,33,55
frame=2,3,283,248,15,37,22,63
frame=2,4,0,208,14,39,-2,66
frame=2,5,92,127,13,40,-16,61
frame=2,6,106,127,18,40,-17,52
frame=2,7,485,168,18,39,-6,44
frame=3,0,125,127,22,40,20,48
frame=3,1,51,248,22,38,34,52
frame=3,2,129,359,20,33,37,59
frame=3,3,36,393,16,31,20,67
frame=3,4,190,324,22,34,0,69
frame=3,5,15,208,22,39,-14,66
frame=3,6,467,43,20,41,-19,58
frame=3,7,173,0,17,42,-5,51
frame=4,0,488,43,19,41,18,46
frame=4,1,74,248,19,38,32,50
frame=4,2,361,287,18,35,35,58
frame=4,3,150,359,12,33,20,66
frame=4,4,138,287,19,36,-1,68
frame=4,5,38,208,19,39,-15,64
frame=4,6,0,85,18,41,-19,56
frame=4,7,19,85,17,41,-5,49
frame=5,0,42,632,40,16,16,42
frame=5,1,187,455,40,26,25,47
frame=5,2,213,324,24,34,20,56
frame=5,3,220,532,19,21,23,47
frame=5,4,310,425,40,27,22,58
frame=5,5,83,632,40,16,13,52
frame=5,6,191,649,14,10,-8,46
frame=5,7,124,632,24,16,-1,47
frame=6,0,212,168,19,39,17,68
frame=6,1,253,287,19,35,20,71
frame=6,2,485,455,17,25,18,74
frame=6,3,292,554,19,19,12,78
frame=6,4,336,208,19,38,0,78
frame=6,5,168,43,19,41,-3,74
frame=6,6,148,127,17,40,-3,67
frame=6,7,188,43,19,41,5,66

[die]
frames=6
duration=900ms
type=play_once
frame=0,0,58,208,12,39,17,64
frame=0,1,37,85,18,41,24,70
frame=0,2,0,482,17,25,18,74
frame=0,3,267,595,18,18,7,77
frame=0,4,166,127,12,40,-7,75
frame=0,5,94,248,18,38,-8,69
frame=0,6,158,287,17,36,-3,62
frame=0,7,71,208,18,39,9,62
frame=1,0,380,287,18,35,5,65
frame=1,1,163,359,18,33,15,66
frame=1,2,351,425,18,27,23,69
frame=1,3,175,575,20,19,23,74
frame=1,4,56,85,18,41,11,78
frame=1,5,191,0,18,42,1,77
frame=1,6,75,85,20,41,-5,73
frame=1,7,90,208,25,39,0,69
frame=2,0,224,508,33,23,-10,57
frame=2,1,286,595,19,18,-2,47
frame=2,2,314,632,25,15,27,47
frame=2,3,18,482,38,25,45,59
frame=2,4,238,324,33,34,41,73
frame=2,5,179,127,19,40,19,82
frame=2,6,199,127,27,40,-2,82
frame=2,7,365,359,38,32,-9,71
frame=3,0,400,508,38,22,-32,35
frame=3,1,228,455,18,26,-18,22
frame=3,2,439,508,33,22,31,19
frame=3,3,340,632,41,15,63,28
frame=3,4,0,554,38,20,68,52
frame=3,5,100,425,18,28,34,71
frame=3,6,57,482,33,25,0,73
frame=3,7,306,595,41,18,-24,56
frame=4,0,299,248,26,37,-53,14
frame=4,1,116,208,19,39,-22,-5
frame=4,2,272,324,36,34,34,-12
frame=4,3,441,482,37,24,73,-3
frame=4,4,276,614,26,17,77,19
frame=4,5,171,649,19,12,39,37
frame=4,6,348,595,36,18,0,42
frame=4,7,196,393,37,30,-38,34
frame=5,0,326,248,26,37,-53,14
frame=5,1,136,208,19,39,-22,-5
frame=5,2,309,324,36,34,34,-12
frame=5,3,258,508,37,23,73,-4
frame=5,4,149,632,26,16,77,18
frame=5,5,115,649,19,13,39,37
frame=5,6,385,595,36,18,0,42
frame=5,7,53,393,37,31,-38,34
