image=custom_gear_plate_greaves.png

[stance]
frames=4
duration=800ms
type=back_forth
frame=0,0,101,235,12,34,5,31
frame=0,1,272,83,20,37,9,35
frame=0,2,39,306,17,33,7,32
frame=0,3,421,0,20,38,9,36
frame=0,4,114,235,12,34,5,31
frame=0,5,293,83,20,37,9,35
frame=0,6,57,306,17,33,8,32
frame=0,7,314,83,20,37,9,35
frame=1,0,127,235,12,34,5,31
frame=1,1,335,83,20,37,9,35
frame=1,2,75,306,17,33,7,32
frame=1,3,442,0,20,38,9,35
frame=1,4,140,235,12,34,5,31
frame=1,5,356,83,20,37,9,35
frame=1,6,93,306,17,33,8,32
frame=1,7,463,0,20,38,9,35
frame=2,0,153,235,12,34,5,32
frame=2,1,377,83,20,37,9,35
frame=2,2,111,306,17,33,7,32
frame=2,3,484,0,20,38,9,36
frame=2,4,166,235,12,34,5,31
frame=2,5,0,44,20,38,9,36
frame=2,6,179,235,17,34,8,33
frame=2,7,398,83,20,37,9,35
frame=3,0,197,235,12,34,5,31
frame=3,1,419,83,20,37,9,35
frame=3,2,129,306,17,33,7,32
frame=3,3,21,44,20,38,9,36
frame=3,4,210,235,12,34,5,31
frame=3,5,440,83,20,37,9,35
frame=3,6,147,306,17,33,8,32
frame=3,7,461,83,20,37,9,35

[run]
frames=8
duration=640ms
type=looped
frame=0,0,130,408,24,29,5,32
frame=0,1,165,306,23,33,9,34
frame=0,2,223,235,17,34,7,32
frame=0,3,42,44,26,38,15,35
frame=0,4,185,375,24,31,17,31
frame=0,5,189,306,23,33,12,36
frame=0,6,315,408,17,28,8,33
frame=0,7,155,408,27,29,9,35
frame=1,0,210,375,37,31,11,31
frame=1,1,213,306,35,33,12,34
frame=1,2,249,306,17,33,7,31
frame=1,3,288,198,27,35,16,34
frame=1,4,422,375,37,30,24,33
frame=1,5,267,306,35,33,21,36
frame=1,6,460,375,17,30,8,32
frame=1,7,241,235,27,34,9,35
frame=2,0,388,341,43,32,14,31
frame=2,1,248,375,39,31,14,34
frame=2,2,432,341,17,32,7,31
frame=2,3,303,306,29,33,18,33
frame=2,4,0,408,43,30,27,33
frame=2,5,0,122,39,37,23,35
frame=2,6,316,198,17,35,8,31
frame=2,7,69,44,29,38,9,34
frame=3,0,450,341,38,32,11,31
frame=3,1,333,306,35,33,12,34
frame=3,2,183,408,17,29,7,31
frame=3,3,288,375,27,31,16,34
frame=3,4,316,375,39,31,26,33
frame=3,5,453,160,36,36,22,36
frame=3,6,269,235,17,34,8,32
frame=3,7,99,44,28,38,9,35
frame=4,0,369,306,24,33,5,32
frame=4,1,40,122,27,37,9,34
frame=4,2,287,235,17,34,7,32
frame=4,3,305,235,23,34,12,35
frame=4,4,333,408,24,28,17,31
frame=4,5,44,408,27,30,16,36
frame=4,6,358,408,17,28,8,33
frame=4,7,489,341,23,32,9,35
frame=5,0,376,408,37,28,11,31
frame=5,1,0,198,27,36,9,34
frame=5,2,394,306,17,33,7,31
frame=5,3,412,306,34,33,20,34
frame=5,4,356,375,37,31,24,31
frame=5,5,334,198,27,35,16,36
frame=5,6,72,408,17,30,8,32
frame=5,7,0,375,34,32,12,35
frame=6,0,0,439,43,27,14,30
frame=6,1,329,235,29,34,9,34
frame=6,2,35,375,17,32,7,31
frame=6,3,90,408,39,30,23,33
frame=6,4,447,306,43,33,27,32
frame=6,5,224,0,29,39,18,35
frame=6,6,362,198,17,35,8,31
frame=6,7,28,198,39,36,14,34
frame=7,0,201,408,38,29,11,31
frame=7,1,394,375,27,31,9,34
frame=7,2,240,408,17,29,7,31
frame=7,3,0,341,36,33,22,34
frame=7,4,53,375,38,32,25,31
frame=7,5,254,0,28,39,17,36
frame=7,6,359,235,17,34,8,32
frame=7,7,380,198,36,35,12,35

[swing]
frames=6
duration=600ms
type=play_once
frame=0,0,377,235,26,34,14,31
frame=0,1,128,44,20,38,9,34
frame=0,2,417,198,17,35,7,31
frame=0,3,68,198,26,36,10,34
frame=0,4,92,375,26,32,10,30
frame=0,5,30,0,20,41,9,36
frame=0,6,95,198,17,36,8,32
frame=0,7,68,122,26,37,14,35
frame=1,0,435,198,26,35,15,32
frame=1,1,283,0,19,39,9,35
frame=1,2,95,122,17,37,7,34
frame=1,3,149,44,26,38,10,36
frame=1,4,404,235,26,34,9,32
frame=1,5,303,0,19,39,8,34
frame=1,6,176,44,17,38,8,33
frame=1,7,194,44,26,38,14,36
frame=2,0,113,198,26,36,15,33
frame=2,1,323,0,20,39,10,35
frame=2,2,113,122,17,37,7,34
frame=2,3,131,122,26,37,10,36
frame=2,4,431,235,26,34,9,32
frame=2,5,221,44,20,38,8,33
frame=2,6,242,44,17,38,8,33
frame=2,7,260,44,26,38,14,36
frame=3,0,462,198,26,35,15,32
frame=3,1,174,0,20,40,10,36
frame=3,2,158,122,17,37,7,34
frame=3,3,140,198,26,36,10,35
frame=3,4,37,341,26,33,9,31
frame=3,5,51,0,20,41,8,36
frame=3,6,287,44,17,38,8,33
frame=3,7,167,198,26,36,14,34
frame=4,0,176,122,26,37,15,34
frame=4,1,72,0,19,41,9,37
frame=4,2,203,122,17,37,7,34
frame=4,3,221,122,26,37,10,35
frame=4,4,0,235,26,35,9,33
frame=4,5,92,0,19,41,8,36
frame=4,6,305,44,17,38,8,33
frame=4,7,27,235,26,35,14,33
frame=5,0,458,235,26,34,14,31
frame=5,1,323,44,20,38,9,34
frame=5,2,54,235,17,35,7,31
frame=5,3,194,198,26,36,10,34
frame=5,4,119,375,26,32,10,30
frame=5,5,112,0,20,41,9,36
frame=5,6,221,198,17,36,8,32
frame=5,7,248,122,26,37,14,35

[hit]
frames=2
duration=300ms
type=play_once
frame=0,0,485,235,12,34,5,32
frame=0,1,275,122,20,37,9,35
frame=0,2,64,341,17,33,7,32
frame=0,3,344,44,20,38,9,36
frame=0,4,498,235,12,34,5,31
frame=0,5,365,44,20,38,9,36
frame=0,6,0,271,17,34,8,33
frame=0,7,386,44,20,38,9,36
frame=1,0,18,271,12,34,5,32
frame=1,1,296,122,20,37,9,35
frame=1,2,82,341,17,33,7,32
frame=1,3,407,44,20,38,9,36
frame=1,4,31,271,12,34,5,31
frame=1,5,428,44,20,38,9,36
frame=1,6,44,271,17,34,8,33
frame=1,7,449,44,20,38,9,36

[block]
frames=2
duration=300ms
type=play_once
frame=0,0,62,271,12,34,5,32
frame=0,1,317,122,20,37,9,35
frame=0,2,100,341,17,33,7,32
frame=0,3,470,44,18,38,9,36
frame=0,4,75,271,12,34,5,31
frame=0,5,489,44,18,38,7,36
frame=0,6,88,271,17,34,8,33
frame=0,7,0,83,20,38,9,36
frame=1,0,106,271,13,34,5,31
frame=1,1,338,122,19,37,8,34
frame=1,2,118,341,17,33,7,31
frame=1,3,239,198,19,36,9,33
frame=1,4,120,271,13,34,6,30
frame=1,5,21,83,19,38,9,35
frame=1,6,136,341,17,33,8,32
frame=1,7,358,122,19,37,8,34

[cast]
frames=4
duration=600ms
type=play_once
frame=0,0,134,271,12,34,5,32
frame=0,1,378,122,20,37,9,35
frame=0,2,154,341,17,33,7,32
frame=0,3,41,83,20,38,9,36
frame=0,4,147,271,12,34,5,31
frame=0,5,399,122,20,37,9,35
frame=0,6,160,271,17,34,8,33
frame=0,7,420,122,20,37,9,35
frame=1,0,178,271,12,34,5,32
frame=1,1,441,122,20,37,9,36
frame=1,2,172,341,17,33,7,33
frame=1,3,462,122,20,37,9,36
frame=1,4,191,271,12,34,5,32
frame=1,5,62,83,20,38,9,37
frame=1,6,190,341,17,33,8,33
frame=1,7,483,122,20,37,9,36
frame=2,0,204,271,12,34,5,32
frame=2,1,0,160,20,37,9,36
frame=2,2,208,341,17,33,7,33
frame=2,3,21,160,20,37,9,36
frame=2,4,217,271,12,34,5,32
frame=2,5,83,83,20,38,9,37
frame=2,6,226,341,17,33,8,33
frame=2,7,42,160,20,37,9,36
frame=3,0,230,271,12,34,5,32
frame=3,1,63,160,20,37,9,35
frame=3,2,244,341,17,33,7,32
frame=3,3,104,83,20,38,9,36
frame=3,4,243,271,12,34,5,31
frame=3,5,84,160,20,37,9,35
frame=3,6,256,271,17,34,8,33
frame=3,7,105,160,20,37,9,35

[shoot]
frames=4
duration=600ms
type=play_once
frame=0,0,274,271,12,34,5,32
frame=0,1,126,160,20,37,9,35
frame=0,2,262,341,17,33,7,32
frame=0,3,125,83,20,38,9,36
frame=0,4,287,271,12,34,5,31
frame=0,5,147,160,20,37,9,35
frame=0,6,300,271,17,34,8,33
frame=0,7,168,160,20,37,9,35
frame=1,0,318,271,12,34,5,32
frame=1,1,189,160,20,37,9,36
frame=1,2,280,341,17,33,7,33
frame=1,3,210,160,20,37,9,36
frame=1,4,331,271,12,34,5,32
frame=1,5,146,83,20,38,9,37
frame=1,6,298,341,17,33,8,33
frame=1,7,231,160,20,37,9,36
frame=2,0,344,271,12,34,5,32
frame=2,1,252,160,20,37,9,36
frame=2,2,316,341,17,33,7,33
frame=2,3,273,160,20,37,9,36
frame=2,4,357,271,12,34,5,32
frame=2,5,167,83,20,38,9,37
frame=2,6,334,341,17,33,8,33
frame=2,7,294,160,20,37,9,36
frame=3,0,370,271,12,34,5,32
frame=3,1,315,160,20,37,9,35
frame=3,2,352,341,17,33,7,32
frame=3,3,188,83,20,38,9,36
frame=3,4,383,271,12,34,5,31
frame=3,5,336,160,20,37,9,35
frame=3,6,396,271,17,34,8,33
frame=3,7,357,160,20,37,9,35

[die]
frames=6
duration=900ms
type=play_once
frame=0,0,414,271,12,34,5,32
frame=0,1,378,160,20,37,9,35
frame=0,2,370,341,17,33,7,32
frame=0,3,209,83,20,38,9,36
frame=0,4,427,271,12,34,5,31
frame=0,5,230,83,20,38,9,36
frame=0,6,440,271,17,34,8,33
frame=0,7,251,83,20,38,9,36
frame=1,0,458,271,17,34,3,33
frame=1,1,476,271,22,34,6,33
frame=1,2,258,408,17,29,7,28
frame=1,3,0,306,20,34,13,32
frame=1,4,21,306,17,34,12,32
frame=1,5,133,0,22,41,14,40
frame=1,6,399,160,17,37,8,38
frame=1,7,344,0,21,39,5,38
frame=2,0,259,198,28,36,1,35
frame=2,1,194,439,28,26,4,25
frame=2,2,0,467,17,18,7,16
frame=2,3,414,408,27,28,22,25
frame=2,4,72,235,28,35,25,33
frame=2,5,0,0,29,43,23,43
frame=2,6,156,0,17,41,8,43
frame=2,7,195,0,28,40,3,41
frame=3,0,276,408,38,29,-2,28
frame=3,1,98,467,26,17,2,14
frame=3,2,125,467,3,3,2,10
frame=3,3,445,439,26,20,22,15
frame=3,4,146,375,38,32,38,28
frame=3,5,366,0,36,39,32,38
frame=3,6,403,0,17,39,8,41
frame=3,7,417,160,35,37,1,38
frame=4,0,18,467,39,18,-6,9
frame=4,1,223,439,34,25,-1,2
frame=4,2,472,439,17,20,7,2
frame=4,3,44,439,38,27,35,4
frame=4,4,363,439,40,22,43,13
frame=4,5,83,439,35,27,36,23
frame=4,6,442,408,17,28,8,27
frame=4,7,258,439,34,25,-3,23
frame=5,0,58,467,39,18,-6,9
frame=5,1,293,439,34,25,-1,2
frame=5,2,490,439,17,20,7,2
frame=5,3,119,439,38,27,35,4
frame=5,4,404,439,40,22,43,13
frame=5,5,158,439,35,27,36,23
frame=5,6,460,408,17,28,8,27
frame=5,7,328,439,34,25,-3,23
