image=custom_gear_plate_helm.png

[stance]
frames=4
duration=800ms
type=back_forth
frame=0,0,124,86,14,15,7,63
frame=0,1,456,0,17,16,8,63
frame=0,2,139,86,12,15,5,63
frame=0,3,474,0,17,16,7,63
frame=0,4,152,86,14,15,5,63
frame=0,5,492,0,17,16,7,63
frame=0,6,0,0,12,17,5,63
frame=0,7,0,18,17,16,8,63
frame=1,0,431,135,14,14,7,62
frame=1,1,18,18,16,16,8,63
frame=1,2,167,86,12,15,5,63
frame=1,3,35,18,16,16,6,63
frame=1,4,446,135,14,14,5,62
frame=1,5,52,18,16,16,6,62
frame=1,6,69,18,12,16,5,62
frame=1,7,82,18,16,16,8,62
frame=2,0,180,86,13,15,6,63
frame=2,1,99,18,16,16,7,63
frame=2,2,194,86,12,15,5,63
frame=2,3,116,18,16,16,7,63
frame=2,4,207,86,13,15,5,63
frame=2,5,133,18,16,16,7,63
frame=2,6,150,18,12,16,5,63
frame=2,7,163,18,16,16,7,63
frame=3,0,221,86,14,15,7,63
frame=3,1,180,18,17,16,8,63
frame=3,2,236,86,12,15,5,63
frame=3,3,198,18,17,16,7,63
frame=3,4,249,86,14,15,5,63
frame=3,5,216,18,17,16,7,63
frame=3,6,13,0,12,17,5,63
frame=3,7,234,18,17,16,8,63

[run]
frames=8
duration=640ms
type=looped
frame=0,0,252,18,14,16,2,63
frame=0,1,267,18,17,16,5,61
frame=0,2,264,86,12,15,5,60
frame=0,3,285,18,17,16,10,61
frame=0,4,303,18,14,16,10,63
frame=0,5,277,86,17,15,10,64
frame=0,6,318,18,12,16,5,65
frame=0,7,295,86,17,15,5,64
frame=1,0,313,86,14,15,2,62
frame=1,1,26,0,17,17,5,61
frame=1,2,328,86,12,15,5,60
frame=1,3,44,0,17,17,10,61
frame=1,4,341,86,14,15,10,62
frame=1,5,331,18,17,16,10,64
frame=1,6,349,18,12,16,5,65
frame=1,7,362,18,17,16,5,64
frame=2,0,356,86,14,15,2,61
frame=2,1,380,18,17,16,5,60
frame=2,2,371,86,12,15,5,59
frame=2,3,398,18,17,16,10,60
frame=2,4,384,86,14,15,10,61
frame=2,5,399,86,17,15,10,63
frame=2,6,416,18,12,16,5,64
frame=2,7,417,86,17,15,5,63
frame=3,0,435,86,14,15,2,62
frame=3,1,62,0,17,17,5,61
frame=3,2,450,86,12,15,5,60
frame=3,3,80,0,17,17,10,61
frame=3,4,463,86,14,15,10,62
frame=3,5,429,18,17,16,10,64
frame=3,6,447,18,12,16,5,65
frame=3,7,460,18,17,16,5,64
frame=4,0,478,18,14,16,2,63
frame=4,1,493,18,17,16,5,61
frame=4,2,478,86,12,15,5,60
frame=4,3,0,35,17,16,10,61
frame=4,4,18,35,14,16,10,63
frame=4,5,491,86,17,15,10,64
frame=4,6,33,35,12,16,5,65
frame=4,7,0,103,17,15,5,64
frame=5,0,18,103,14,15,2,62
frame=5,1,98,0,17,17,5,61
frame=5,2,33,103,12,15,5,60
frame=5,3,116,0,17,17,10,61
frame=5,4,46,103,14,15,10,62
frame=5,5,46,35,17,16,10,64
frame=5,6,64,35,12,16,5,65
frame=5,7,77,35,17,16,5,64
frame=6,0,61,103,14,15,2,61
frame=6,1,95,35,17,16,5,60
frame=6,2,76,103,12,15,5,59
frame=6,3,113,35,17,16,10,60
frame=6,4,89,103,14,15,10,61
frame=6,5,104,103,17,15,10,63
frame=6,6,131,35,12,16,5,64
frame=6,7,122,103,17,15,5,63
frame=7,0,140,103,14,15,2,62
frame=7,1,134,0,17,17,5,61
frame=7,2,155,103,12,15,5,60
frame=7,3,152,0,17,17,10,61
frame=7,4,168,103,14,15,10,62
frame=7,5,144,35,17,16,10,64
frame=7,6,162,35,12,16,5,65
frame=7,7,175,35,17,16,5,64

[swing]
frames=6
duration=600ms
type=play_once
frame=0,0,183,103,14,15,3,62
frame=0,1,193,35,17,16,5,61
frame=0,2,211,35,12,16,5,61
frame=0,3,224,35,17,16,10,61
frame=0,4,198,103,14,15,9,62
frame=0,5,213,103,17,15,10,63
frame=0,6,242,35,12,16,5,64
frame=0,7,231,103,17,15,5,63
frame=1,0,255,35,15,16,4,62
frame=1,1,271,35,16,16,6,61
frame=1,2,288,35,15,16,7,61
frame=1,3,170,0,17,17,10,62
frame=1,4,249,103,15,15,9,63
frame=1,5,304,35,16,16,8,64
frame=1,6,321,35,15,16,6,64
frame=1,7,265,103,17,15,5,63
frame=2,0,337,35,16,16,5,62
frame=2,1,354,35,16,16,6,61
frame=2,2,371,35,15,16,7,61
frame=2,3,387,35,16,16,9,62
frame=2,4,283,103,16,15,9,63
frame=2,5,300,103,16,15,8,63
frame=2,6,317,103,15,15,6,63
frame=2,7,404,35,16,16,5,63
frame=3,0,333,103,14,15,4,62
frame=3,1,188,0,17,17,6,62
frame=3,2,421,35,13,16,5,61
frame=3,3,435,35,16,16,8,61
frame=3,4,452,35,14,16,8,62
frame=3,5,467,35,17,16,9,63
frame=3,6,485,35,13,16,6,64
frame=3,7,348,103,16,15,6,63
frame=4,0,365,103,16,15,5,63
frame=4,1,0,52,16,16,5,62
frame=4,2,17,52,16,16,6,61
frame=4,3,34,52,15,16,7,61
frame=4,4,50,52,16,16,9,61
frame=4,5,382,103,16,15,9,63
frame=4,6,67,52,16,16,8,64
frame=4,7,84,52,15,16,6,64
frame=5,0,399,103,14,15,3,62
frame=5,1,100,52,17,16,5,61
frame=5,2,118,52,12,16,5,61
frame=5,3,131,52,17,16,10,61
frame=5,4,414,103,14,15,9,62
frame=5,5,429,103,17,15,10,63
frame=5,6,149,52,12,16,5,64
frame=5,7,447,103,17,15,5,63

[hit]
frames=2
duration=300ms
type=play_once
frame=0,0,465,103,14,15,6,63
frame=0,1,162,52,16,16,7,63
frame=0,2,480,103,12,15,5,63
frame=0,3,179,52,16,16,7,63
frame=0,4,493,103,14,15,6,63
frame=0,5,196,52,16,16,7,63
frame=0,6,213,52,12,16,5,63
frame=0,7,226,52,16,16,7,63
frame=1,0,0,119,14,15,6,63
frame=1,1,243,52,16,16,7,63
frame=1,2,15,119,12,15,5,63
frame=1,3,260,52,16,16,7,63
frame=1,4,28,119,14,15,6,63
frame=1,5,277,52,16,16,7,63
frame=1,6,294,52,12,16,5,63
frame=1,7,307,52,16,16,7,63

[block]
frames=2
duration=300ms
type=play_once
frame=0,0,43,119,14,15,6,63
frame=0,1,324,52,16,16,7,63
frame=0,2,58,119,12,15,5,63
frame=0,3,341,52,16,16,7,63
frame=0,4,71,119,14,15,6,63
frame=0,5,358,52,16,16,7,63
frame=0,6,375,52,12,16,5,63
frame=0,7,388,52,16,16,7,63
frame=1,0,86,119,14,15,3,62
frame=1,1,405,52,17,16,5,61
frame=1,2,101,119,12,15,5,60
frame=1,3,423,52,17,16,10,61
frame=1,4,114,119,14,15,9,62
frame=1,5,129,119,17,15,10,63
frame=1,6,441,52,12,16,5,64
frame=1,7,147,119,17,15,5,63

[cast]
frames=4
duration=600ms
type=play_once
frame=0,0,165,119,14,15,6,63
frame=0,1,454,52,16,16,7,63
frame=0,2,180,119,12,15,5,63
frame=0,3,471,52,16,16,7,63
frame=0,4,193,119,14,15,6,63
frame=0,5,488,52,16,16,7,63
frame=0,6,0,69,12,16,5,63
frame=0,7,13,69,16,16,7,63
frame=1,0,208,119,15,15,4,63
frame=1,1,206,0,17,17,6,63
frame=1,2,224,119,12,15,5,62
frame=1,3,224,0,17,17,9,63
frame=1,4,237,119,15,15,9,63
frame=1,5,253,119,17,15,9,65
frame=1,6,30,69,12,16,5,65
frame=1,7,271,119,17,15,6,65
frame=2,0,289,119,15,15,4,63
frame=2,1,242,0,17,17,6,63
frame=2,2,305,119,12,15,5,62
frame=2,3,260,0,17,17,9,63
frame=2,4,318,119,15,15,9,63
frame=2,5,334,119,17,15,9,65
frame=2,6,352,119,12,15,5,65
frame=2,7,365,119,17,15,6,65
frame=3,0,383,119,14,15,6,63
frame=3,1,43,69,16,16,7,63
frame=3,2,398,119,12,15,5,63
frame=3,3,60,69,16,16,7,63
frame=3,4,411,119,14,15,6,63
frame=3,5,77,69,16,16,7,63
frame=3,6,94,69,12,16,5,63
frame=3,7,107,69,16,16,7,63

[shoot]
frames=4
duration=600ms
type=play_once
frame=0,0,426,119,14,15,6,63
frame=0,1,124,69,16,16,7,63
frame=0,2,441,119,12,15,5,63
frame=0,3,141,69,16,16,7,63
frame=0,4,454,119,14,15,6,63
frame=0,5,158,69,16,16,7,63
frame=0,6,175,69,12,16,5,63
frame=0,7,188,69,16,16,7,63
frame=1,0,469,119,15,15,4,63
frame=1,1,278,0,17,17,6,63
frame=1,2,485,119,12,15,5,62
frame=1,3,296,0,17,17,9,63
frame=1,4,0,135,15,15,9,63
frame=1,5,16,135,17,15,9,65
frame=1,6,205,69,12,16,5,65
frame=1,7,34,135,17,15,6,65
frame=2,0,52,135,15,15,4,63
frame=2,1,314,0,17,17,6,63
frame=2,2,68,135,12,15,5,62
frame=2,3,332,0,17,17,9,63
frame=2,4,81,135,15,15,9,63
frame=2,5,97,135,17,15,9,65
frame=2,6,115,135,12,15,5,65
frame=2,7,128,135,17,15,6,65
frame=3,0,146,135,14,15,6,63
frame=3,1,218,69,16,16,7,63
frame=3,2,161,135,12,15,5,63
frame=3,3,235,69,16,16,7,63
frame=3,4,174,135,14,15,6,63
frame=3,5,252,69,16,16,7,63
frame=3,6,269,69,12,16,5,63
frame=3,7,282,69,16,16,7,63

[die]
frames=6
duration=900ms
type=play_once
frame=0,0,189,135,14,15,6,63
frame=0,1,299,69,16,16,7,63
frame=0,2,204,135,12,15,5,63
frame=0,3,316,69,16,16,7,63
frame=0,4,217,135,14,15,6,63
frame=0,5,333,69,16,16,7,63
frame=0,6,350,69,12,16,5,63
frame=0,7,363,69,16,16,7,63
frame=1,0,232,135,14,15,-6,63
frame=1,1,350,0,17,17,-1,59
frame=1,2,380,69,12,16,5,57
frame=1,3,368,0,17,17,16,59
frame=1,4,247,135,14,15,18,63
frame=1,5,262,135,17,15,16,67
frame=1,6,280,135,12,15,5,69
frame=1,7,293,135,17,15,-1,67
frame=2,0,393,69,16,16,-27,56
frame=2,1,386,0,17,17,-16,44
frame=2,2,410,69,12,16,5,39
frame=2,3,404,0,17,17,31,44
frame=2,4,423,69,16,16,41,56
frame=2,5,311,135,17,15,31,68
frame=2,6,461,135,12,14,5,73
frame=2,7,329,135,17,15,-16,68
frame=3,0,422,0,16,17,-49,37
frame=3,1,440,69,16,16,-32,17
frame=3,2,474,135,12,14,5,8
frame=3,3,457,69,16,16,46,17
frame=3,4,439,0,16,17,63,37
frame=3,5,474,69,16,16,46,57
frame=3,6,487,135,12,13,5,65
frame=3,7,491,69,16,16,-32,57
frame=4,0,0,86,14,16,-61,5
frame=4,1,15,86,15,16,-40,-18
frame=4,2,347,135,12,15,5,-28
frame=4,3,31,86,15,16,53,-18
frame=4,4,47,86,14,16,73,5
frame=4,5,360,135,15,15,53,28
frame=4,6,500,135,6,9,5,38
frame=4,7,376,135,12,15,-43,28
frame=5,0,62,86,14,16,-61,5
frame=5,1,77,86,15,16,-40,-18
frame=5,2,389,135,12,15,5,-28
frame=5,3,93,86,15,16,53,-18
frame=5,4,109,86,14,16,73,5
frame=5,5,402,135,15,15,53,28
frame=5,6,0,151,6,8,5,37
frame=5,7,418,135,12,15,-43,28
