image=custom_gear_plate_boots.png

[stance]
frames=4
duration=800ms
type=back_forth
frame=0,0,286,255,12,18,7,12
frame=0,1,120,167,17,21,9,15
frame=0,2,453,234,16,19,7,15
frame=0,3,109,212,17,20,6,15
frame=0,4,299,255,12,18,3,12
frame=0,5,426,95,17,22,6,15
frame=0,6,138,167,16,21,7,15
frame=0,7,444,95,17,22,9,15
frame=1,0,312,255,12,18,7,12
frame=1,1,155,167,17,21,9,15
frame=1,2,325,255,16,18,7,14
frame=1,3,173,167,17,21,6,15
frame=1,4,342,255,12,18,3,12
frame=1,5,462,95,17,22,6,15
frame=1,6,191,167,16,21,7,15
frame=1,7,480,95,17,22,9,15
frame=2,0,355,255,12,18,7,12
frame=2,1,127,212,17,20,9,15
frame=2,2,470,234,16,19,7,15
frame=2,3,145,212,17,20,6,15
frame=2,4,368,255,12,18,3,12
frame=2,5,0,121,17,22,6,15
frame=2,6,208,167,16,21,7,15
frame=2,7,18,121,17,22,9,15
frame=3,0,381,255,12,18,7,12
frame=3,1,225,167,17,21,9,15
frame=3,2,487,234,16,19,7,15
frame=3,3,163,212,17,20,6,15
frame=3,4,394,255,12,18,3,12
frame=3,5,36,121,17,22,6,15
frame=3,6,243,167,16,21,7,15
frame=3,7,54,121,17,22,9,15

[run]
frames=8
duration=640ms
type=looped
frame=0,0,260,167,21,21,-1,19
frame=0,1,282,167,18,21,2,16
frame=0,2,72,121,16,22,7,16
frame=0,3,129,68,24,25,18,18
frame=0,4,22,39,22,27,20,21
frame=0,5,154,68,15,25,14,22
frame=0,6,0,294,15,15,7,15
frame=0,7,181,212,23,20,3,20
frame=1,0,45,39,37,27,8,22
frame=1,1,245,95,34,23,9,18
frame=1,2,83,39,16,27,7,19
frame=1,3,362,39,24,26,18,19
frame=1,4,205,212,37,20,27,19
frame=1,5,387,39,34,26,23,23
frame=1,6,61,95,15,24,6,20
frame=1,7,340,0,24,30,4,25
frame=2,0,100,39,51,27,18,23
frame=2,1,301,167,45,21,17,18
frame=2,2,365,0,16,30,7,22
frame=2,3,152,39,35,27,21,21
frame=2,4,243,212,51,20,31,20
frame=2,5,212,0,45,33,26,27
frame=2,6,304,0,10,32,1,22
frame=2,7,0,0,35,38,12,29
frame=3,0,399,0,43,28,12,23
frame=3,1,295,212,39,20,13,18
frame=3,2,77,95,16,24,7,19
frame=3,3,347,167,29,21,19,18
frame=3,4,89,121,43,22,29,20
frame=3,5,132,0,39,34,24,28
frame=3,6,377,167,9,21,0,13
frame=3,7,36,0,29,38,8,30
frame=4,0,188,39,22,27,0,21
frame=4,1,170,68,24,25,4,18
frame=4,2,133,121,16,22,7,16
frame=4,3,150,121,18,22,14,17
frame=4,4,387,167,21,21,20,19
frame=4,5,335,212,23,20,18,20
frame=4,6,16,294,15,15,6,15
frame=4,7,195,68,15,25,-1,22
frame=5,0,409,167,37,21,8,19
frame=5,1,211,68,24,25,4,18
frame=5,2,211,39,16,27,7,19
frame=5,3,280,95,34,23,23,18
frame=5,4,228,39,37,27,27,22
frame=5,5,315,0,24,31,18,26
frame=5,6,315,95,15,23,7,19
frame=5,7,422,39,34,26,9,23
frame=6,0,447,167,51,21,18,20
frame=6,1,457,39,35,26,12,20
frame=6,2,382,0,16,30,7,22
frame=6,3,0,190,45,21,26,18
frame=6,4,266,39,51,27,31,23
frame=6,5,66,0,35,38,21,29
frame=6,6,169,121,9,22,7,12
frame=6,7,258,0,45,33,17,27
frame=7,0,179,121,43,22,12,20
frame=7,1,46,190,29,21,8,18
frame=7,2,94,95,16,24,7,19
frame=7,3,359,212,39,20,24,18
frame=7,4,443,0,43,28,29,23
frame=7,5,102,0,29,38,19,30
frame=7,6,76,190,9,21,7,13
frame=7,7,172,0,39,34,13,28

[swing]
frames=6
duration=600ms
type=play_once
frame=0,0,111,95,31,24,19,17
frame=0,1,487,0,21,28,13,20
frame=0,2,236,68,16,25,7,18
frame=0,3,223,121,31,22,11,17
frame=0,4,255,121,31,22,10,17
frame=0,5,253,68,21,25,6,17
frame=0,6,493,39,16,26,7,17
frame=0,7,399,212,31,20,18,14
frame=1,0,275,68,32,25,20,18
frame=1,1,0,68,21,26,13,19
frame=1,2,22,68,16,26,7,19
frame=1,3,287,121,31,22,11,17
frame=1,4,319,121,32,22,10,17
frame=1,5,308,68,21,25,6,17
frame=1,6,39,68,16,26,7,17
frame=1,7,431,212,31,20,18,14
frame=2,0,330,68,31,25,20,18
frame=2,1,318,39,21,27,14,20
frame=2,2,362,68,16,25,7,19
frame=2,3,352,121,30,22,10,17
frame=2,4,383,121,31,22,9,17
frame=2,5,143,95,21,24,5,16
frame=2,6,379,68,16,25,7,16
frame=2,7,463,212,30,20,18,14
frame=3,0,396,68,31,25,20,18
frame=3,1,340,39,21,27,14,20
frame=3,2,428,68,16,25,7,19
frame=3,3,415,121,30,22,10,17
frame=3,4,446,121,31,22,9,17
frame=3,5,165,95,21,24,5,16
frame=3,6,445,68,16,25,7,16
frame=3,7,0,234,30,20,18,14
frame=4,0,462,68,32,25,20,18
frame=4,1,56,68,21,26,13,19
frame=4,2,78,68,16,26,7,19
frame=4,3,478,121,31,22,11,17
frame=4,4,0,144,32,22,10,17
frame=4,5,0,95,21,25,6,17
frame=4,6,95,68,16,26,7,17
frame=4,7,31,234,31,20,18,14
frame=5,0,187,95,31,24,19,17
frame=5,1,0,39,21,28,13,20
frame=5,2,22,95,16,25,7,18
frame=5,3,33,144,31,22,11,17
frame=5,4,65,144,31,22,10,17
frame=5,5,39,95,21,25,6,17
frame=5,6,112,68,16,26,7,17
frame=5,7,63,234,31,20,18,14

[hit]
frames=2
duration=300ms
type=play_once
frame=0,0,407,255,12,18,7,12
frame=0,1,95,234,17,20,9,15
frame=0,2,0,255,16,19,7,15
frame=0,3,113,234,17,20,6,15
frame=0,4,180,275,12,17,3,12
frame=0,5,97,144,17,22,6,15
frame=0,6,86,190,16,21,7,15
frame=0,7,115,144,17,22,9,15
frame=1,0,420,255,12,18,7,12
frame=1,1,131,234,17,20,9,15
frame=1,2,17,255,16,19,7,15
frame=1,3,149,234,17,20,6,15
frame=1,4,193,275,12,17,3,12
frame=1,5,133,144,17,22,6,15
frame=1,6,103,190,16,21,7,15
frame=1,7,151,144,17,22,9,15

[block]
frames=2
duration=300ms
type=play_once
frame=0,0,433,255,12,18,7,12
frame=0,1,167,234,17,20,9,15
frame=0,2,34,255,16,19,7,15
frame=0,3,185,234,17,20,6,15
frame=0,4,206,275,12,17,3,12
frame=0,5,169,144,17,22,6,15
frame=0,6,120,190,16,21,7,15
frame=0,7,187,144,17,22,9,15
frame=1,0,446,255,13,18,7,11
frame=1,1,137,190,18,21,9,14
frame=1,2,51,255,16,19,7,14
frame=1,3,203,234,17,20,6,14
frame=1,4,219,275,13,17,4,11
frame=1,5,205,144,18,22,7,14
frame=1,6,156,190,16,21,7,14
frame=1,7,331,95,17,23,9,15

[cast]
frames=4
duration=600ms
type=play_once
frame=0,0,460,255,12,18,7,12
frame=0,1,221,234,17,20,9,15
frame=0,2,68,255,16,19,7,15
frame=0,3,239,234,17,20,6,15
frame=0,4,233,275,12,17,3,12
frame=0,5,224,144,17,22,6,15
frame=0,6,173,190,16,21,7,15
frame=0,7,242,144,17,22,9,15
frame=1,0,473,255,12,18,7,13
frame=1,1,190,190,17,21,9,16
frame=1,2,85,255,16,19,7,16
frame=1,3,208,190,17,21,6,16
frame=1,4,486,255,12,18,3,13
frame=1,5,260,144,17,22,6,16
frame=1,6,226,190,16,21,7,16
frame=1,7,278,144,17,22,9,16
frame=2,0,499,255,12,18,7,13
frame=2,1,243,190,17,21,9,16
frame=2,2,102,255,16,19,7,16
frame=2,3,261,190,17,21,6,16
frame=2,4,0,275,12,18,3,13
frame=2,5,296,144,17,22,6,16
frame=2,6,279,190,16,21,7,16
frame=2,7,314,144,17,22,9,16
frame=3,0,13,275,12,18,7,12
frame=3,1,257,234,17,20,9,15
frame=3,2,119,255,16,19,7,15
frame=3,3,275,234,17,20,6,15
frame=3,4,246,275,12,17,3,12
frame=3,5,332,144,17,22,6,15
frame=3,6,296,190,16,21,7,15
frame=3,7,350,144,17,22,9,15

[shoot]
frames=4
duration=600ms
type=play_once
frame=0,0,26,275,12,18,7,12
frame=0,1,293,234,17,20,9,15
frame=0,2,136,255,16,19,7,15
frame=0,3,311,234,17,20,6,15
frame=0,4,259,275,12,17,3,12
frame=0,5,368,144,17,22,6,15
frame=0,6,313,190,16,21,7,15
frame=0,7,386,144,17,22,9,15
frame=1,0,39,275,12,18,7,13
frame=1,1,330,190,17,21,9,16
frame=1,2,153,255,16,19,7,16
frame=1,3,348,190,17,21,6,16
frame=1,4,52,275,12,18,3,13
frame=1,5,404,144,17,22,6,16
frame=1,6,366,190,16,21,7,16
frame=1,7,422,144,17,22,9,16
frame=2,0,65,275,12,18,7,13
frame=2,1,383,190,17,21,9,16
frame=2,2,170,255,16,19,7,16
frame=2,3,401,190,17,21,6,16
frame=2,4,78,275,12,18,3,13
frame=2,5,440,144,17,22,6,16
frame=2,6,419,190,16,21,7,16
frame=2,7,458,144,17,22,9,16
frame=3,0,91,275,12,18,7,12
frame=3,1,329,234,17,20,9,15
frame=3,2,187,255,16,19,7,15
frame=3,3,347,234,17,20,6,15
frame=3,4,272,275,12,17,3,12
frame=3,5,476,144,17,22,6,15
frame=3,6,436,190,16,21,7,15
frame=3,7,494,144,17,22,9,15

[die]
frames=6
duration=900ms
type=play_once
frame=0,0,104,275,12,18,7,12
frame=0,1,365,234,17,20,9,15
frame=0,2,204,255,16,19,7,15
frame=0,3,383,234,17,20,6,15
frame=0,4,285,275,12,17,3,12
frame=0,5,0,167,17,22,6,15
frame=0,6,453,190,16,21,7,15
frame=0,7,18,167,17,22,9,15
frame=1,0,401,234,15,20,7,15
frame=1,1,221,255,19,19,9,15
frame=1,2,117,275,16,18,7,15
frame=1,3,417,234,18,20,7,15
frame=1,4,349,95,15,23,6,18
frame=1,5,36,167,19,22,8,17
frame=1,6,470,190,16,21,7,17
frame=1,7,56,167,18,22,9,17
frame=2,0,241,255,20,19,6,15
frame=2,1,427,275,22,16,9,12
frame=2,2,32,294,16,15,7,12
frame=2,3,450,275,20,16,10,11
frame=2,4,365,95,20,23,12,18
frame=2,5,75,167,23,22,12,19
frame=2,6,487,190,16,21,7,19
frame=2,7,99,167,20,22,8,19
frame=3,0,298,275,23,17,4,13
frame=3,1,49,294,24,14,7,10
frame=3,2,120,294,1,1,80,112
frame=3,3,322,275,18,17,10,11
frame=3,4,386,95,22,23,16,17
frame=3,5,219,95,25,24,16,20
frame=3,6,409,95,16,23,7,21
frame=3,7,262,255,23,19,6,17
frame=4,0,74,294,22,14,-1,9
frame=4,1,341,275,17,17,3,8
frame=4,2,471,275,16,16,7,6
frame=4,3,0,212,22,21,17,9
frame=4,4,134,275,22,18,21,11
frame=4,5,23,212,22,21,17,16
frame=4,6,46,212,16,21,7,18
frame=4,7,359,275,24,17,3,14
frame=5,0,97,294,22,14,-1,9
frame=5,1,384,275,17,17,3,8
frame=5,2,488,275,16,16,7,6
frame=5,3,63,212,22,21,17,9
frame=5,4,157,275,22,18,21,11
frame=5,5,86,212,22,21,17,16
frame=5,6,436,234,16,20,7,17
frame=5,7,402,275,24,17,3,14
