image=custom_gear_rod.png

[stance]
frames=4
duration=800ms
type=back_forth
frame=0,0,493,55,12,23,17,52
frame=0,1,448,80,11,21,20,57
frame=0,2,96,163,6,13,13,62
frame=0,3,475,202,8,7,4,65
frame=0,4,0,80,12,23,-7,63
frame=0,5,23,28,11,25,-11,58
frame=0,6,0,0,6,27,-9,53
frame=0,7,95,0,11,26,5,51
frame=1,0,431,28,12,24,17,52
frame=1,1,248,80,10,22,20,57
frame=1,2,103,163,6,13,13,62
frame=1,3,310,211,7,5,3,64
frame=1,4,444,28,12,24,-7,63
frame=1,5,107,0,10,26,-12,58
frame=1,6,118,0,6,26,-9,52
frame=1,7,125,0,10,26,5,50
frame=2,0,457,28,13,24,17,53
frame=2,1,460,80,11,21,20,57
frame=2,2,110,163,6,13,13,62
frame=2,3,484,202,7,7,4,65
frame=2,4,13,80,13,23,-6,63
frame=2,5,136,0,11,26,-11,59
frame=2,6,7,0,6,27,-9,54
frame=2,7,148,0,11,26,5,51
frame=3,0,493,55,12,23,17,52
frame=3,1,448,80,11,21,20,57
frame=3,2,117,163,6,13,13,62
frame=3,3,475,202,8,7,4,65
frame=3,4,0,80,12,23,-7,63
frame=3,5,23,28,11,25,-11,58
frame=3,6,14,0,6,27,-9,53
frame=3,7,160,0,11,26,5,51

[run]
frames=10
duration=660ms
type=looped
frame=0,0,471,28,7,24,14,45
frame=0,1,35,28,7,25,20,51
frame=0,2,43,28,7,25,15,57
frame=0,3,433,163,6,12,3,60
frame=0,4,51,28,7,25,-9,58
frame=0,5,479,28,8,24,-14,52
frame=0,6,488,28,7,24,-10,46
frame=0,7,496,28,7,24,2,43
frame=1,0,59,28,7,25,14,45
frame=1,1,67,28,7,25,20,51
frame=1,2,75,28,7,25,15,57
frame=1,3,440,163,6,12,3,60
frame=1,4,504,28,7,24,-9,57
frame=1,5,0,55,7,24,-15,51
frame=1,6,8,55,7,24,-10,45
frame=1,7,16,55,7,24,2,42
frame=2,0,83,28,8,25,16,47
frame=2,1,24,55,8,24,20,53
frame=2,2,124,163,7,13,14,58
frame=2,3,236,211,7,6,2,61
frame=2,4,33,55,8,24,-10,58
frame=2,5,92,28,8,25,-14,52
frame=2,6,101,28,7,25,-9,46
frame=2,7,109,28,8,25,4,44
frame=3,0,42,55,11,24,19,50
frame=3,1,259,80,10,22,21,55
frame=3,2,132,163,7,13,13,61
frame=3,3,430,126,9,16,1,63
frame=3,4,54,55,11,24,-10,60
frame=3,5,172,0,10,26,-13,54
frame=3,6,183,0,7,26,-8,48
frame=3,7,191,0,10,26,7,47
frame=4,0,27,80,14,23,21,51
frame=4,1,309,126,10,17,21,57
frame=4,2,247,146,7,14,12,62
frame=4,3,162,104,13,20,1,63
frame=4,4,42,80,14,23,-9,60
frame=4,5,202,0,10,26,-13,55
frame=4,6,21,0,7,27,-7,50
frame=4,7,118,28,13,25,10,48
frame=5,0,270,80,15,22,22,51
frame=5,1,440,126,11,16,21,56
frame=5,2,149,146,8,15,12,61
frame=5,3,472,80,14,21,1,63
frame=5,4,66,55,15,24,-9,60
frame=5,5,213,0,11,26,-12,54
frame=5,6,29,0,8,27,-6,49
frame=5,7,132,28,14,25,11,48
frame=6,0,57,80,14,23,21,50
frame=6,1,320,126,10,17,21,55
frame=6,2,255,146,7,14,12,60
frame=6,3,73,126,12,18,1,62
frame=6,4,82,55,14,24,-9,59
frame=6,5,225,0,10,26,-13,53
frame=6,6,38,0,7,27,-7,48
frame=6,7,236,0,13,26,10,47
frame=7,0,97,55,11,24,19,49
frame=7,1,286,80,10,22,21,54
frame=7,2,140,163,7,13,13,60
frame=7,3,452,126,9,16,1,62
frame=7,4,109,55,11,24,-10,59
frame=7,5,250,0,10,26,-13,53
frame=7,6,46,0,7,27,-8,48
frame=7,7,261,0,10,26,7,46
frame=8,0,147,28,8,25,16,48
frame=8,1,121,55,8,24,20,54
frame=8,2,148,163,7,13,14,59
frame=8,3,244,211,7,6,2,62
frame=8,4,130,55,8,24,-10,59
frame=8,5,156,28,8,25,-14,53
frame=8,6,165,28,7,25,-9,47
frame=8,7,173,28,7,25,3,45
frame=9,0,139,55,7,24,14,46
frame=9,1,147,55,7,24,20,52
frame=9,2,331,126,7,17,15,58
frame=9,3,447,163,7,12,3,61
frame=9,4,181,28,7,25,-9,59
frame=9,5,155,55,7,24,-15,53
frame=9,6,189,28,7,25,-10,47
frame=9,7,163,55,7,24,2,44

[swing]
frames=8
duration=640ms
type=play_once
hit=160ms
frame=0,0,339,126,17,17,-14,39
frame=0,1,408,104,9,19,9,37
frame=0,2,156,163,21,13,39,40
frame=0,3,0,202,22,8,47,51
frame=0,4,451,178,17,10,29,65
frame=0,5,178,163,9,13,-2,69
frame=0,6,469,178,24,10,-17,61
frame=0,7,0,191,26,10,-23,47
frame=1,0,455,163,26,12,-19,44
frame=1,1,86,126,16,18,-6,38
frame=1,2,418,104,11,19,18,39
frame=1,3,188,163,21,13,43,44
frame=1,4,0,211,26,7,43,55
frame=1,5,27,191,13,10,20,67
frame=1,6,263,146,12,14,-8,68
frame=1,7,23,202,25,8,-20,56
frame=2,0,49,202,22,8,47,40
frame=2,1,72,202,11,8,34,55
frame=2,2,252,211,4,6,6,59
frame=2,3,27,211,20,7,-15,56
frame=2,4,276,146,23,14,-26,47
frame=2,5,430,104,13,19,-23,36
frame=2,6,176,104,12,20,2,31
frame=2,7,300,146,22,14,33,31
frame=3,0,48,211,12,7,-3,54
frame=3,1,262,191,17,9,-10,49
frame=3,2,462,126,14,16,-12,46
frame=3,3,357,126,12,17,-5,41
frame=3,4,210,163,24,13,13,38
frame=3,5,61,211,26,7,25,39
frame=3,6,235,163,14,13,24,48
frame=3,7,348,211,1,1,80,112
frame=4,0,88,211,15,7,-7,46
frame=4,1,147,178,19,11,-5,43
frame=4,2,323,146,7,14,-8,39
frame=4,3,158,146,21,15,8,39
frame=4,4,84,202,27,8,20,37
frame=4,5,482,163,21,12,22,44
frame=4,6,180,146,5,15,13,50
frame=4,7,280,191,11,9,1,51
frame=5,0,103,126,16,18,15,60
frame=5,1,41,191,13,10,0,59
frame=5,2,55,191,10,10,-10,55
frame=5,3,504,163,8,12,-11,49
frame=5,4,186,146,18,15,-1,45
frame=5,5,487,80,20,21,11,46
frame=5,6,197,28,14,25,18,51
frame=5,7,272,0,9,26,18,57
frame=6,0,54,0,8,27,19,59
frame=6,1,477,126,10,16,13,63
frame=6,2,112,202,8,8,-2,64
frame=6,3,0,104,9,21,-10,60
frame=6,4,10,104,8,21,-13,54
frame=6,5,297,80,12,22,-5,49
frame=6,6,212,28,13,25,8,49
frame=6,7,63,0,9,27,17,53
frame=7,0,171,55,12,24,17,53
frame=7,1,19,104,11,21,20,57
frame=7,2,250,163,6,13,13,62
frame=7,3,257,211,7,6,4,65
frame=7,4,72,80,12,23,-7,63
frame=7,5,282,0,11,26,-11,59
frame=7,6,294,0,6,26,-9,53
frame=7,7,301,0,11,26,5,51

[swing2]
frames=8
duration=680ms
type=play_once
hit=170ms
frame=0,0,331,146,26,14,-5,67
frame=0,1,121,202,23,8,6,60
frame=0,2,292,191,9,9,14,61
frame=0,3,145,202,18,8,28,67
frame=0,4,66,191,26,10,29,77
frame=0,5,120,126,23,18,15,85
frame=0,6,310,80,9,22,-7,85
frame=0,7,189,104,18,20,-12,78
frame=1,0,444,104,16,19,-17,54
frame=1,1,184,55,17,24,-5,49
frame=1,2,313,0,11,26,11,49
frame=1,3,325,0,10,26,26,55
frame=1,4,226,28,15,25,31,64
frame=1,5,208,104,17,20,20,69
frame=1,6,370,126,10,17,-3,69
frame=1,7,488,126,10,16,-18,62
frame=2,0,85,80,18,23,41,29
frame=2,1,144,126,15,18,42,40
frame=2,2,167,178,9,11,20,45
frame=2,3,104,211,5,7,-14,41
frame=2,4,461,104,17,19,-26,42
frame=2,5,202,55,17,24,-27,31
frame=2,6,336,0,10,26,-12,22
frame=2,7,347,0,12,26,17,21
frame=3,0,360,0,7,26,22,23
frame=3,1,31,104,8,21,29,27
frame=3,2,479,104,9,19,20,35
frame=3,3,265,211,4,6,-2,25
frame=3,4,320,80,7,22,-17,36
frame=3,5,328,80,9,22,-22,27
frame=3,6,104,80,10,23,-12,19
frame=3,7,368,0,9,26,6,18
frame=4,0,378,0,7,26,23,23
frame=4,1,386,0,9,26,30,33
frame=4,2,160,126,9,18,20,35
frame=4,3,318,211,4,5,-3,25
frame=4,4,338,80,7,22,-18,37
frame=4,5,115,80,9,23,-23,28
frame=4,6,220,55,10,24,-12,20
frame=4,7,242,28,8,25,6,18
frame=5,0,0,146,20,16,37,24
frame=5,1,177,178,15,11,38,33
frame=5,2,110,211,7,7,18,40
frame=5,3,337,211,3,3,-13,36
frame=5,4,358,146,19,14,-20,37
frame=5,5,40,104,18,21,-22,29
frame=5,6,125,80,8,23,-12,21
frame=5,7,346,80,14,22,16,20
frame=6,0,361,80,17,22,30,47
frame=6,1,251,28,14,25,30,58
frame=6,2,381,126,7,17,14,66
frame=6,3,389,126,9,17,-7,66
frame=6,4,59,104,17,21,-15,58
frame=6,5,21,146,13,16,-19,47
frame=6,6,205,146,7,15,-9,39
frame=6,7,170,126,14,18,14,39
frame=7,0,171,55,12,24,17,53
frame=7,1,19,104,11,21,20,57
frame=7,2,250,163,6,13,13,62
frame=7,3,257,211,7,6,4,65
frame=7,4,72,80,12,23,-7,63
frame=7,5,282,0,11,26,-11,59
frame=7,6,294,0,6,26,-9,53
frame=7,7,301,0,11,26,5,51

[swing3]
frames=8
duration=600ms
type=play_once
hit=150ms
frame=0,0,93,191,22,10,16,34
frame=0,1,302,191,21,9,30,40
frame=0,2,378,146,14,14,28,51
frame=0,3,193,178,9,11,13,58
frame=0,4,116,191,15,10,-3,57
frame=0,5,164,202,26,8,-6,49
frame=0,6,393,146,17,14,-13,44
frame=0,7,411,146,10,14,-6,37
frame=1,0,257,163,21,13,12,33
frame=1,1,118,211,24,7,28,35
frame=1,2,203,178,14,11,28,45
frame=1,3,143,211,7,7,14,53
frame=1,4,191,202,12,8,-2,53
frame=1,5,324,191,26,9,-4,48
frame=1,6,35,146,17,16,-13,44
frame=1,7,185,126,9,18,-9,39
frame=2,0,422,146,20,14,49,56
frame=2,1,213,146,9,15,26,71
frame=2,2,223,146,14,15,-4,73
frame=2,3,0,178,23,12,-24,62
frame=2,4,204,202,23,8,-28,44
frame=2,5,218,178,9,11,-19,33
frame=2,6,228,178,16,11,16,30
frame=2,7,228,202,24,8,45,38
frame=3,0,443,146,19,14,49,57
frame=3,1,53,146,8,16,24,71
frame=3,2,463,146,15,14,-6,71
frame=3,3,245,178,24,11,-25,59
frame=3,4,351,191,22,9,-29,42
frame=3,5,24,178,9,12,-17,31
frame=3,6,132,191,17,10,19,28
frame=3,7,253,202,23,8,47,38
frame=4,0,443,146,19,14,49,57
frame=4,1,53,146,8,16,24,71
frame=4,2,463,146,15,14,-6,71
frame=4,3,245,178,24,11,-25,59
frame=4,4,351,191,22,9,-29,42
frame=4,5,24,178,9,12,-17,31
frame=4,6,132,191,17,10,19,28
frame=4,7,253,202,23,8,47,38
frame=5,0,226,104,19,20,46,58
frame=5,1,246,104,11,20,28,72
frame=5,2,479,146,10,14,-2,75
frame=5,3,195,126,20,18,-21,66
frame=5,4,279,163,22,13,-26,50
frame=5,5,151,211,11,7,-19,35
frame=5,6,277,202,13,8,10,32
frame=5,7,302,163,21,13,39,41
frame=6,0,231,55,9,24,26,55
frame=6,1,396,0,7,26,24,65
frame=6,2,379,80,7,22,10,71
frame=6,3,266,28,7,25,-9,70
frame=6,4,241,55,9,24,-19,62
frame=6,5,134,80,8,23,-18,53
frame=6,6,143,80,7,23,-5,47
frame=6,7,151,80,8,23,14,48
frame=7,0,171,55,12,24,17,53
frame=7,1,19,104,11,21,20,57
frame=7,2,250,163,6,13,13,62
frame=7,3,257,211,7,6,4,65
frame=7,4,72,80,12,23,-7,63
frame=7,5,282,0,11,26,-11,59
frame=7,6,294,0,6,26,-9,53
frame=7,7,301,0,11,26,5,51

[hit]
frames=2
duration=300ms
type=play_once
frame=0,0,160,80,13,23,17,53
frame=0,1,258,104,11,20,20,57
frame=0,2,324,163,6,13,13,62
frame=0,3,270,211,7,6,4,65
frame=0,4,251,55,13,24,-6,64
frame=0,5,404,0,11,26,-11,59
frame=0,6,73,0,6,27,-9,54
frame=0,7,416,0,11,26,5,52
frame=1,0,174,80,13,23,17,53
frame=1,1,270,104,11,20,20,57
frame=1,2,331,163,6,13,13,62
frame=1,3,278,211,7,6,4,65
frame=1,4,251,55,13,24,-6,64
frame=1,5,428,0,11,26,-11,59
frame=1,6,80,0,6,27,-9,54
frame=1,7,440,0,11,26,5,52

[block]
frames=2
duration=300ms
type=play_once
frame=0,0,265,55,10,24,12,51
frame=0,1,188,80,9,23,17,55
frame=0,2,270,178,6,11,13,60
frame=0,3,323,211,7,5,5,63
frame=0,4,276,55,10,24,-4,62
frame=0,5,274,28,9,25,-10,58
frame=0,6,452,0,6,26,-9,53
frame=0,7,284,28,8,25,1,50
frame=1,0,150,191,27,10,17,52
frame=1,1,374,191,21,9,20,54
frame=1,2,277,178,6,11,13,59
frame=1,3,291,202,21,8,14,61
frame=1,4,178,191,27,10,8,63
frame=1,5,399,126,21,17,-1,63
frame=1,6,282,104,6,20,-9,60
frame=1,7,216,126,21,18,5,56

[cast]
frames=6
duration=600ms
type=play_once
hit=300ms
frame=0,0,284,178,26,11,17,45
frame=0,1,238,126,19,18,19,52
frame=0,2,77,104,8,21,13,58
frame=0,3,338,163,13,13,13,54
frame=0,4,206,191,26,10,7,54
frame=0,5,163,211,12,7,-9,49
frame=0,6,311,178,8,11,-7,48
frame=0,7,313,202,22,8,7,44
frame=1,0,34,178,27,12,17,43
frame=1,1,258,126,21,18,19,49
frame=1,2,387,80,7,22,12,55
frame=1,3,320,178,10,11,13,48
frame=1,4,62,178,27,12,8,52
frame=1,5,286,211,11,6,-10,46
frame=1,6,336,202,6,8,-7,42
frame=1,7,396,191,21,9,6,42
frame=2,0,331,178,26,11,17,42
frame=2,1,280,126,21,18,19,49
frame=2,2,86,104,7,21,12,54
frame=2,3,62,146,15,16,12,53
frame=2,4,358,178,26,11,7,51
frame=2,5,298,211,11,6,-10,45
frame=2,6,343,202,6,8,-7,41
frame=2,7,418,191,20,9,6,42
frame=3,0,94,104,21,21,14,63
frame=3,1,490,146,19,14,25,65
frame=3,2,90,178,11,12,24,71
frame=3,3,385,178,12,11,16,77
frame=3,4,78,146,21,16,5,80
frame=3,5,395,80,20,22,-8,78
frame=3,6,293,28,11,25,-15,72
frame=3,7,305,28,13,25,-5,66
frame=4,0,289,104,22,20,12,62
frame=4,1,0,163,21,14,25,63
frame=4,2,439,191,11,9,24,68
frame=4,3,451,191,12,9,19,75
frame=4,4,22,163,22,14,8,80
frame=4,5,116,104,21,21,-6,79
frame=4,6,319,28,12,25,-15,74
frame=4,7,332,28,14,25,-7,67
frame=5,0,171,55,12,24,17,53
frame=5,1,19,104,11,21,20,57
frame=5,2,250,163,6,13,13,62
frame=5,3,257,211,7,6,4,65
frame=5,4,72,80,12,23,-7,63
frame=5,5,282,0,11,26,-11,59
frame=5,6,294,0,6,26,-9,53
frame=5,7,301,0,11,26,5,51

[shoot]
frames=7
duration=700ms
type=play_once
hit=300ms
frame=0,0,287,55,7,24,11,41
frame=0,1,347,28,7,25,25,48
frame=0,2,295,55,7,24,26,57
frame=0,3,303,55,6,24,13,64
frame=0,4,312,104,7,20,-6,64
frame=0,5,310,55,7,24,-20,58
frame=0,6,318,55,7,24,-21,48
frame=0,7,326,55,7,24,-8,41
frame=1,0,355,28,7,25,7,42
frame=1,1,334,55,7,24,23,46
frame=1,2,342,55,7,24,27,55
frame=1,3,350,55,7,24,17,63
frame=1,4,320,104,6,20,-2,65
frame=1,5,363,28,7,25,-18,61
frame=1,6,371,28,7,25,-22,52
frame=1,7,379,28,7,25,-12,44
frame=2,0,355,28,7,25,7,42
frame=2,1,334,55,7,24,23,46
frame=2,2,342,55,7,24,27,55
frame=2,3,350,55,7,24,17,63
frame=2,4,327,104,6,20,-2,65
frame=2,5,363,28,7,25,-18,61
frame=2,6,371,28,7,25,-22,52
frame=2,7,379,28,7,25,-12,44
frame=3,0,387,28,12,25,10,48
frame=3,1,198,80,14,23,26,52
frame=3,2,334,104,12,20,29,59
frame=3,3,331,211,5,5,15,66
frame=3,4,138,104,12,21,0,69
frame=3,5,213,80,14,23,-14,65
frame=3,6,459,0,12,26,-19,58
frame=3,7,472,0,6,26,-11,50
frame=4,0,400,28,10,25,9,46
frame=4,1,228,80,12,23,25,50
frame=4,2,151,104,10,21,28,58
frame=4,3,302,126,6,18,16,65
frame=4,4,416,80,10,22,-1,68
frame=4,5,358,55,12,24,-15,64
frame=4,6,479,0,10,26,-20,56
frame=4,7,490,0,7,26,-11,48
frame=5,0,350,202,25,8,16,39
frame=5,1,100,146,25,16,25,47
frame=5,2,347,104,14,20,20,55
frame=5,3,376,202,6,8,13,47
frame=5,4,233,191,13,10,-5,57
frame=5,5,383,202,21,8,-6,50
frame=5,6,464,191,14,9,-8,45
frame=5,7,247,191,14,10,-1,41
frame=6,0,171,55,12,24,17,53
frame=6,1,19,104,11,21,20,57
frame=6,2,352,163,6,13,13,62
frame=6,3,257,211,7,6,4,65
frame=6,4,72,80,12,23,-7,63
frame=6,5,282,0,11,26,-11,59
frame=6,6,498,0,6,26,-9,53
frame=6,7,301,0,11,26,5,51

[die]
frames=6
duration=900ms
type=play_once
frame=0,0,371,55,8,24,13,49
frame=0,1,411,28,7,25,18,55
frame=0,2,398,178,6,11,13,60
frame=0,3,341,211,6,3,2,62
frame=0,4,380,55,8,24,-7,60
frame=0,5,389,55,8,24,-12,55
frame=0,6,241,80,6,23,-9,49
frame=0,7,398,55,8,24,3,47
frame=1,0,489,104,11,19,5,51
frame=1,1,501,104,7,19,10,52
frame=1,2,45,163,10,14,15,56
frame=1,3,176,211,7,7,12,61
frame=1,4,419,28,11,25,4,63
frame=1,5,87,0,7,27,-5,62
frame=1,6,0,28,12,26,-5,58
frame=1,7,407,55,12,24,-2,54
frame=2,0,102,178,20,12,-10,47
frame=2,1,405,202,9,8,-4,40
frame=2,2,479,191,14,9,16,41
frame=2,3,126,146,22,16,30,50
frame=2,4,427,80,20,22,28,61
frame=2,5,13,28,9,26,11,68
frame=2,6,420,55,16,24,-2,67
frame=2,7,0,126,22,19,-10,58
frame=3,0,123,178,23,12,-32,34
frame=3,1,238,146,8,15,-21,22
frame=3,2,56,163,19,14,18,19
frame=3,3,184,211,27,7,49,25
frame=3,4,359,163,23,13,53,45
frame=3,5,421,126,8,17,27,61
frame=3,6,76,163,19,14,-1,62
frame=3,7,415,202,27,8,-24,50
frame=4,0,437,55,15,24,-53,14
frame=4,1,453,55,11,24,-30,-5
frame=4,2,362,104,22,20,20,-12
frame=4,3,383,163,24,13,60,-4
frame=4,4,443,202,15,8,66,16
frame=4,5,212,211,11,7,39,35
frame=4,6,405,178,22,11,0,42
frame=4,7,23,126,24,19,-38,34
frame=5,0,465,55,15,24,-53,14
frame=5,1,481,55,11,24,-30,-5
frame=5,2,385,104,22,20,20,-13
frame=5,3,408,163,24,13,60,-4
frame=5,4,459,202,15,8,66,16
frame=5,5,224,211,11,7,39,35
frame=5,6,428,178,22,11,0,42
frame=5,7,48,126,24,19,-38,34
