image=custom_gear_rod_purple_smear.png

[stance]
frames=1
duration=100ms
type=play_once
frame=0,0,317,158,1,1,80,112
frame=0,1,317,158,1,1,80,112
frame=0,2,317,158,1,1,80,112
frame=0,3,317,158,1,1,80,112
frame=0,4,317,158,1,1,80,112
frame=0,5,317,158,1,1,80,112
frame=0,6,317,158,1,1,80,112
frame=0,7,317,158,1,1,80,112

[swing]
frames=8
duration=640ms
type=play_once
frame=0,0,317,158,1,1,80,112
frame=0,1,317,158,1,1,80,112
frame=0,2,317,158,1,1,80,112
frame=0,3,317,158,1,1,80,112
frame=0,4,317,158,1,1,80,112
frame=0,5,317,158,1,1,80,112
frame=0,6,317,158,1,1,80,112
frame=0,7,317,158,1,1,80,112
frame=1,0,317,158,1,1,80,112
frame=1,1,317,158,1,1,80,112
frame=1,2,317,158,1,1,80,112
frame=1,3,317,158,1,1,80,112
frame=1,4,317,158,1,1,80,112
frame=1,5,317,158,1,1,80,112
frame=1,6,317,158,1,1,80,112
frame=1,7,317,158,1,1,80,112
frame=2,0,210,128,90,18,46,38
frame=2,1,346,80,68,31,47,52
frame=2,2,69,80,42,39,47,61
frame=2,3,242,80,75,32,46,66
frame=2,4,0,128,90,29,42,69
frame=2,5,0,80,68,47,19,69
frame=2,6,289,0,42,53,-7,66
frame=2,7,112,80,75,39,27,55
frame=3,0,301,128,56,18,46,54
frame=3,1,195,158,58,11,32,57
frame=3,2,166,128,24,26,-9,59
frame=3,3,135,128,30,27,-11,53
frame=3,4,418,128,56,16,9,37
frame=3,5,358,128,59,18,24,34
frame=3,6,207,80,34,33,31,46
frame=3,7,318,80,27,32,39,52
frame=4,0,317,158,1,1,80,112
frame=4,1,317,158,1,1,80,112
frame=4,2,317,158,1,1,80,112
frame=4,3,317,158,1,1,80,112
frame=4,4,317,158,1,1,80,112
frame=4,5,317,158,1,1,80,112
frame=4,6,317,158,1,1,80,112
frame=4,7,317,158,1,1,80,112
frame=5,0,317,158,1,1,80,112
frame=5,1,317,158,1,1,80,112
frame=5,2,317,158,1,1,80,112
frame=5,3,317,158,1,1,80,112
frame=5,4,317,158,1,1,80,112
frame=5,5,317,158,1,1,80,112
frame=5,6,317,158,1,1,80,112
frame=5,7,317,158,1,1,80,112
frame=6,0,317,158,1,1,80,112
frame=6,1,317,158,1,1,80,112
frame=6,2,317,158,1,1,80,112
frame=6,3,317,158,1,1,80,112
frame=6,4,317,158,1,1,80,112
frame=6,5,317,158,1,1,80,112
frame=6,6,317,158,1,1,80,112
frame=6,7,317,158,1,1,80,112
frame=7,0,317,158,1,1,80,112
frame=7,1,317,158,1,1,80,112
frame=7,2,317,158,1,1,80,112
frame=7,3,317,158,1,1,80,112
frame=7,4,317,158,1,1,80,112
frame=7,5,317,158,1,1,80,112
frame=7,6,317,158,1,1,80,112
frame=7,7,317,158,1,1,80,112

[swing2]
frames=8
duration=680ms
type=play_once
frame=0,0,317,158,1,1,80,112
frame=0,1,317,158,1,1,80,112
frame=0,2,317,158,1,1,80,112
frame=0,3,317,158,1,1,80,112
frame=0,4,317,158,1,1,80,112
frame=0,5,317,158,1,1,80,112
frame=0,6,317,158,1,1,80,112
frame=0,7,317,158,1,1,80,112
frame=1,0,317,158,1,1,80,112
frame=1,1,317,158,1,1,80,112
frame=1,2,317,158,1,1,80,112
frame=1,3,317,158,1,1,80,112
frame=1,4,317,158,1,1,80,112
frame=1,5,317,158,1,1,80,112
frame=1,6,317,158,1,1,80,112
frame=1,7,317,158,1,1,80,112
frame=2,0,206,0,82,55,48,70
frame=2,1,415,0,69,49,48,76
frame=2,2,138,0,17,62,20,86
frame=2,3,156,0,49,59,27,89
frame=2,4,332,0,82,52,32,86
frame=2,5,68,0,69,68,19,84
frame=2,6,0,0,17,79,-5,81
frame=2,7,18,0,49,73,20,75
frame=3,0,254,158,18,11,38,9
frame=3,1,475,128,14,16,40,25
frame=3,2,39,158,2,14,18,37
frame=3,3,317,158,1,1,80,112
frame=3,4,273,158,16,10,-23,27
frame=3,5,290,158,13,9,-28,15
frame=3,6,319,158,2,1,-18,-3
frame=3,7,304,158,12,9,14,2
frame=4,0,317,158,1,1,80,112
frame=4,1,317,158,1,1,80,112
frame=4,2,317,158,1,1,80,112
frame=4,3,317,158,1,1,80,112
frame=4,4,317,158,1,1,80,112
frame=4,5,317,158,1,1,80,112
frame=4,6,317,158,1,1,80,112
frame=4,7,317,158,1,1,80,112
frame=5,0,317,158,1,1,80,112
frame=5,1,317,158,1,1,80,112
frame=5,2,317,158,1,1,80,112
frame=5,3,317,158,1,1,80,112
frame=5,4,317,158,1,1,80,112
frame=5,5,317,158,1,1,80,112
frame=5,6,317,158,1,1,80,112
frame=5,7,317,158,1,1,80,112
frame=6,0,317,158,1,1,80,112
frame=6,1,317,158,1,1,80,112
frame=6,2,317,158,1,1,80,112
frame=6,3,317,158,1,1,80,112
frame=6,4,317,158,1,1,80,112
frame=6,5,317,158,1,1,80,112
frame=6,6,317,158,1,1,80,112
frame=6,7,317,158,1,1,80,112
frame=7,0,317,158,1,1,80,112
frame=7,1,317,158,1,1,80,112
frame=7,2,317,158,1,1,80,112
frame=7,3,317,158,1,1,80,112
frame=7,4,317,158,1,1,80,112
frame=7,5,317,158,1,1,80,112
frame=7,6,317,158,1,1,80,112
frame=7,7,317,158,1,1,80,112

[swing3]
frames=8
duration=600ms
type=play_once
frame=0,0,317,158,1,1,80,112
frame=0,1,317,158,1,1,80,112
frame=0,2,317,158,1,1,80,112
frame=0,3,317,158,1,1,80,112
frame=0,4,317,158,1,1,80,112
frame=0,5,317,158,1,1,80,112
frame=0,6,317,158,1,1,80,112
frame=0,7,317,158,1,1,80,112
frame=1,0,317,158,1,1,80,112
frame=1,1,317,158,1,1,80,112
frame=1,2,317,158,1,1,80,112
frame=1,3,317,158,1,1,80,112
frame=1,4,317,158,1,1,80,112
frame=1,5,317,158,1,1,80,112
frame=1,6,317,158,1,1,80,112
frame=1,7,317,158,1,1,80,112
frame=2,0,91,128,43,28,49,50
frame=2,1,188,80,18,37,39,66
frame=2,2,415,80,38,30,27,70
frame=2,3,42,158,52,14,12,61
frame=2,4,151,158,43,12,-8,51
frame=2,5,191,128,18,21,-23,44
frame=2,6,0,158,38,16,9,34
frame=2,7,95,158,55,14,41,32
frame=3,0,317,158,1,1,80,112
frame=3,1,317,158,1,1,80,112
frame=3,2,317,158,1,1,80,112
frame=3,3,317,158,1,1,80,112
frame=3,4,317,158,1,1,80,112
frame=3,5,317,158,1,1,80,112
frame=3,6,317,158,1,1,80,112
frame=3,7,317,158,1,1,80,112
frame=4,0,317,158,1,1,80,112
frame=4,1,317,158,1,1,80,112
frame=4,2,317,158,1,1,80,112
frame=4,3,317,158,1,1,80,112
frame=4,4,317,158,1,1,80,112
frame=4,5,317,158,1,1,80,112
frame=4,6,317,158,1,1,80,112
frame=4,7,317,158,1,1,80,112
frame=5,0,317,158,1,1,80,112
frame=5,1,317,158,1,1,80,112
frame=5,2,317,158,1,1,80,112
frame=5,3,317,158,1,1,80,112
frame=5,4,317,158,1,1,80,112
frame=5,5,317,158,1,1,80,112
frame=5,6,317,158,1,1,80,112
frame=5,7,317,158,1,1,80,112
frame=6,0,317,158,1,1,80,112
frame=6,1,317,158,1,1,80,112
frame=6,2,317,158,1,1,80,112
frame=6,3,317,158,1,1,80,112
frame=6,4,317,158,1,1,80,112
frame=6,5,317,158,1,1,80,112
frame=6,6,317,158,1,1,80,112
frame=6,7,317,158,1,1,80,112
frame=7,0,317,158,1,1,80,112
frame=7,1,317,158,1,1,80,112
frame=7,2,317,158,1,1,80,112
frame=7,3,317,158,1,1,80,112
frame=7,4,317,158,1,1,80,112
frame=7,5,317,158,1,1,80,112
frame=7,6,317,158,1,1,80,112
frame=7,7,317,158,1,1,80,112
