image=custom_gear_rod_purple.png

[stance]
frames=4
duration=800ms
type=back_forth
frame=0,0,28,54,12,23,17,52
frame=0,1,409,54,11,21,20,57
frame=0,2,200,121,6,13,13,62
frame=0,3,32,160,8,7,4,65
frame=0,4,41,54,12,23,-7,63
frame=0,5,392,0,11,25,-11,58
frame=0,6,0,0,6,27,-9,53
frame=0,7,91,0,11,26,5,51
frame=1,0,85,28,12,24,17,52
frame=1,1,193,54,10,22,20,57
frame=1,2,207,121,6,13,13,62
frame=1,3,205,160,7,5,3,64
frame=1,4,98,28,12,24,-7,63
frame=1,5,103,0,10,26,-12,58
frame=1,6,114,0,6,26,-9,52
frame=1,7,121,0,10,26,5,50
frame=2,0,111,28,13,24,17,53
frame=2,1,421,54,11,21,20,57
frame=2,2,214,121,6,13,13,62
frame=2,3,41,160,7,7,4,65
frame=2,4,54,54,13,23,-6,63
frame=2,5,132,0,11,26,-11,59
frame=2,6,7,0,6,27,-9,54
frame=2,7,144,0,11,26,5,51
frame=3,0,68,54,12,23,17,52
frame=3,1,433,54,11,21,20,57
frame=3,2,221,121,6,13,13,62
frame=3,3,49,160,8,7,4,65
frame=3,4,81,54,12,23,-7,63
frame=3,5,404,0,11,25,-11,58
frame=3,6,14,0,6,27,-9,53
frame=3,7,156,0,11,26,5,51

[run]
frames=8
duration=640ms
type=looped
frame=0,0,204,54,17,22,16,54
frame=0,1,165,79,13,19,19,57
frame=0,2,87,121,6,14,13,61
frame=0,3,253,101,12,16,7,64
frame=0,4,222,54,17,22,-1,64
frame=0,5,416,0,13,25,-8,61
frame=0,6,21,0,6,27,-9,57
frame=0,7,168,0,13,26,4,54
frame=1,0,179,79,21,19,18,54
frame=1,1,94,121,16,14,20,56
frame=1,2,457,121,6,12,13,61
frame=1,3,228,121,15,13,9,64
frame=1,4,201,79,21,19,1,65
frame=1,5,430,0,16,25,-6,63
frame=1,6,28,0,6,27,-9,59
frame=1,7,125,28,16,24,5,55
frame=2,0,223,79,22,19,18,54
frame=2,1,244,121,17,13,21,56
frame=2,2,280,137,6,10,13,60
frame=2,3,262,121,17,13,10,63
frame=2,4,246,79,22,19,2,65
frame=2,5,142,28,17,24,-6,63
frame=2,6,182,0,6,26,-9,59
frame=2,7,160,28,17,24,5,55
frame=3,0,269,79,21,19,18,54
frame=3,1,111,121,16,14,20,56
frame=3,2,126,137,6,11,13,61
frame=3,3,280,121,15,13,9,64
frame=3,4,291,79,21,19,1,65
frame=3,5,447,0,16,25,-6,63
frame=3,6,35,0,6,27,-9,59
frame=3,7,178,28,16,24,5,55
frame=4,0,240,54,17,22,16,54
frame=4,1,313,79,13,19,19,57
frame=4,2,128,121,6,14,13,61
frame=4,3,266,101,12,16,7,64
frame=4,4,258,54,17,22,-1,64
frame=4,5,464,0,13,25,-8,61
frame=4,6,42,0,6,27,-9,57
frame=4,7,189,0,13,26,4,54
frame=5,0,195,28,13,24,14,52
frame=5,1,445,54,11,21,18,55
frame=5,2,296,121,6,13,13,60
frame=5,3,58,160,7,7,6,63
frame=5,4,209,28,13,24,-3,63
frame=5,5,203,0,11,26,-9,59
frame=5,6,215,0,6,26,-9,54
frame=5,7,478,0,11,25,3,51
frame=6,0,223,28,10,24,12,50
frame=6,1,276,54,9,22,17,54
frame=6,2,303,121,6,13,13,59
frame=6,3,180,160,8,6,6,62
frame=6,4,234,28,10,24,-4,61
frame=6,5,490,0,9,25,-10,57
frame=6,6,222,0,6,26,-9,52
frame=6,7,500,0,10,25,2,49
frame=7,0,245,28,13,24,14,52
frame=7,1,457,54,11,21,18,55
frame=7,2,310,121,6,13,13,60
frame=7,3,66,160,7,7,6,63
frame=7,4,259,28,13,24,-3,63
frame=7,5,229,0,11,26,-9,59
frame=7,6,241,0,6,26,-9,54
frame=7,7,0,28,11,25,3,51

[swing]
frames=6
duration=600ms
type=play_once
frame=0,0,94,54,13,23,16,54
frame=0,1,469,54,10,21,19,58
frame=0,2,279,101,6,16,13,63
frame=0,3,25,101,11,18,5,66
frame=0,4,273,28,13,24,-5,65
frame=0,5,12,28,10,25,-11,60
frame=0,6,248,0,6,26,-9,55
frame=0,7,255,0,11,26,4,53
frame=1,0,133,137,24,11,20,59
frame=1,1,74,160,17,7,20,61
frame=1,2,117,150,10,8,14,66
frame=1,3,128,150,22,8,10,69
frame=1,4,286,101,24,16,2,71
frame=1,5,286,54,17,22,-5,69
frame=1,6,108,54,11,23,-5,65
frame=1,7,37,101,22,18,10,61
frame=2,0,151,150,26,8,17,59
frame=2,1,317,121,14,13,16,65
frame=2,2,135,121,13,14,16,70
frame=2,3,459,137,25,9,15,70
frame=2,4,158,137,26,11,7,72
frame=2,5,178,101,15,17,-4,71
frame=2,6,194,101,13,17,-5,67
frame=2,7,332,121,25,13,8,62
frame=3,0,23,28,11,25,16,54
frame=3,1,120,54,10,23,21,59
frame=3,2,60,101,7,18,15,64
frame=3,3,287,137,7,10,4,67
frame=3,4,287,28,10,24,-7,66
frame=3,5,267,0,10,26,-13,61
frame=3,6,278,0,7,26,-10,55
frame=3,7,286,0,8,26,2,52
frame=4,0,327,79,16,19,11,42
frame=4,1,131,54,16,23,19,47
frame=4,2,49,0,11,27,18,54
frame=4,3,61,0,7,27,10,58
frame=4,4,358,121,10,13,-3,57
frame=4,5,208,101,13,17,-8,52
frame=4,6,311,101,10,16,-10,46
frame=4,7,322,101,10,16,-2,42
frame=5,0,298,28,13,24,16,54
frame=5,1,480,54,10,21,19,58
frame=5,2,333,101,6,16,13,63
frame=5,3,485,137,8,9,5,66
frame=5,4,312,28,13,24,-5,65
frame=5,5,35,28,10,25,-11,60
frame=5,6,295,0,6,26,-9,55
frame=5,7,302,0,11,26,4,53

[hit]
frames=2
duration=300ms
type=play_once
frame=0,0,148,54,13,23,17,53
frame=0,1,88,79,11,20,20,57
frame=0,2,369,121,6,13,13,62
frame=0,3,189,160,7,6,4,65
frame=0,4,326,28,13,24,-6,64
frame=0,5,314,0,11,26,-11,59
frame=0,6,69,0,6,27,-9,54
frame=0,7,326,0,11,26,5,52
frame=1,0,162,54,13,23,17,53
frame=1,1,100,79,11,20,20,57
frame=1,2,376,121,6,13,13,62
frame=1,3,197,160,7,6,4,65
frame=1,4,340,28,13,24,-6,64
frame=1,5,338,0,11,26,-11,59
frame=1,6,76,0,6,27,-9,54
frame=1,7,350,0,11,26,5,52

[block]
frames=2
duration=300ms
type=play_once
frame=0,0,354,28,10,24,12,51
frame=0,1,176,54,9,23,17,55
frame=0,2,185,137,6,11,13,60
frame=0,3,213,160,7,5,5,63
frame=0,4,365,28,10,24,-4,62
frame=0,5,46,28,9,25,-10,58
frame=0,6,362,0,6,26,-9,53
frame=0,7,56,28,8,25,1,50
frame=1,0,295,137,27,10,17,52
frame=1,1,0,150,21,9,20,54
frame=1,2,192,137,6,11,13,59
frame=1,3,178,150,21,8,14,61
frame=1,4,323,137,27,10,8,63
frame=1,5,222,101,21,17,-1,63
frame=1,6,112,79,6,20,-9,60
frame=1,7,68,101,21,18,5,56

[cast]
frames=4
duration=600ms
type=play_once
frame=0,0,340,101,25,16,24,54
frame=0,1,22,150,19,9,25,57
frame=0,2,92,160,6,7,13,61
frame=0,3,200,150,20,8,8,64
frame=0,4,467,101,25,15,-1,64
frame=0,5,491,54,19,21,-8,61
frame=0,6,376,28,6,24,-9,57
frame=0,7,304,54,20,22,10,54
frame=1,0,464,121,26,12,16,59
frame=1,1,90,101,21,18,20,65
frame=1,2,0,79,6,21,13,71
frame=1,3,344,79,21,19,14,73
frame=1,4,351,137,26,10,8,69
frame=1,5,221,150,21,8,-1,65
frame=1,6,199,137,6,11,-9,62
frame=1,7,243,150,21,8,5,58
frame=2,0,0,137,26,12,16,59
frame=2,1,112,101,21,18,20,65
frame=2,2,7,79,6,21,13,71
frame=2,3,366,79,21,19,14,73
frame=2,4,378,137,26,10,8,69
frame=2,5,265,150,21,8,-1,65
frame=2,6,206,137,6,11,-9,62
frame=2,7,287,150,21,8,5,58
frame=3,0,366,101,25,16,24,54
frame=3,1,42,150,19,9,25,57
frame=3,2,99,160,6,7,13,61
frame=3,3,309,150,20,8,8,64
frame=3,4,0,121,25,15,-1,64
frame=3,5,14,79,19,21,-8,61
frame=3,6,383,28,6,24,-9,57
frame=3,7,325,54,20,22,10,54

[shoot]
frames=4
duration=600ms
type=play_once
frame=0,0,392,101,25,16,24,54
frame=0,1,62,150,19,9,25,57
frame=0,2,106,160,6,7,13,61
frame=0,3,330,150,20,8,8,64
frame=0,4,26,121,25,15,-1,64
frame=0,5,34,79,19,21,-8,61
frame=0,6,390,28,6,24,-9,57
frame=0,7,346,54,20,22,10,54
frame=1,0,27,137,26,12,16,59
frame=1,1,134,101,21,18,20,65
frame=1,2,54,79,6,21,13,71
frame=1,3,388,79,21,19,14,73
frame=1,4,405,137,26,10,8,69
frame=1,5,351,150,21,8,-1,65
frame=1,6,213,137,6,11,-9,62
frame=1,7,373,150,21,8,5,58
frame=2,0,54,137,26,12,16,59
frame=2,1,156,101,21,18,20,65
frame=2,2,61,79,6,21,13,71
frame=2,3,410,79,21,19,14,73
frame=2,4,432,137,26,10,8,69
frame=2,5,395,150,21,8,-1,65
frame=2,6,220,137,6,11,-9,62
frame=2,7,417,150,21,8,5,58
frame=3,0,418,101,25,16,24,54
frame=3,1,82,150,19,9,25,57
frame=3,2,113,160,6,7,13,61
frame=3,3,439,150,20,8,8,64
frame=3,4,52,121,25,15,-1,64
frame=3,5,68,79,19,21,-8,61
frame=3,6,397,28,6,24,-9,57
frame=3,7,367,54,20,22,10,54

[die]
frames=6
duration=900ms
type=play_once
frame=0,0,404,28,8,24,13,49
frame=0,1,65,28,7,25,18,55
frame=0,2,227,137,6,11,13,60
frame=0,3,221,160,6,3,2,62
frame=0,4,413,28,8,24,-7,60
frame=0,5,422,28,8,24,-12,55
frame=0,6,186,54,6,23,-9,49
frame=0,7,431,28,8,24,3,47
frame=1,0,432,79,11,19,5,51
frame=1,1,444,79,7,19,10,52
frame=1,2,149,121,10,14,15,56
frame=1,3,120,160,7,7,12,61
frame=1,4,73,28,11,25,4,63
frame=1,5,83,0,7,27,-5,62
frame=1,6,369,0,12,26,-5,58
frame=1,7,440,28,12,24,-2,54
frame=2,0,81,137,20,12,-10,47
frame=2,1,460,150,9,8,-4,40
frame=2,2,102,150,14,9,16,41
frame=2,3,444,101,22,16,30,50
frame=2,4,388,54,20,22,28,61
frame=2,5,382,0,9,26,11,68
frame=2,6,453,28,16,24,-2,67
frame=2,7,452,79,22,19,-10,58
frame=3,0,102,137,23,12,-32,34
frame=3,1,78,121,8,15,-21,22
frame=3,2,160,121,19,14,18,19
frame=3,3,128,160,27,7,49,25
frame=3,4,383,121,23,13,53,45
frame=3,5,244,101,8,17,27,61
frame=3,6,180,121,19,14,-1,62
frame=3,7,470,150,27,8,-24,50
frame=4,0,470,28,15,24,-53,14
frame=4,1,486,28,11,24,-30,-5
frame=4,2,119,79,22,20,20,-12
frame=4,3,407,121,24,13,60,-4
frame=4,4,0,160,15,8,66,16
frame=4,5,156,160,11,7,39,35
frame=4,6,234,137,22,11,0,42
frame=4,7,475,79,24,19,-38,34
frame=5,0,0,54,15,24,-53,14
frame=5,1,16,54,11,24,-30,-5
frame=5,2,142,79,22,20,20,-13
frame=5,3,432,121,24,13,60,-4
frame=5,4,16,160,15,8,66,16
frame=5,5,168,160,11,7,39,35
frame=5,6,257,137,22,11,0,42
frame=5,7,0,101,24,19,-38,34
