image=custom_gear_shield.png

[stance]
frames=4
duration=800ms
type=back_forth
frame=0,0,214,0,17,26,20,53
frame=0,1,468,202,11,18,-3,53
frame=0,2,43,155,8,22,-9,49
frame=0,3,19,179,20,21,-5,43
frame=0,4,52,155,26,22,4,39
frame=0,5,377,55,21,24,12,39
frame=0,6,232,0,8,26,15,43
frame=0,7,241,0,17,26,23,48
frame=1,0,292,28,17,25,20,52
frame=1,1,164,242,6,11,-8,46
frame=1,2,276,106,8,23,-9,49
frame=1,3,79,155,20,22,-5,43
frame=1,4,285,106,26,23,4,39
frame=1,5,399,55,21,24,12,38
frame=1,6,310,28,8,25,15,42
frame=1,7,259,0,16,26,23,48
frame=2,0,276,0,18,26,21,53
frame=2,1,480,202,12,18,-3,53
frame=2,2,100,155,8,22,-9,49
frame=2,3,109,155,20,22,-5,44
frame=2,4,312,106,27,23,4,40
frame=2,5,421,55,22,24,13,39
frame=2,6,295,0,8,26,15,43
frame=2,7,0,0,17,27,23,49
frame=3,0,304,0,17,26,20,53
frame=3,1,493,202,11,18,-3,53
frame=3,2,130,155,8,22,-9,49
frame=3,3,40,179,20,21,-5,43
frame=3,4,139,155,26,22,4,39
frame=3,5,444,55,21,24,12,39
frame=3,6,322,0,8,26,15,43
frame=3,7,331,0,17,26,23,48

[run]
frames=8
duration=640ms
type=looped
frame=0,0,319,28,18,25,18,54
frame=0,1,98,242,9,13,-9,46
frame=0,2,166,155,6,22,-13,48
frame=0,3,340,106,21,23,-4,43
frame=0,4,466,55,27,24,7,39
frame=0,5,338,28,21,25,16,40
frame=0,6,349,0,6,26,17,45
frame=0,7,360,28,16,25,23,50
frame=1,0,61,179,24,21,10,52
frame=1,1,173,155,13,22,-8,46
frame=1,2,356,0,6,26,-13,45
frame=1,3,363,0,19,26,-1,40
frame=1,4,0,81,24,24,12,37
frame=1,5,362,106,19,23,19,39
frame=1,6,25,81,6,24,17,45
frame=1,7,187,155,13,22,18,49
frame=2,0,426,179,22,20,7,48
frame=2,1,382,106,14,23,-8,45
frame=2,2,18,0,6,27,-13,43
frame=2,3,383,0,17,26,0,38
frame=2,4,397,106,22,23,13,36
frame=2,5,420,106,17,23,20,39
frame=2,6,401,0,6,26,17,46
frame=2,7,438,106,11,23,15,49
frame=3,0,86,179,24,21,10,52
frame=3,1,201,155,13,22,-8,46
frame=3,2,408,0,6,26,-13,45
frame=3,3,415,0,19,26,-1,40
frame=3,4,32,81,24,24,12,37
frame=3,5,215,155,19,22,19,39
frame=3,6,57,81,6,24,17,45
frame=3,7,235,155,13,22,18,49
frame=4,0,377,28,18,25,18,54
frame=4,1,108,242,9,13,-9,46
frame=4,2,249,155,6,22,-13,48
frame=4,3,450,106,21,23,-4,43
frame=4,4,64,81,27,24,7,39
frame=4,5,396,28,21,25,16,40
frame=4,6,435,0,6,26,17,45
frame=4,7,418,28,16,25,23,50
frame=5,0,111,179,22,21,22,55
frame=5,1,280,223,20,16,6,54
frame=5,2,246,202,6,19,-13,52
frame=5,3,0,223,20,18,-8,45
frame=5,4,256,155,26,22,2,41
frame=5,5,442,0,20,26,12,42
frame=5,6,25,0,6,27,17,46
frame=5,7,463,0,19,26,26,52
frame=6,0,449,179,24,20,24,56
frame=6,1,253,202,20,19,7,57
frame=6,2,283,155,6,22,-13,55
frame=6,3,274,202,20,19,-9,47
frame=6,4,474,179,26,20,0,41
frame=6,5,435,28,20,25,11,42
frame=6,6,32,0,6,27,17,46
frame=6,7,456,28,18,25,27,52
frame=7,0,134,179,22,21,22,55
frame=7,1,301,223,20,16,6,54
frame=7,2,295,202,6,19,-13,52
frame=7,3,21,223,20,18,-8,45
frame=7,4,157,179,26,21,2,41
frame=7,5,483,0,20,26,12,42
frame=7,6,39,0,6,27,17,46
frame=7,7,0,28,19,26,26,52

[swing]
frames=6
duration=600ms
type=play_once
frame=0,0,475,28,20,25,21,53
frame=0,1,118,242,22,13,7,48
frame=0,2,302,202,8,19,-9,48
frame=0,3,0,202,20,20,-5,43
frame=0,4,290,155,28,22,5,40
frame=0,5,0,55,22,25,13,40
frame=0,6,46,0,8,27,15,44
frame=0,7,55,0,17,27,23,50
frame=1,0,472,106,17,23,18,52
frame=1,1,42,223,10,18,-5,51
frame=1,2,311,202,9,19,-10,47
frame=1,3,21,202,24,20,-2,42
frame=1,4,319,155,27,22,7,39
frame=1,5,20,28,17,26,13,41
frame=1,6,38,28,8,26,17,45
frame=1,7,73,0,17,27,24,51
frame=2,0,347,155,27,22,17,52
frame=2,1,321,202,10,19,-5,52
frame=2,2,46,202,11,20,-9,47
frame=2,3,184,179,25,21,-2,42
frame=2,4,0,131,27,23,8,39
frame=2,5,47,28,16,26,13,41
frame=2,6,91,0,9,27,18,46
frame=2,7,64,28,19,26,25,51
frame=3,0,84,28,20,26,23,53
frame=3,1,50,242,24,14,11,51
frame=3,2,58,202,7,20,-9,50
frame=3,3,66,202,18,20,-7,45
frame=3,4,210,179,27,21,2,40
frame=3,5,92,81,24,24,11,39
frame=3,6,101,0,9,27,14,43
frame=3,7,111,0,14,27,23,48
frame=4,0,126,0,19,27,24,52
frame=4,1,238,179,27,21,16,51
frame=4,2,332,202,9,19,-7,51
frame=4,3,342,202,13,19,-9,46
frame=4,4,85,202,25,20,-1,41
frame=4,5,28,131,27,23,9,39
frame=4,6,105,28,15,26,14,41
frame=4,7,146,0,11,27,20,46
frame=5,0,23,55,20,25,21,53
frame=5,1,141,242,22,13,7,48
frame=5,2,356,202,8,19,-9,48
frame=5,3,111,202,20,20,-5,43
frame=5,4,375,155,28,22,5,40
frame=5,5,44,55,22,25,13,40
frame=5,6,158,0,8,27,15,44
frame=5,7,167,0,16,27,23,50

[hit]
frames=2
duration=300ms
type=play_once
frame=0,0,117,81,26,24,17,53
frame=0,1,365,202,9,19,-8,49
frame=0,2,67,55,6,25,-13,49
frame=0,3,74,55,20,25,-5,43
frame=0,4,95,55,26,25,7,39
frame=0,5,144,81,20,24,15,39
frame=0,6,165,81,6,24,17,43
frame=0,7,172,81,15,24,23,49
frame=1,0,188,81,26,24,17,53
frame=1,1,375,202,9,19,-8,49
frame=1,2,122,55,6,25,-13,49
frame=1,3,129,55,20,25,-5,43
frame=1,4,150,55,26,25,7,39
frame=1,5,215,81,20,24,15,39
frame=1,6,236,81,6,24,17,43
frame=1,7,243,81,15,24,23,49

[block]
frames=2
duration=300ms
type=play_once
frame=0,0,266,179,18,21,9,50
frame=0,1,56,131,9,23,-8,48
frame=0,2,184,0,6,27,-13,46
frame=0,3,177,55,14,25,-5,40
frame=0,4,132,202,18,20,7,35
frame=0,5,121,28,14,26,15,40
frame=0,6,191,0,6,27,17,45
frame=0,7,259,81,11,24,17,48
frame=1,0,66,131,25,23,25,67
frame=1,1,192,55,25,25,14,71
frame=1,2,92,131,12,23,-4,69
frame=1,3,136,28,15,26,-9,64
frame=1,4,271,81,26,24,-1,57
frame=1,5,105,131,25,23,9,53
frame=1,6,404,155,12,22,14,54
frame=1,7,131,131,15,23,22,60

[cast]
frames=4
duration=600ms
type=play_once
frame=0,0,322,223,23,16,28,62
frame=0,1,53,223,17,18,10,70
frame=0,2,218,55,6,25,-13,68
frame=0,3,417,155,18,22,-15,59
frame=0,4,346,223,23,16,-7,48
frame=0,5,147,131,17,23,5,47
frame=0,6,152,28,6,26,17,51
frame=0,7,165,131,18,23,31,57
frame=1,0,298,81,27,24,24,78
frame=1,1,184,131,20,23,7,81
frame=1,2,225,55,6,25,-13,77
frame=1,3,159,28,20,26,-9,71
frame=1,4,326,81,27,24,1,64
frame=1,5,354,81,20,24,11,62
frame=1,6,205,131,6,23,17,65
frame=1,7,375,81,20,24,27,72
frame=2,0,396,81,27,24,24,78
frame=2,1,212,131,20,23,7,81
frame=2,2,232,55,6,25,-13,77
frame=2,3,180,28,20,26,-9,71
frame=2,4,424,81,27,24,1,64
frame=2,5,452,81,20,24,11,62
frame=2,6,233,131,6,23,17,65
frame=2,7,473,81,20,24,27,72
frame=3,0,370,223,23,16,28,62
frame=3,1,71,223,18,18,10,70
frame=3,2,239,55,6,25,-13,68
frame=3,3,240,131,18,23,-15,60
frame=3,4,394,223,23,16,-7,48
frame=3,5,259,131,18,23,6,47
frame=3,6,201,28,6,26,17,51
frame=3,7,278,131,18,23,31,57

[shoot]
frames=4
duration=600ms
type=play_once
frame=0,0,418,223,23,16,28,62
frame=0,1,90,223,17,18,10,70
frame=0,2,246,55,6,25,-13,68
frame=0,3,436,155,18,22,-15,59
frame=0,4,442,223,23,16,-7,48
frame=0,5,297,131,17,23,5,47
frame=0,6,208,28,6,26,17,51
frame=0,7,315,131,18,23,31,57
frame=1,0,0,106,27,24,24,78
frame=1,1,334,131,20,23,7,81
frame=1,2,253,55,6,25,-13,77
frame=1,3,215,28,20,26,-9,71
frame=1,4,28,106,27,24,1,64
frame=1,5,56,106,20,24,11,62
frame=1,6,355,131,6,23,17,65
frame=1,7,77,106,20,24,27,72
frame=2,0,98,106,27,24,24,78
frame=2,1,362,131,20,23,7,81
frame=2,2,260,55,6,25,-13,77
frame=2,3,236,28,20,26,-9,71
frame=2,4,126,106,27,24,1,64
frame=2,5,154,106,20,24,11,62
frame=2,6,383,131,6,23,17,65
frame=2,7,175,106,20,24,27,72
frame=3,0,466,223,23,16,28,62
frame=3,1,108,223,18,18,10,70
frame=3,2,267,55,6,25,-13,68
frame=3,3,390,131,18,23,-15,60
frame=3,4,0,242,23,16,-7,48
frame=3,5,409,131,18,23,6,47
frame=3,6,257,28,6,26,17,51
frame=3,7,428,131,18,23,31,57

[die]
frames=6
duration=900ms
type=play_once
frame=0,0,455,155,26,22,17,53
frame=0,1,385,202,9,19,-8,49
frame=0,2,274,55,6,25,-13,49
frame=0,3,281,55,20,25,-5,43
frame=0,4,302,55,26,25,7,39
frame=0,5,196,106,20,24,15,39
frame=0,6,217,106,6,24,17,43
frame=0,7,224,106,15,24,23,49
frame=1,0,329,55,20,25,12,53
frame=1,1,75,242,22,14,2,46
frame=1,2,151,202,10,20,-7,45
frame=1,3,395,202,20,19,2,41
frame=1,4,162,202,27,20,13,40
frame=1,5,240,106,22,24,18,44
frame=1,6,264,28,11,26,15,49
frame=1,7,198,0,15,27,16,53
frame=2,0,285,179,23,21,-3,49
frame=2,1,127,223,16,18,-5,43
frame=2,2,263,106,12,24,-3,40
frame=2,3,482,155,18,22,13,39
frame=2,4,24,242,25,15,26,39
frame=2,5,144,223,22,18,25,47
frame=2,6,350,55,15,25,13,55
frame=2,7,276,28,15,26,3,56
frame=3,0,416,202,22,19,-23,40
frame=3,1,439,202,28,19,-13,30
frame=3,2,0,179,18,22,3,25
frame=3,3,366,55,10,25,24,28
frame=3,4,309,179,22,21,43,37
frame=3,5,230,223,28,17,39,48
frame=3,6,259,223,20,17,13,53
frame=3,7,167,223,10,18,-16,50
frame=4,0,190,202,15,20,-42,21
frame=4,1,178,223,25,18,-24,3
frame=4,2,332,179,23,21,9,-5
frame=4,3,447,131,10,23,38,2
frame=4,4,458,131,16,23,56,19
frame=4,5,475,131,25,23,47,38
frame=4,6,356,179,23,21,12,46
frame=4,7,380,179,10,21,-30,39
frame=5,0,206,202,15,20,-42,21
frame=5,1,204,223,25,18,-24,2
frame=5,2,222,202,23,20,9,-6
frame=5,3,501,131,10,23,38,2
frame=5,4,0,155,16,23,56,19
frame=5,5,17,155,25,23,47,38
frame=5,6,391,179,23,21,12,46
frame=5,7,415,179,10,21,-30,39
