image=custom_gear_shortsword.png

[stance]
frames=4
duration=800ms
type=back_forth
frame=0,0,303,29,12,24,17,52
frame=0,1,290,56,11,22,21,57
frame=0,2,332,104,7,17,14,61
frame=0,3,199,166,6,5,3,64
frame=0,4,316,29,12,24,-7,63
frame=0,5,216,0,11,26,-12,58
frame=0,6,9,0,9,27,-7,53
frame=0,7,228,0,11,26,6,50
frame=1,0,96,29,11,25,17,52
frame=1,1,142,81,11,21,21,56
frame=1,2,340,104,7,17,14,61
frame=1,3,206,166,6,5,3,64
frame=1,4,329,29,11,24,-8,62
frame=1,5,240,0,11,26,-12,57
frame=1,6,19,0,9,27,-7,52
frame=1,7,252,0,11,26,6,50
frame=2,0,166,56,12,23,17,52
frame=2,1,154,81,12,21,21,57
frame=2,2,348,104,7,17,14,61
frame=2,3,213,166,7,5,4,64
frame=2,4,341,29,12,24,-7,63
frame=2,5,264,0,12,26,-11,58
frame=2,6,29,0,9,27,-7,53
frame=2,7,277,0,12,26,6,51
frame=3,0,354,29,12,24,17,52
frame=3,1,302,56,11,22,21,57
frame=3,2,356,104,7,17,14,61
frame=3,3,221,166,6,5,3,64
frame=3,4,367,29,12,24,-7,63
frame=3,5,290,0,11,26,-12,58
frame=3,6,39,0,9,27,-7,53
frame=3,7,302,0,11,26,6,50

[run]
frames=8
duration=640ms
type=looped
frame=0,0,314,56,16,22,16,53
frame=0,1,129,104,14,18,20,56
frame=0,2,43,124,9,15,14,60
frame=0,3,364,104,14,17,7,63
frame=0,4,331,56,16,22,-2,64
frame=0,5,314,0,14,26,-8,61
frame=0,6,49,0,9,27,-7,56
frame=0,7,329,0,14,26,5,53
frame=1,0,232,81,20,20,18,54
frame=1,1,53,124,17,15,21,56
frame=1,2,479,141,9,10,14,59
frame=1,3,358,124,17,14,9,63
frame=1,4,356,81,20,19,0,64
frame=1,5,380,29,17,24,-6,62
frame=1,6,59,0,9,27,-7,58
frame=1,7,108,29,17,25,6,55
frame=2,0,144,104,22,18,19,53
frame=2,1,470,124,17,13,21,55
frame=2,2,77,155,9,9,14,58
frame=2,3,67,141,17,12,9,62
frame=2,4,167,104,22,18,1,64
frame=2,5,398,29,17,24,-6,62
frame=2,6,344,0,9,26,-7,58
frame=2,7,126,29,17,25,6,55
frame=3,0,253,81,20,20,18,54
frame=3,1,71,124,17,15,21,56
frame=3,2,489,141,9,10,14,59
frame=3,3,376,124,17,14,9,63
frame=3,4,377,81,20,19,0,64
frame=3,5,416,29,17,24,-6,62
frame=3,6,69,0,9,27,-7,58
frame=3,7,144,29,17,25,6,55
frame=4,0,348,56,16,22,16,53
frame=4,1,190,104,14,18,20,56
frame=4,2,89,124,9,15,14,60
frame=4,3,379,104,14,17,7,63
frame=4,4,365,56,16,22,-2,64
frame=4,5,354,0,14,26,-8,61
frame=4,6,79,0,9,27,-7,56
frame=4,7,369,0,14,26,5,53
frame=5,0,162,29,12,25,14,52
frame=5,1,382,56,12,22,19,55
frame=5,2,394,104,7,17,14,59
frame=5,3,228,166,6,5,5,62
frame=5,4,434,29,12,24,-4,62
frame=5,5,89,0,12,27,-9,59
frame=5,6,102,0,9,27,-7,54
frame=5,7,384,0,11,26,4,51
frame=6,0,175,29,10,25,13,50
frame=6,1,179,56,10,23,18,54
frame=6,2,402,104,7,17,14,58
frame=6,3,235,166,6,5,5,61
frame=6,4,186,29,10,25,-5,61
frame=6,5,396,0,10,26,-10,57
frame=6,6,407,0,9,26,-7,52
frame=6,7,417,0,10,26,3,49
frame=7,0,447,29,12,24,14,51
frame=7,1,395,56,11,22,19,55
frame=7,2,410,104,7,17,14,59
frame=7,3,242,166,6,5,5,62
frame=7,4,460,29,12,24,-4,62
frame=7,5,428,0,11,26,-10,58
frame=7,6,112,0,9,27,-7,54
frame=7,7,440,0,11,26,4,51

[swing]
frames=6
duration=600ms
type=play_once
frame=0,0,473,29,12,24,16,54
frame=0,1,407,56,11,22,20,58
frame=0,2,418,104,9,17,14,62
frame=0,3,398,81,11,19,4,65
frame=0,4,190,56,12,23,-6,64
frame=0,5,452,0,11,26,-11,60
frame=0,6,122,0,9,27,-7,55
frame=0,7,132,0,11,27,5,53
frame=1,0,244,141,25,11,21,59
frame=1,1,461,155,16,7,20,62
frame=1,2,478,155,12,7,13,66
frame=1,3,148,155,23,8,10,68
frame=1,4,0,124,25,16,2,70
frame=1,5,167,81,16,21,-6,68
frame=1,6,203,56,12,23,-3,64
frame=1,7,205,104,23,18,11,60
frame=2,0,172,155,27,8,18,60
frame=2,1,394,124,16,14,18,66
frame=2,2,99,124,13,15,15,71
frame=2,3,87,155,26,9,15,71
frame=2,4,270,141,27,11,7,71
frame=2,5,26,124,16,16,-4,70
frame=2,6,428,104,13,17,-4,66
frame=2,7,85,141,26,12,9,61
frame=3,0,197,29,10,25,16,53
frame=3,1,216,56,10,23,22,58
frame=3,2,274,81,9,20,16,64
frame=3,3,410,81,10,19,4,67
frame=3,4,227,56,10,23,-8,65
frame=3,5,464,0,10,26,-14,60
frame=3,6,475,0,9,26,-9,54
frame=3,7,144,0,10,27,4,52
frame=4,0,284,81,16,20,10,42
frame=4,1,486,29,16,24,18,47
frame=4,2,155,0,10,27,17,53
frame=4,3,0,0,8,28,11,58
frame=4,4,488,124,9,13,-3,57
frame=4,5,421,81,12,19,-8,52
frame=4,6,442,104,11,17,-8,45
frame=4,7,454,104,11,17,-3,41
frame=5,0,0,56,12,24,16,54
frame=5,1,419,56,11,22,20,58
frame=5,2,229,104,9,18,14,62
frame=5,3,434,81,11,19,4,65
frame=5,4,238,56,12,23,-6,64
frame=5,5,485,0,11,26,-11,60
frame=5,6,166,0,9,27,-7,55
frame=5,7,176,0,11,27,5,53

[hit]
frames=2
duration=300ms
type=play_once
frame=0,0,13,56,13,24,17,53
frame=0,1,184,81,12,21,21,57
frame=0,2,466,104,7,17,14,61
frame=0,3,249,166,6,5,4,64
frame=0,4,251,56,13,23,-6,63
frame=0,5,497,0,12,26,-11,59
frame=0,6,188,0,9,27,-7,54
frame=0,7,0,29,12,26,6,51
frame=1,0,27,56,13,24,17,53
frame=1,1,197,81,12,21,21,57
frame=1,2,474,104,7,17,14,61
frame=1,3,256,166,6,5,4,64
frame=1,4,265,56,13,23,-6,63
frame=1,5,13,29,12,26,-11,59
frame=1,6,198,0,9,27,-7,54
frame=1,7,26,29,12,26,6,51

[block]
frames=2
duration=300ms
type=play_once
frame=0,0,208,29,9,25,12,51
frame=0,1,279,56,10,23,18,55
frame=0,2,499,141,5,10,12,59
frame=0,3,310,166,6,4,5,62
frame=0,4,218,29,9,25,-5,62
frame=0,5,39,29,10,26,-10,58
frame=0,6,50,29,9,26,-7,53
frame=0,7,60,29,10,26,3,50
frame=1,0,298,141,26,11,17,52
frame=1,1,200,155,22,8,21,54
frame=1,2,0,155,9,10,14,59
frame=1,3,114,155,21,9,14,62
frame=1,4,10,155,26,10,7,62
frame=1,5,239,104,22,18,-1,63
frame=1,6,210,81,9,21,-7,60
frame=1,7,262,104,21,18,5,55

[cast]
frames=4
duration=600ms
type=play_once
frame=0,0,113,124,24,15,24,53
frame=0,1,223,155,19,8,25,55
frame=0,2,263,166,9,5,14,60
frame=0,3,243,155,19,8,7,63
frame=0,4,138,124,24,15,-2,64
frame=0,5,431,56,19,22,-8,61
frame=0,6,41,56,9,24,-7,56
frame=0,7,451,56,19,22,10,53
frame=1,0,112,141,26,12,17,59
frame=1,1,446,81,20,19,20,66
frame=1,2,471,56,9,22,14,72
frame=1,3,467,81,20,19,13,74
frame=1,4,325,141,26,11,7,70
frame=1,5,491,155,20,7,-2,64
frame=1,6,37,155,9,10,-7,61
frame=1,7,0,166,20,7,5,56
frame=2,0,139,141,26,12,17,59
frame=2,1,488,81,20,19,20,66
frame=2,2,481,56,9,22,14,72
frame=2,3,0,104,20,19,13,74
frame=2,4,352,141,26,11,7,70
frame=2,5,21,166,20,7,-2,64
frame=2,6,47,155,9,10,-7,61
frame=2,7,42,166,20,7,5,56
frame=3,0,163,124,24,15,24,53
frame=3,1,263,155,19,8,25,55
frame=3,2,273,166,9,5,14,60
frame=3,3,283,155,19,8,7,63
frame=3,4,188,124,24,15,-2,64
frame=3,5,491,56,19,22,-8,61
frame=3,6,51,56,9,24,-7,56
frame=3,7,0,81,19,22,10,53

[shoot]
frames=4
duration=600ms
type=play_once
frame=0,0,213,124,24,15,24,53
frame=0,1,303,155,19,8,25,55
frame=0,2,283,166,9,5,14,60
frame=0,3,323,155,19,8,7,63
frame=0,4,238,124,24,15,-2,64
frame=0,5,20,81,19,22,-8,61
frame=0,6,61,56,9,24,-7,56
frame=0,7,40,81,19,22,10,53
frame=1,0,166,141,26,12,17,59
frame=1,1,21,104,20,19,20,66
frame=1,2,60,81,9,22,14,72
frame=1,3,42,104,20,19,13,74
frame=1,4,379,141,26,11,7,70
frame=1,5,63,166,20,7,-2,64
frame=1,6,57,155,9,10,-7,61
frame=1,7,84,166,20,7,5,56
frame=2,0,193,141,26,12,17,59
frame=2,1,63,104,20,19,20,66
frame=2,2,70,81,9,22,14,72
frame=2,3,84,104,20,19,13,74
frame=2,4,406,141,26,11,7,70
frame=2,5,105,166,20,7,-2,64
frame=2,6,67,155,9,10,-7,61
frame=2,7,126,166,20,7,5,56
frame=3,0,263,124,24,15,24,53
frame=3,1,343,155,19,8,25,55
frame=3,2,293,166,9,5,14,60
frame=3,3,363,155,19,8,7,63
frame=3,4,288,124,24,15,-2,64
frame=3,5,80,81,19,22,-8,61
frame=3,6,71,56,9,24,-7,56
frame=3,7,100,81,19,22,10,53

[die]
frames=6
duration=900ms
type=play_once
frame=0,0,228,29,7,25,12,49
frame=0,1,236,29,7,25,17,54
frame=0,2,244,29,5,25,12,59
frame=0,3,317,166,5,3,2,62
frame=0,4,250,29,7,25,-7,60
frame=0,5,81,56,8,24,-11,54
frame=0,6,90,56,9,24,-7,49
frame=0,7,258,29,8,25,2,47
frame=1,0,220,81,11,21,5,51
frame=1,1,301,81,8,20,10,52
frame=1,2,411,124,10,14,14,56
frame=1,3,303,166,6,5,12,60
frame=1,4,71,29,11,26,4,63
frame=1,5,208,0,7,27,-4,62
frame=1,6,83,29,12,26,-4,58
frame=1,7,100,56,14,24,0,54
frame=2,0,0,141,21,13,-9,47
frame=2,1,136,155,11,9,-2,39
frame=2,2,383,155,15,8,16,40
frame=2,3,313,124,23,15,30,49
frame=2,4,120,81,21,22,28,60
frame=2,5,267,29,11,25,11,67
frame=2,6,115,56,16,24,-2,66
frame=2,7,105,104,23,19,-9,58
frame=3,0,22,141,23,13,-32,36
frame=3,1,482,104,10,17,-19,24
frame=3,2,46,141,20,13,18,19
frame=3,3,147,166,27,6,49,25
frame=3,4,220,141,23,12,53,44
frame=3,5,493,104,10,17,27,60
frame=3,6,337,124,20,15,0,62
frame=3,7,399,155,27,8,-24,49
frame=4,0,132,56,16,24,-52,15
frame=4,1,279,29,11,25,-31,-4
frame=4,2,310,81,22,20,20,-12
frame=4,3,422,124,23,14,59,-3
frame=4,4,427,155,16,8,66,17
frame=4,5,175,166,11,6,40,35
frame=4,6,433,141,22,11,0,43
frame=4,7,284,104,23,18,-38,34
frame=5,0,149,56,16,24,-52,15
frame=5,1,291,29,11,25,-31,-4
frame=5,2,333,81,22,20,20,-12
frame=5,3,446,124,23,14,59,-3
frame=5,4,444,155,16,8,66,16
frame=5,5,187,166,11,6,40,35
frame=5,6,456,141,22,11,0,42
frame=5,7,308,104,23,18,-38,34
