image=custom_gear_shortbow.png

[stance]
frames=4
duration=800ms
type=back_forth
frame=0,0,457,33,15,27,21,47
frame=0,1,204,92,12,24,23,52
frame=0,2,217,92,5,24,12,58
frame=0,3,479,192,1,1,80,112
frame=0,4,168,33,15,28,-8,58
frame=0,5,167,0,12,30,-13,52
frame=0,6,0,0,5,32,-9,47
frame=0,7,43,0,12,31,7,45
frame=1,0,473,33,15,27,21,46
frame=1,1,375,64,12,25,23,52
frame=1,2,349,92,5,23,12,57
frame=1,3,481,192,1,1,80,112
frame=1,4,489,33,15,27,-8,57
frame=1,5,56,0,12,31,-13,52
frame=1,6,69,0,5,31,-9,46
frame=1,7,180,0,11,30,7,44
frame=2,0,0,64,15,27,21,47
frame=2,1,223,92,12,24,23,52
frame=2,2,355,92,5,23,12,58
frame=2,3,483,192,1,1,80,112
frame=2,4,16,64,15,27,-8,58
frame=2,5,192,0,12,30,-13,53
frame=2,6,75,0,5,31,-9,47
frame=2,7,205,0,13,30,8,45
frame=3,0,32,64,15,27,21,47
frame=3,1,236,92,12,24,23,52
frame=3,2,249,92,5,24,12,58
frame=3,3,485,192,1,1,80,112
frame=3,4,184,33,15,28,-8,58
frame=3,5,219,0,12,30,-13,52
frame=3,6,6,0,5,32,-9,47
frame=3,7,81,0,12,31,7,45

[run]
frames=8
duration=640ms
type=looped
frame=0,0,388,64,19,25,22,48
frame=0,1,357,118,14,20,23,52
frame=0,2,208,192,5,10,12,57
frame=0,3,362,141,13,16,4,60
frame=0,4,408,64,19,25,-5,59
frame=0,5,232,0,14,30,-11,55
frame=0,6,94,0,5,31,-9,50
frame=0,7,247,0,15,30,8,48
frame=1,0,0,118,23,22,25,50
frame=1,1,376,141,18,16,26,53
frame=1,2,394,178,5,11,12,58
frame=1,3,395,141,18,16,5,61
frame=1,4,361,92,23,23,-4,61
frame=1,5,38,33,18,29,-10,57
frame=1,6,100,0,5,31,-9,52
frame=1,7,200,33,18,28,11,49
frame=2,0,153,118,25,21,26,50
frame=2,1,23,161,20,15,27,53
frame=2,2,102,178,5,12,12,58
frame=2,3,44,161,19,15,6,61
frame=2,4,372,118,25,20,-3,60
frame=2,5,219,33,20,28,-9,57
frame=2,6,106,0,5,31,-9,53
frame=2,7,240,33,19,28,11,50
frame=3,0,24,118,23,22,25,50
frame=3,1,414,141,18,16,26,53
frame=3,2,400,178,5,11,12,58
frame=3,3,433,141,18,16,5,61
frame=3,4,385,92,23,23,-4,61
frame=3,5,57,33,18,29,-10,57
frame=3,6,112,0,5,31,-9,52
frame=3,7,260,33,18,28,11,49
frame=4,0,428,64,19,25,22,48
frame=4,1,398,118,14,20,23,52
frame=4,2,214,192,5,10,12,57
frame=4,3,452,141,13,16,4,60
frame=4,4,448,64,19,25,-5,59
frame=4,5,263,0,14,30,-11,55
frame=4,6,118,0,5,31,-9,50
frame=4,7,278,0,15,30,8,48
frame=5,0,48,64,14,27,17,46
frame=5,1,255,92,12,24,20,50
frame=5,2,409,92,5,23,12,55
frame=5,3,487,192,1,1,80,112
frame=5,4,63,64,14,27,-5,57
frame=5,5,294,0,12,30,-10,53
frame=5,6,124,0,5,31,-9,48
frame=5,7,307,0,12,30,5,45
frame=6,0,279,33,13,28,15,45
frame=6,1,314,64,11,26,19,49
frame=6,2,468,64,5,25,12,54
frame=6,3,489,192,1,1,80,112
frame=6,4,293,33,13,28,-4,55
frame=6,5,320,0,11,30,-10,51
frame=6,6,332,0,5,30,-9,46
frame=6,7,76,33,10,29,3,43
frame=7,0,78,64,14,27,17,46
frame=7,1,268,92,12,24,20,50
frame=7,2,415,92,5,23,12,55
frame=7,3,491,192,1,1,80,112
frame=7,4,93,64,14,27,-5,57
frame=7,5,338,0,12,30,-10,53
frame=7,6,130,0,5,31,-9,48
frame=7,7,351,0,12,30,5,45

[swing]
frames=6
duration=600ms
type=play_once
frame=0,0,307,33,15,28,20,49
frame=0,1,474,64,12,25,22,54
frame=0,2,421,92,5,23,12,59
frame=0,3,465,192,6,4,3,61
frame=0,4,108,64,15,27,-7,59
frame=0,5,364,0,12,30,-12,54
frame=0,6,136,0,5,31,-9,49
frame=0,7,377,0,12,30,7,47
frame=1,0,399,161,29,13,30,57
frame=1,1,220,192,18,10,25,62
frame=1,2,406,178,12,11,12,67
frame=1,3,419,178,26,11,5,68
frame=1,4,59,141,29,17,-3,67
frame=1,5,487,64,18,25,-9,64
frame=1,6,124,64,12,27,-2,60
frame=1,7,179,118,26,21,19,57
frame=2,0,239,192,31,10,28,60
frame=2,1,466,141,17,16,22,70
frame=2,2,89,141,13,17,13,75
frame=2,3,108,178,29,12,9,72
frame=2,4,138,178,31,12,1,69
frame=2,5,0,141,17,19,-7,67
frame=2,6,413,118,13,20,-2,63
frame=2,7,119,161,29,14,18,59
frame=3,0,87,33,13,29,18,48
frame=3,1,326,64,12,26,23,53
frame=3,2,339,64,6,26,15,60
frame=3,3,458,192,6,5,3,62
frame=3,4,137,64,13,27,-7,60
frame=3,5,390,0,12,30,-13,55
frame=3,6,142,0,6,31,-11,49
frame=3,7,403,0,10,30,4,46
frame=4,0,427,92,17,23,7,38
frame=4,1,323,33,17,28,15,42
frame=4,2,149,0,11,31,16,47
frame=4,3,12,0,9,32,12,52
frame=4,4,341,33,17,28,8,52
frame=4,5,149,161,11,14,-6,48
frame=4,6,18,141,11,19,-7,42
frame=4,7,30,141,10,19,-4,38
frame=5,0,359,33,14,28,19,49
frame=5,1,281,92,12,24,22,53
frame=5,2,294,92,5,24,12,59
frame=5,3,472,192,6,4,3,61
frame=5,4,151,64,14,27,-7,59
frame=5,5,414,0,12,30,-12,54
frame=5,6,161,0,5,31,-9,49
frame=5,7,427,0,12,30,7,47

[hit]
frames=2
duration=300ms
type=play_once
frame=0,0,166,64,15,27,21,47
frame=0,1,300,92,13,24,23,53
frame=0,2,445,92,5,23,12,58
frame=0,3,493,192,1,1,80,112
frame=0,4,182,64,15,27,-8,58
frame=0,5,440,0,13,30,-12,53
frame=0,6,22,0,5,32,-9,48
frame=0,7,454,0,13,30,8,45
frame=1,0,198,64,15,27,21,47
frame=1,1,314,92,13,24,23,53
frame=1,2,451,92,5,23,12,58
frame=1,3,495,192,1,1,80,112
frame=1,4,214,64,15,27,-8,58
frame=1,5,468,0,13,30,-12,53
frame=1,6,28,0,5,32,-9,48
frame=1,7,482,0,13,30,8,45

[block]
frames=2
duration=300ms
type=play_once
frame=0,0,101,33,12,29,14,46
frame=0,1,230,64,10,27,18,50
frame=0,2,346,64,5,26,12,55
frame=0,3,497,192,1,1,80,112
frame=0,4,374,33,11,28,-5,56
frame=0,5,496,0,10,30,-10,52
frame=0,6,507,0,5,30,-9,47
frame=0,7,114,33,11,29,3,44
frame=1,0,170,178,32,12,28,50
frame=1,1,203,178,24,12,28,56
frame=1,2,161,161,5,14,12,63
frame=1,3,446,178,23,11,9,63
frame=1,4,228,178,31,12,1,61
frame=1,5,427,118,24,20,-6,59
frame=1,6,328,92,5,24,-9,56
frame=1,7,452,118,23,20,12,52

[cast]
frames=4
duration=600ms
type=play_once
frame=0,0,103,141,28,17,33,50
frame=0,1,260,178,22,12,32,55
frame=0,2,434,192,5,7,12,60
frame=0,3,283,178,21,12,3,63
frame=0,4,132,141,28,17,-7,61
frame=0,5,0,92,22,25,-12,56
frame=0,6,386,33,5,28,-9,51
frame=0,7,23,92,21,25,16,49
frame=1,0,167,161,31,14,27,62
frame=1,1,206,118,23,21,27,72
frame=1,2,45,92,5,25,12,80
frame=1,3,48,118,23,22,9,80
frame=1,4,429,161,31,13,2,72
frame=1,5,470,178,23,11,-6,64
frame=1,6,461,161,5,13,-9,60
frame=1,7,0,192,23,11,12,56
frame=2,0,199,161,31,14,27,62
frame=2,1,230,118,23,21,27,72
frame=2,2,51,92,5,25,12,80
frame=2,3,72,118,23,22,9,80
frame=2,4,467,161,31,13,2,72
frame=2,5,24,192,23,11,-6,64
frame=2,6,499,161,5,13,-9,60
frame=2,7,271,192,23,10,12,56
frame=3,0,161,141,28,17,33,50
frame=3,1,48,192,22,11,32,55
frame=3,2,440,192,5,7,12,60
frame=3,3,305,178,21,12,3,63
frame=3,4,190,141,28,17,-7,61
frame=3,5,57,92,22,25,-12,56
frame=3,6,392,33,5,28,-9,51
frame=3,7,80,92,21,25,16,49

[shoot]
frames=4
duration=600ms
type=play_once
frame=0,0,219,141,28,17,33,50
frame=0,1,327,178,22,12,32,55
frame=0,2,446,192,5,7,12,60
frame=0,3,350,178,21,12,3,63
frame=0,4,248,141,28,17,-7,61
frame=0,5,102,92,22,25,-12,56
frame=0,6,398,33,5,28,-9,51
frame=0,7,125,92,21,25,16,49
frame=1,0,231,161,31,14,27,62
frame=1,1,254,118,23,21,27,72
frame=1,2,147,92,5,25,12,80
frame=1,3,96,118,23,22,9,80
frame=1,4,0,178,31,13,2,72
frame=1,5,71,192,23,11,-6,64
frame=1,6,32,178,5,13,-9,60
frame=1,7,95,192,23,11,12,56
frame=2,0,263,161,31,14,27,62
frame=2,1,278,118,23,21,27,72
frame=2,2,153,92,5,25,12,80
frame=2,3,120,118,23,22,9,80
frame=2,4,38,178,31,13,2,72
frame=2,5,119,192,23,11,-6,64
frame=2,6,70,178,5,13,-9,60
frame=2,7,295,192,23,10,12,56
frame=3,0,277,141,28,17,33,50
frame=3,1,143,192,22,11,32,55
frame=3,2,452,192,5,7,12,60
frame=3,3,372,178,21,12,3,63
frame=3,4,306,141,28,17,-7,61
frame=3,5,159,92,22,25,-12,56
frame=3,6,404,33,5,28,-9,51
frame=3,7,182,92,21,25,16,49

[die]
frames=6
duration=900ms
type=play_once
frame=0,0,410,33,11,28,12,43
frame=0,1,126,33,10,29,17,49
frame=0,2,137,33,5,29,12,54
frame=0,3,499,192,1,1,80,112
frame=0,4,422,33,9,28,-5,54
frame=0,5,241,64,10,27,-9,49
frame=0,6,432,33,5,28,-9,44
frame=0,7,252,64,9,27,1,41
frame=1,0,334,92,14,24,8,47
frame=1,1,144,118,8,22,9,48
frame=1,2,319,192,7,10,12,52
frame=1,3,501,192,1,1,80,112
frame=1,4,0,33,14,30,4,57
frame=1,5,34,0,8,32,-3,56
frame=1,6,15,33,11,30,-3,52
frame=1,7,262,64,15,27,3,48
frame=2,0,295,161,22,14,-3,45
frame=2,1,327,192,10,10,-2,38
frame=2,2,166,192,10,11,13,39
frame=2,3,335,141,26,17,25,46
frame=2,4,352,64,22,26,23,56
frame=2,5,27,33,10,30,10,62
frame=2,6,438,33,18,28,3,61
frame=2,7,302,118,26,21,-1,54
frame=3,0,318,161,26,14,-24,38
frame=3,1,41,141,8,19,-20,29
frame=3,2,484,141,22,16,14,23
frame=3,3,338,192,32,10,43,25
frame=3,4,64,161,26,15,48,42
frame=3,5,50,141,8,19,26,57
frame=3,6,0,161,22,16,6,59
frame=3,7,401,192,32,9,-13,48
frame=4,0,278,64,17,27,-48,23
frame=4,1,143,33,11,29,-32,5
frame=4,2,457,92,25,23,15,-5
frame=4,3,345,161,27,14,54,0
frame=4,4,371,192,17,10,63,17
frame=4,5,389,192,11,10,41,36
frame=4,6,76,178,25,13,8,45
frame=4,7,476,118,27,20,-29,40
frame=5,0,296,64,17,27,-48,23
frame=5,1,155,33,12,29,-32,5
frame=5,2,483,92,25,23,15,-5
frame=5,3,91,161,27,15,54,0
frame=5,4,177,192,17,11,63,17
frame=5,5,195,192,12,11,42,36
frame=5,6,373,161,25,14,8,45
frame=5,7,329,118,27,21,-29,40
