image=custom_gear_smith_hammer.png

[stance]
frames=4
duration=800ms
type=back_forth
frame=0,0,438,25,11,22,17,50
frame=0,1,246,95,11,19,20,55
frame=0,2,106,169,9,11,14,60
frame=0,3,276,204,8,5,4,63
frame=0,4,450,25,11,22,-8,61
frame=0,5,249,0,11,23,-11,55
frame=0,6,261,0,9,23,-7,49
frame=0,7,0,0,11,24,5,48
frame=1,0,462,25,11,22,17,50
frame=1,1,480,72,11,20,20,55
frame=1,2,116,169,9,11,14,60
frame=1,3,238,204,7,6,4,63
frame=1,4,474,25,11,22,-8,61
frame=1,5,271,0,11,23,-11,55
frame=1,6,12,0,9,24,-7,49
frame=1,7,283,0,11,23,5,47
frame=2,0,486,25,12,22,17,51
frame=2,1,492,72,11,20,20,56
frame=2,2,126,169,9,11,14,60
frame=2,3,285,204,9,5,5,63
frame=2,4,116,72,12,21,-7,61
frame=2,5,295,0,11,23,-11,56
frame=2,6,307,0,9,23,-7,50
frame=2,7,317,0,12,23,5,48
frame=3,0,438,25,11,22,17,50
frame=3,1,246,95,11,19,20,55
frame=3,2,136,169,9,11,14,60
frame=3,3,276,204,8,5,4,63
frame=3,4,450,25,11,22,-8,61
frame=3,5,330,0,11,23,-11,55
frame=3,6,342,0,9,23,-7,49
frame=3,7,22,0,11,24,5,48

[run]
frames=10
duration=660ms
type=looped
frame=0,0,352,0,8,23,14,43
frame=0,1,361,0,10,23,21,49
frame=0,2,499,25,9,22,16,54
frame=0,3,12,193,5,9,5,57
frame=0,4,0,49,7,22,-9,55
frame=0,5,372,0,10,23,-13,50
frame=0,6,8,49,9,22,-9,43
frame=0,7,129,72,10,21,3,40
frame=1,0,383,0,7,23,14,43
frame=1,1,18,49,10,22,21,48
frame=1,2,29,49,10,22,16,54
frame=1,3,438,193,5,8,4,56
frame=1,4,40,49,7,22,-9,55
frame=1,5,48,49,10,22,-13,49
frame=1,6,140,72,10,21,-8,42
frame=1,7,59,49,9,22,3,40
frame=2,0,69,49,8,22,16,44
frame=2,1,151,72,10,21,21,50
frame=2,2,146,169,9,11,15,56
frame=2,3,295,204,4,5,3,58
frame=2,4,78,49,8,22,-10,56
frame=2,5,391,0,10,23,-13,50
frame=2,6,87,49,9,22,-8,43
frame=2,7,97,49,10,22,5,41
frame=3,0,108,49,10,22,19,47
frame=3,1,0,95,11,20,21,53
frame=3,2,0,182,10,10,14,58
frame=3,3,276,136,10,14,2,61
frame=3,4,119,49,10,22,-11,58
frame=3,5,402,0,11,23,-12,51
frame=3,6,414,0,10,23,-6,45
frame=3,7,425,0,11,23,7,44
frame=4,0,162,72,12,21,21,49
frame=4,1,258,95,11,19,21,55
frame=4,2,378,154,10,12,13,60
frame=4,3,270,95,13,19,1,62
frame=4,4,175,72,12,21,-11,58
frame=4,5,34,0,11,24,-12,52
frame=4,6,46,0,10,24,-5,46
frame=4,7,57,0,13,24,10,46
frame=5,0,188,72,14,21,22,49
frame=5,1,95,136,11,15,21,55
frame=5,2,124,154,10,13,13,59
frame=5,3,284,95,13,19,0,61
frame=5,4,130,49,14,22,-10,58
frame=5,5,437,0,12,23,-12,51
frame=5,6,71,0,10,24,-5,46
frame=5,7,450,0,13,23,11,45
frame=6,0,203,72,12,21,21,48
frame=6,1,22,136,11,16,21,54
frame=6,2,389,154,10,12,13,58
frame=6,3,61,116,12,18,1,60
frame=6,4,145,49,12,22,-11,57
frame=6,5,464,0,11,23,-12,50
frame=6,6,82,0,10,24,-5,45
frame=6,7,476,0,13,23,10,44
frame=7,0,490,0,10,23,19,47
frame=7,1,12,95,11,20,21,52
frame=7,2,11,182,10,10,14,57
frame=7,3,287,136,10,14,2,60
frame=7,4,158,49,10,22,-11,57
frame=7,5,501,0,11,23,-12,50
frame=7,6,0,25,10,23,-6,44
frame=7,7,11,25,11,23,7,43
frame=8,0,169,49,8,22,16,45
frame=8,1,216,72,10,21,21,51
frame=8,2,156,169,9,11,15,57
frame=8,3,300,204,4,5,3,59
frame=8,4,178,49,8,22,-10,57
frame=8,5,23,25,10,23,-13,51
frame=8,6,187,49,9,22,-8,44
frame=8,7,197,49,10,22,5,42
frame=9,0,208,49,7,22,14,44
frame=9,1,34,25,10,23,21,50
frame=9,2,298,136,10,14,16,55
frame=9,3,22,182,5,10,4,59
frame=9,4,216,49,7,22,-9,56
frame=9,5,224,49,10,22,-13,50
frame=9,6,235,49,10,22,-8,44
frame=9,7,45,25,9,23,3,42

[swing]
frames=8
duration=640ms
type=play_once
hit=160ms
frame=0,0,74,116,17,18,-13,40
frame=0,1,298,95,9,19,9,37
frame=0,2,135,154,18,13,36,40
frame=0,3,28,182,19,10,44,52
frame=0,4,154,154,17,13,28,66
frame=0,5,309,136,10,14,-1,69
frame=0,6,48,182,21,10,-17,61
frame=0,7,166,169,24,11,-22,47
frame=1,0,400,154,23,12,-19,44
frame=1,1,267,116,15,17,-6,38
frame=1,2,92,116,10,18,17,39
frame=1,3,172,154,17,13,39,44
frame=1,4,18,193,23,9,40,56
frame=1,5,191,169,12,11,19,68
frame=1,6,320,136,11,14,-8,68
frame=1,7,70,182,21,10,-20,57
frame=2,0,92,182,19,10,44,41
frame=2,1,112,182,10,10,33,56
frame=2,2,123,182,6,10,6,63
frame=2,3,130,182,20,10,-13,57
frame=2,4,107,136,22,15,-24,48
frame=2,5,103,116,13,18,-22,37
frame=2,6,308,95,10,19,0,31
frame=2,7,332,136,20,14,31,31
frame=3,0,42,193,9,9,-3,54
frame=3,1,151,182,14,10,-10,49
frame=3,2,130,136,13,15,-12,46
frame=3,3,34,136,12,16,-5,41
frame=3,4,424,154,22,12,10,37
frame=3,5,52,193,23,9,22,40
frame=3,6,353,136,13,14,23,49
frame=3,7,347,204,1,1,80,112
frame=4,0,166,182,11,10,-7,48
frame=4,1,204,169,17,11,-5,43
frame=4,2,447,154,8,12,-7,38
frame=4,3,367,136,19,14,6,39
frame=4,4,76,193,24,9,16,37
frame=4,5,456,154,20,12,20,44
frame=4,6,47,136,5,16,13,50
frame=4,7,178,182,9,10,1,51
frame=5,0,86,204,6,7,15,49
frame=5,1,188,182,12,10,0,59
frame=5,2,201,182,9,10,-10,55
frame=5,3,477,154,9,12,-10,49
frame=5,4,387,136,17,14,-2,44
frame=5,5,319,95,20,19,10,44
frame=5,6,55,25,14,23,17,48
frame=5,7,93,0,9,24,18,54
frame=6,0,70,25,10,23,20,55
frame=6,1,405,136,8,14,13,61
frame=6,2,101,193,7,9,-3,62
frame=6,3,24,95,8,20,-10,59
frame=6,4,340,95,10,19,-12,52
frame=6,5,33,95,13,20,-4,47
frame=6,6,81,25,13,23,8,46
frame=6,7,95,25,8,23,16,49
frame=7,0,246,49,11,22,17,51
frame=7,1,47,95,11,20,20,56
frame=7,2,126,169,9,11,14,60
frame=7,3,305,204,6,5,4,63
frame=7,4,227,72,11,21,-8,61
frame=7,5,103,0,11,24,-11,56
frame=7,6,115,0,9,24,-7,50
frame=7,7,104,25,11,23,5,48

[swing2]
frames=8
duration=680ms
type=play_once
hit=170ms
frame=0,0,414,136,23,14,-5,67
frame=0,1,109,193,21,9,6,60
frame=0,2,131,193,10,9,14,61
frame=0,3,444,193,17,8,27,67
frame=0,4,211,182,23,10,26,76
frame=0,5,283,116,21,17,13,83
frame=0,6,351,95,10,19,-6,82
frame=0,7,59,95,17,20,-12,77
frame=1,0,362,95,15,19,-17,55
frame=1,1,258,49,16,22,-5,49
frame=1,2,125,0,12,24,11,50
frame=1,3,138,0,11,24,27,56
frame=1,4,275,49,15,22,30,64
frame=1,5,117,116,16,18,19,69
frame=1,6,53,136,10,16,-3,69
frame=1,7,305,116,11,17,-18,63
frame=2,0,239,72,16,21,39,29
frame=2,1,317,116,14,17,41,40
frame=2,2,235,182,10,10,21,45
frame=2,3,246,204,5,6,-14,41
frame=2,4,378,95,16,19,-25,43
frame=2,5,116,25,17,23,-26,32
frame=2,6,150,0,11,24,-12,23
frame=2,7,162,0,13,24,18,22
frame=3,0,134,25,6,23,22,23
frame=3,1,134,116,10,18,30,27
frame=3,2,332,116,10,17,21,35
frame=3,3,322,204,5,4,-3,25
frame=3,4,77,95,6,20,-18,36
frame=3,5,256,72,10,21,-22,28
frame=3,6,291,49,11,22,-12,20
frame=3,7,141,25,10,23,6,18
frame=4,0,152,25,7,23,23,23
frame=4,1,160,25,9,23,30,33
frame=4,2,64,136,10,16,21,35
frame=4,3,328,204,4,4,-3,25
frame=4,4,84,95,7,20,-18,37
frame=4,5,267,72,10,21,-22,28
frame=4,6,278,72,11,21,-12,20
frame=4,7,303,49,10,22,7,18
frame=5,0,144,136,18,15,35,24
frame=5,1,246,182,14,10,37,33
frame=5,2,93,204,10,7,19,40
frame=5,3,343,204,3,3,-13,36
frame=5,4,163,136,17,15,-20,38
frame=5,5,92,95,18,20,-21,30
frame=5,6,314,49,10,22,-11,23
frame=5,7,111,95,14,20,16,20
frame=6,0,290,72,16,21,28,46
frame=6,1,176,0,14,24,30,56
frame=6,2,438,136,10,14,15,63
frame=6,3,181,136,9,15,-7,64
frame=6,4,126,95,16,20,-14,57
frame=6,5,343,116,14,17,-18,46
frame=6,6,190,154,10,13,-7,37
frame=6,7,358,116,15,17,14,38
frame=7,0,246,49,11,22,17,51
frame=7,1,47,95,11,20,20,56
frame=7,2,126,169,9,11,14,60
frame=7,3,305,204,6,5,4,63
frame=7,4,227,72,11,21,-8,61
frame=7,5,103,0,11,24,-11,56
frame=7,6,115,0,9,24,-7,50
frame=7,7,104,25,11,23,5,48

[swing3]
frames=8
duration=600ms
type=play_once
hit=150ms
frame=0,0,261,182,21,10,14,35
frame=0,1,462,193,21,8,27,39
frame=0,2,487,154,14,12,28,49
frame=0,3,283,182,9,10,13,57
frame=0,4,293,182,13,10,-3,57
frame=0,5,307,182,23,10,-6,50
frame=0,6,449,136,17,14,-13,44
frame=0,7,467,136,11,14,-5,38
frame=1,0,222,169,19,11,10,33
frame=1,1,104,204,21,7,24,35
frame=1,2,331,182,14,10,28,44
frame=1,3,484,193,10,8,16,52
frame=1,4,346,182,10,10,-2,54
frame=1,5,357,182,23,10,-3,48
frame=1,6,191,136,19,15,-11,44
frame=1,7,374,116,10,17,-8,39
frame=2,0,479,136,19,14,47,56
frame=2,1,499,136,11,14,27,69
frame=2,2,0,154,13,14,-4,72
frame=2,3,242,169,23,11,-21,61
frame=2,4,0,204,21,8,-28,44
frame=2,5,266,169,11,11,-18,34
frame=2,6,381,182,15,10,15,30
frame=2,7,142,193,21,9,42,39
frame=3,0,201,154,18,13,47,56
frame=3,1,211,136,9,15,24,69
frame=3,2,220,154,15,13,-6,70
frame=3,3,278,169,22,11,-24,59
frame=3,4,164,193,20,9,-29,42
frame=3,5,301,169,9,11,-17,31
frame=3,6,311,169,18,11,19,29
frame=3,7,185,193,22,9,44,38
frame=4,0,201,154,18,13,47,56
frame=4,1,211,136,9,15,24,69
frame=4,2,220,154,15,13,-6,70
frame=4,3,278,169,22,11,-24,59
frame=4,4,164,193,20,9,-29,42
frame=4,5,301,169,9,11,-17,31
frame=4,6,311,169,18,11,19,29
frame=4,7,185,193,22,9,44,38
frame=5,0,145,116,17,18,44,56
frame=5,1,385,116,11,17,28,69
frame=5,2,236,154,11,13,-2,73
frame=5,3,163,116,18,18,-21,65
frame=5,4,0,169,20,12,-26,49
frame=5,5,126,204,11,7,-19,35
frame=5,6,22,204,14,8,11,32
frame=5,7,248,154,19,13,37,41
frame=6,0,325,49,9,22,26,53
frame=6,1,170,25,10,23,25,62
frame=6,2,182,116,10,18,11,67
frame=6,3,335,49,9,22,-8,67
frame=6,4,345,49,9,22,-19,60
frame=6,5,307,72,10,21,-17,51
frame=6,6,318,72,10,21,-3,45
frame=6,7,355,49,9,22,15,46
frame=7,0,246,49,11,22,17,51
frame=7,1,47,95,11,20,20,56
frame=7,2,126,169,9,11,14,60
frame=7,3,305,204,6,5,4,63
frame=7,4,227,72,11,21,-8,61
frame=7,5,103,0,11,24,-11,56
frame=7,6,115,0,9,24,-7,50
frame=7,7,104,25,11,23,5,48

[hit]
frames=2
duration=300ms
type=play_once
frame=0,0,365,49,12,22,17,51
frame=0,1,143,95,12,20,20,56
frame=0,2,330,169,9,11,14,60
frame=0,3,312,204,9,5,5,63
frame=0,4,378,49,12,22,-7,62
frame=0,5,181,25,12,23,-10,56
frame=0,6,194,25,9,23,-7,50
frame=0,7,191,0,12,24,5,49
frame=1,0,365,49,12,22,17,51
frame=1,1,156,95,12,20,20,56
frame=1,2,126,169,9,11,14,60
frame=1,3,312,204,9,5,5,63
frame=1,4,378,49,12,22,-7,62
frame=1,5,181,25,12,23,-10,56
frame=1,6,204,25,9,23,-7,50
frame=1,7,204,0,12,24,5,49

[block]
frames=2
duration=300ms
type=play_once
frame=0,0,391,49,9,22,12,49
frame=0,1,329,72,10,21,17,53
frame=0,2,37,204,9,8,14,57
frame=0,3,138,204,4,7,6,61
frame=0,4,401,49,9,22,-5,60
frame=0,5,214,25,10,23,-9,55
frame=0,6,225,25,9,23,-7,50
frame=0,7,235,25,10,23,2,48
frame=1,0,340,169,23,11,17,53
frame=1,1,208,193,20,9,20,54
frame=1,2,397,182,9,10,14,59
frame=1,3,229,193,20,9,13,61
frame=1,4,364,169,23,11,4,63
frame=1,5,397,116,20,17,-2,62
frame=1,6,395,95,9,19,-7,58
frame=1,7,418,116,20,17,5,55

[cast]
frames=6
duration=600ms
type=play_once
hit=300ms
frame=0,0,268,154,24,13,18,46
frame=0,1,193,116,18,18,19,53
frame=0,2,405,95,10,19,14,58
frame=0,3,388,169,12,11,12,54
frame=0,4,143,204,24,7,4,54
frame=0,5,168,204,12,7,-9,49
frame=0,6,407,182,9,10,-7,46
frame=0,7,250,193,21,9,7,44
frame=1,0,21,169,23,12,17,43
frame=1,1,439,116,20,17,19,49
frame=1,2,169,95,10,20,13,55
frame=1,3,272,193,8,9,11,48
frame=1,4,281,193,23,9,4,52
frame=1,5,252,204,11,6,-10,46
frame=1,6,45,169,8,12,-7,46
frame=1,7,417,182,19,10,6,43
frame=2,0,401,169,23,11,17,42
frame=2,1,460,116,20,17,19,49
frame=2,2,180,95,10,20,13,55
frame=2,3,14,154,14,14,11,53
frame=2,4,437,182,23,10,4,51
frame=2,5,264,204,11,6,-10,45
frame=2,6,461,182,8,10,-7,43
frame=2,7,470,182,19,10,6,42
frame=3,0,340,72,20,21,15,62
frame=3,1,75,136,19,16,27,65
frame=3,2,425,169,12,11,24,70
frame=3,3,490,182,12,10,16,76
frame=3,4,221,136,20,15,3,79
frame=3,5,191,95,19,20,-10,76
frame=3,6,246,25,12,23,-14,69
frame=3,7,259,25,13,23,-5,63
frame=4,0,416,95,21,19,12,61
frame=4,1,29,154,20,14,26,63
frame=4,2,0,193,11,10,24,69
frame=4,3,305,193,14,9,19,75
frame=4,4,50,154,21,14,7,79
frame=4,5,438,95,20,19,-8,77
frame=4,6,411,49,12,22,-15,70
frame=4,7,424,49,14,22,-7,64
frame=5,0,246,49,11,22,17,51
frame=5,1,47,95,11,20,20,56
frame=5,2,126,169,9,11,14,60
frame=5,3,305,204,6,5,4,63
frame=5,4,227,72,11,21,-8,61
frame=5,5,103,0,11,24,-11,56
frame=5,6,115,0,9,24,-7,50
frame=5,7,104,25,11,23,5,48

[shoot]
frames=7
duration=700ms
type=play_once
hit=300ms
frame=0,0,439,49,9,22,12,41
frame=0,1,449,49,7,22,25,48
frame=0,2,457,49,9,22,27,57
frame=0,3,361,72,7,21,14,64
frame=0,4,369,72,9,21,-5,65
frame=0,5,467,49,7,22,-20,58
frame=0,6,273,25,9,23,-20,49
frame=0,7,475,49,9,22,-7,42
frame=1,0,485,49,9,22,8,42
frame=1,1,495,49,8,22,23,47
frame=1,2,379,72,9,21,28,55
frame=1,3,389,72,8,21,18,63
frame=1,4,398,72,6,21,-2,66
frame=1,5,283,25,8,23,-17,61
frame=1,6,292,25,9,23,-21,52
frame=1,7,0,72,10,22,-10,44
frame=2,0,485,49,9,22,8,42
frame=2,1,495,49,8,22,23,47
frame=2,2,379,72,9,21,28,55
frame=2,3,389,72,8,21,18,63
frame=2,4,405,72,6,21,-2,66
frame=2,5,283,25,8,23,-17,61
frame=2,6,292,25,9,23,-21,52
frame=2,7,0,72,10,22,-10,44
frame=3,0,302,25,13,23,11,48
frame=3,1,412,72,13,21,25,52
frame=3,2,459,95,12,19,29,60
frame=3,3,212,116,10,18,17,67
frame=3,4,472,95,13,19,0,69
frame=3,5,11,72,13,22,-14,66
frame=3,6,316,25,12,23,-19,58
frame=3,7,217,0,10,24,-9,51
frame=4,0,329,25,11,23,10,46
frame=4,1,426,72,11,21,24,50
frame=4,2,211,95,10,20,28,58
frame=4,3,223,116,10,18,17,65
frame=4,4,222,95,11,20,-1,68
frame=4,5,25,72,11,22,-15,64
frame=4,6,341,25,10,23,-20,56
frame=4,7,352,25,10,23,-9,49
frame=5,0,47,204,22,8,16,39
frame=5,1,242,136,22,15,25,47
frame=5,2,486,95,14,19,20,56
frame=5,3,181,204,6,7,13,48
frame=5,4,438,169,14,11,-4,57
frame=5,5,320,193,21,9,-6,50
frame=5,6,342,193,14,9,-8,44
frame=5,7,357,193,14,9,-1,40
frame=6,0,246,49,11,22,17,51
frame=6,1,47,95,11,20,20,56
frame=6,2,453,169,9,11,14,60
frame=6,3,305,204,6,5,4,63
frame=6,4,227,72,11,21,-8,61
frame=6,5,103,0,11,24,-11,56
frame=6,6,228,0,9,24,-7,50
frame=6,7,104,25,11,23,5,48

[die]
frames=6
duration=900ms
type=play_once
frame=0,0,363,25,8,23,13,47
frame=0,1,372,25,10,23,19,52
frame=0,2,383,25,9,23,14,57
frame=0,3,347,204,1,1,80,112
frame=0,4,393,25,8,23,-7,58
frame=0,5,37,72,10,22,-11,52
frame=0,6,438,72,9,21,-7,46
frame=0,7,48,72,10,22,4,45
frame=1,0,234,95,11,20,5,50
frame=1,1,234,116,10,18,11,51
frame=1,2,54,169,10,12,15,54
frame=1,3,333,204,9,4,12,58
frame=1,4,402,25,11,23,4,60
frame=1,5,238,0,10,24,-3,59
frame=1,6,414,25,12,23,-5,55
frame=1,7,59,72,13,22,-1,52
frame=2,0,65,169,18,12,-10,47
frame=2,1,372,193,10,9,-4,41
frame=2,2,383,193,14,9,16,41
frame=2,3,72,154,21,14,28,48
frame=2,4,0,116,18,19,26,58
frame=2,5,427,25,10,23,12,65
frame=2,6,73,72,16,22,-2,64
frame=2,7,245,116,21,18,-9,57
frame=3,0,293,154,21,13,-32,35
frame=3,1,94,154,10,14,-20,22
frame=3,2,315,154,18,13,17,19
frame=3,3,188,204,23,7,45,25
frame=3,4,84,169,21,12,51,44
frame=3,5,265,136,10,15,28,59
frame=3,6,105,154,18,14,-1,62
frame=3,7,398,193,23,9,-24,50
frame=4,0,448,72,15,21,-53,14
frame=4,1,90,72,12,22,-29,-5
frame=4,2,19,116,20,19,18,-12
frame=4,3,334,154,21,13,57,-4
frame=4,4,70,204,15,8,66,16
frame=4,5,212,204,12,7,39,35
frame=4,6,463,169,20,11,0,42
frame=4,7,481,116,21,17,-38,34
frame=5,0,464,72,15,21,-53,14
frame=5,1,103,72,12,22,-29,-5
frame=5,2,40,116,20,19,18,-12
frame=5,3,356,154,21,13,57,-4
frame=5,4,422,193,15,9,66,16
frame=5,5,225,204,12,7,39,35
frame=5,6,484,169,20,11,0,42
frame=5,7,0,136,21,17,-38,34
