image=custom_gear_staff_grey_smear.png

[stance]
frames=1
duration=100ms
type=play_once
frame=0,0,355,253,1,1,80,112
frame=0,1,355,253,1,1,80,112
frame=0,2,355,253,1,1,80,112
frame=0,3,355,253,1,1,80,112
frame=0,4,355,253,1,1,80,112
frame=0,5,355,253,1,1,80,112
frame=0,6,355,253,1,1,80,112
frame=0,7,355,253,1,1,80,112

[swing]
frames=8
duration=640ms
type=play_once
frame=0,0,355,253,1,1,80,112
frame=0,1,355,253,1,1,80,112
frame=0,2,355,253,1,1,80,112
frame=0,3,355,253,1,1,80,112
frame=0,4,355,253,1,1,80,112
frame=0,5,355,253,1,1,80,112
frame=0,6,355,253,1,1,80,112
frame=0,7,355,253,1,1,80,112
frame=1,0,355,253,1,1,80,112
frame=1,1,355,253,1,1,80,112
frame=1,2,355,253,1,1,80,112
frame=1,3,355,253,1,1,80,112
frame=1,4,355,253,1,1,80,112
frame=1,5,355,253,1,1,80,112
frame=1,6,355,253,1,1,80,112
frame=1,7,355,253,1,1,80,112
frame=2,0,128,217,113,23,57,35
frame=2,1,140,174,86,39,59,53
frame=2,2,238,103,56,50,59,64
frame=2,3,0,174,97,42,58,70
frame=2,4,227,174,113,38,54,74
frame=2,5,150,103,87,59,26,74
frame=2,6,90,103,59,66,-2,70
frame=2,7,295,103,97,48,37,56
frame=3,0,242,217,74,23,54,57
frame=3,1,76,253,76,16,38,59
frame=3,2,388,174,37,35,-8,61
frame=3,3,426,174,45,35,-8,53
frame=3,4,342,217,80,21,21,33
frame=3,5,52,217,75,28,36,34
frame=3,6,393,103,42,46,43,50
frame=3,7,98,174,41,42,51,56
frame=4,0,355,253,1,1,80,112
frame=4,1,355,253,1,1,80,112
frame=4,2,355,253,1,1,80,112
frame=4,3,355,253,1,1,80,112
frame=4,4,355,253,1,1,80,112
frame=4,5,355,253,1,1,80,112
frame=4,6,355,253,1,1,80,112
frame=4,7,355,253,1,1,80,112
frame=5,0,355,253,1,1,80,112
frame=5,1,355,253,1,1,80,112
frame=5,2,355,253,1,1,80,112
frame=5,3,355,253,1,1,80,112
frame=5,4,355,253,1,1,80,112
frame=5,5,355,253,1,1,80,112
frame=5,6,355,253,1,1,80,112
frame=5,7,355,253,1,1,80,112
frame=6,0,355,253,1,1,80,112
frame=6,1,355,253,1,1,80,112
frame=6,2,355,253,1,1,80,112
frame=6,3,355,253,1,1,80,112
frame=6,4,355,253,1,1,80,112
frame=6,5,355,253,1,1,80,112
frame=6,6,355,253,1,1,80,112
frame=6,7,355,253,1,1,80,112
frame=7,0,355,253,1,1,80,112
frame=7,1,355,253,1,1,80,112
frame=7,2,355,253,1,1,80,112
frame=7,3,355,253,1,1,80,112
frame=7,4,355,253,1,1,80,112
frame=7,5,355,253,1,1,80,112
frame=7,6,355,253,1,1,80,112
frame=7,7,355,253,1,1,80,112

[swing2]
frames=8
duration=680ms
type=play_once
frame=0,0,355,253,1,1,80,112
frame=0,1,355,253,1,1,80,112
frame=0,2,355,253,1,1,80,112
frame=0,3,355,253,1,1,80,112
frame=0,4,355,253,1,1,80,112
frame=0,5,355,253,1,1,80,112
frame=0,6,355,253,1,1,80,112
frame=0,7,355,253,1,1,80,112
frame=1,0,355,253,1,1,80,112
frame=1,1,355,253,1,1,80,112
frame=1,2,355,253,1,1,80,112
frame=1,3,355,253,1,1,80,112
frame=1,4,355,253,1,1,80,112
frame=1,5,355,253,1,1,80,112
frame=1,6,355,253,1,1,80,112
frame=1,7,355,253,1,1,80,112
frame=2,0,264,0,105,81,60,81
frame=2,1,0,103,89,70,58,87
frame=2,2,177,0,23,86,22,98
frame=2,3,201,0,62,83,33,101
frame=2,4,370,0,105,74,43,97
frame=2,5,87,0,89,88,29,95
frame=2,6,0,0,23,102,-1,93
frame=2,7,24,0,62,94,27,86
frame=3,0,218,253,24,14,44,1
frame=3,1,0,253,19,19,46,17
frame=3,2,20,253,3,18,20,31
frame=3,3,423,217,16,20,-3,33
frame=3,4,307,253,25,12,-22,19
frame=3,5,333,253,18,12,-29,8
frame=3,6,352,253,2,2,-20,-14
frame=3,7,153,253,19,15,16,-4
frame=4,0,355,253,1,1,80,112
frame=4,1,355,253,1,1,80,112
frame=4,2,355,253,1,1,80,112
frame=4,3,355,253,1,1,80,112
frame=4,4,355,253,1,1,80,112
frame=4,5,355,253,1,1,80,112
frame=4,6,355,253,1,1,80,112
frame=4,7,355,253,1,1,80,112
frame=5,0,355,253,1,1,80,112
frame=5,1,355,253,1,1,80,112
frame=5,2,355,253,1,1,80,112
frame=5,3,355,253,1,1,80,112
frame=5,4,355,253,1,1,80,112
frame=5,5,355,253,1,1,80,112
frame=5,6,355,253,1,1,80,112
frame=5,7,355,253,1,1,80,112
frame=6,0,355,253,1,1,80,112
frame=6,1,355,253,1,1,80,112
frame=6,2,355,253,1,1,80,112
frame=6,3,355,253,1,1,80,112
frame=6,4,355,253,1,1,80,112
frame=6,5,355,253,1,1,80,112
frame=6,6,355,253,1,1,80,112
frame=6,7,355,253,1,1,80,112
frame=7,0,355,253,1,1,80,112
frame=7,1,355,253,1,1,80,112
frame=7,2,355,253,1,1,80,112
frame=7,3,355,253,1,1,80,112
frame=7,4,355,253,1,1,80,112
frame=7,5,355,253,1,1,80,112
frame=7,6,355,253,1,1,80,112
frame=7,7,355,253,1,1,80,112

[swing3]
frames=8
duration=600ms
type=play_once
frame=0,0,355,253,1,1,80,112
frame=0,1,355,253,1,1,80,112
frame=0,2,355,253,1,1,80,112
frame=0,3,355,253,1,1,80,112
frame=0,4,355,253,1,1,80,112
frame=0,5,355,253,1,1,80,112
frame=0,6,355,253,1,1,80,112
frame=0,7,355,253,1,1,80,112
frame=1,0,355,253,1,1,80,112
frame=1,1,355,253,1,1,80,112
frame=1,2,355,253,1,1,80,112
frame=1,3,355,253,1,1,80,112
frame=1,4,355,253,1,1,80,112
frame=1,5,355,253,1,1,80,112
frame=1,6,355,253,1,1,80,112
frame=1,7,355,253,1,1,80,112
frame=2,0,341,174,46,37,60,54
frame=2,1,436,103,24,44,49,73
frame=2,2,0,217,51,35,34,77
frame=2,3,243,253,63,14,11,65
frame=2,4,173,253,44,15,-18,53
frame=2,5,317,217,24,23,-27,42
frame=2,6,24,253,51,17,15,29
frame=2,7,440,217,65,20,52,32
frame=3,0,355,253,1,1,80,112
frame=3,1,355,253,1,1,80,112
frame=3,2,355,253,1,1,80,112
frame=3,3,355,253,1,1,80,112
frame=3,4,355,253,1,1,80,112
frame=3,5,355,253,1,1,80,112
frame=3,6,355,253,1,1,80,112
frame=3,7,355,253,1,1,80,112
frame=4,0,355,253,1,1,80,112
frame=4,1,355,253,1,1,80,112
frame=4,2,355,253,1,1,80,112
frame=4,3,355,253,1,1,80,112
frame=4,4,355,253,1,1,80,112
frame=4,5,355,253,1,1,80,112
frame=4,6,355,253,1,1,80,112
frame=4,7,355,253,1,1,80,112
frame=5,0,355,253,1,1,80,112
frame=5,1,355,253,1,1,80,112
frame=5,2,355,253,1,1,80,112
frame=5,3,355,253,1,1,80,112
frame=5,4,355,253,1,1,80,112
frame=5,5,355,253,1,1,80,112
frame=5,6,355,253,1,1,80,112
frame=5,7,355,253,1,1,80,112
frame=6,0,355,253,1,1,80,112
frame=6,1,355,253,1,1,80,112
frame=6,2,355,253,1,1,80,112
frame=6,3,355,253,1,1,80,112
frame=6,4,355,253,1,1,80,112
frame=6,5,355,253,1,1,80,112
frame=6,6,355,253,1,1,80,112
frame=6,7,355,253,1,1,80,112
frame=7,0,355,253,1,1,80,112
frame=7,1,355,253,1,1,80,112
frame=7,2,355,253,1,1,80,112
frame=7,3,355,253,1,1,80,112
frame=7,4,355,253,1,1,80,112
frame=7,5,355,253,1,1,80,112
frame=7,6,355,253,1,1,80,112
frame=7,7,355,253,1,1,80,112
