image=custom_gear_staff.png

[stance]
frames=4
duration=800ms
type=back_forth
frame=0,0,470,130,25,56,25,63
frame=0,1,445,304,20,50,26,66
frame=0,2,355,356,8,47,14,71
frame=0,3,466,304,20,50,7,74
frame=0,4,0,190,25,56,-2,73
frame=0,5,192,0,20,63,-8,70
frame=0,6,18,0,8,65,-8,65
frame=0,7,445,0,20,62,11,62
frame=1,0,26,190,24,56,25,62
frame=1,1,487,304,19,50,26,66
frame=1,2,250,356,8,48,14,71
frame=1,3,407,247,19,51,6,74
frame=1,4,51,190,24,56,-3,73
frame=1,5,466,0,19,62,-9,69
frame=1,6,155,0,8,64,-8,64
frame=1,7,213,0,19,63,11,62
frame=2,0,76,190,27,56,26,63
frame=2,1,120,356,21,49,27,66
frame=2,2,52,407,8,46,14,71
frame=2,3,142,356,20,49,7,74
frame=2,4,104,190,27,56,-1,74
frame=2,5,233,0,21,63,-8,71
frame=2,6,27,0,8,65,-8,66
frame=2,7,255,0,20,63,11,63
frame=3,0,132,190,25,56,25,63
frame=3,1,0,356,20,50,26,66
frame=3,2,364,356,8,47,14,71
frame=3,3,21,356,20,50,7,74
frame=3,4,158,190,25,56,-2,73
frame=3,5,276,0,20,63,-8,70
frame=3,6,36,0,8,65,-8,65
frame=3,7,486,0,20,62,11,62

[run]
frames=8
duration=640ms
type=looped
frame=0,0,255,247,37,52,30,63
frame=0,1,299,455,28,41,29,64
frame=0,2,375,499,8,36,14,67
frame=0,3,211,499,28,39,12,72
frame=0,4,293,247,37,52,5,74
frame=0,5,0,67,28,62,-3,73
frame=0,6,0,0,8,66,-8,69
frame=0,7,29,67,28,62,14,65
frame=1,0,79,407,47,45,36,62
frame=1,1,59,576,36,31,34,62
frame=1,2,243,660,8,16,14,65
frame=1,3,204,576,35,30,15,69
frame=1,4,127,407,47,45,9,73
frame=1,5,422,67,36,59,0,74
frame=1,6,45,0,8,65,-8,71
frame=1,7,459,67,35,59,18,66
frame=2,0,328,455,51,41,38,61
frame=2,1,469,576,38,26,35,60
frame=2,2,453,682,8,12,14,62
frame=2,3,0,609,38,26,16,68
frame=2,4,55,455,51,42,11,72
frame=2,5,349,130,38,57,1,73
frame=2,6,164,0,8,64,-8,71
frame=2,7,122,130,38,58,20,66
frame=3,0,175,407,47,45,36,62
frame=3,1,96,576,36,31,34,62
frame=3,2,252,660,8,16,14,65
frame=3,3,240,576,35,30,15,69
frame=3,4,223,407,47,45,9,73
frame=3,5,0,130,36,59,0,74
frame=3,6,54,0,8,65,-8,71
frame=3,7,37,130,35,59,18,66
frame=4,0,331,247,37,52,30,63
frame=4,1,380,455,28,41,29,64
frame=4,2,384,499,8,36,14,67
frame=4,3,240,499,28,39,12,72
frame=4,4,369,247,37,52,5,74
frame=4,5,58,67,28,62,-3,73
frame=4,6,9,0,8,66,-8,69
frame=4,7,87,67,28,62,14,65
frame=5,0,184,190,25,56,22,62
frame=5,1,427,247,20,51,24,65
frame=5,2,259,356,8,48,14,69
frame=5,3,355,660,10,15,9,72
frame=5,4,210,190,25,56,1,73
frame=5,5,297,0,20,63,-6,71
frame=5,6,63,0,8,65,-8,66
frame=5,7,116,67,19,62,8,63
frame=6,0,161,130,19,58,18,61
frame=6,1,213,247,16,53,21,64
frame=6,2,448,247,8,51,14,68
frame=6,3,230,247,15,53,8,71
frame=6,4,181,130,19,58,-1,72
frame=6,5,136,67,16,62,-7,69
frame=6,6,318,0,8,63,-8,64
frame=6,7,153,67,16,62,6,61
frame=7,0,236,190,25,56,22,62
frame=7,1,457,247,20,51,24,65
frame=7,2,268,356,8,48,14,69
frame=7,3,366,660,10,15,9,72
frame=7,4,262,190,25,56,1,73
frame=7,5,327,0,20,63,-6,71
frame=7,6,72,0,8,65,-8,66
frame=7,7,348,0,19,63,8,63

[swing]
frames=6
duration=600ms
type=play_once
frame=0,0,288,190,25,56,24,64
frame=0,1,163,356,20,49,25,67
frame=0,2,373,356,8,47,14,72
frame=0,3,42,356,20,50,8,75
frame=0,4,314,190,25,56,-1,75
frame=0,5,170,67,20,62,-7,72
frame=0,6,81,0,8,65,-8,68
frame=0,7,191,67,20,62,10,64
frame=1,0,443,636,60,21,44,63
frame=1,1,66,710,35,10,32,63
frame=1,2,432,682,20,13,17,69
frame=1,3,0,682,54,14,20,71
frame=1,4,410,499,60,35,14,77
frame=1,5,0,304,35,51,1,78
frame=1,6,158,247,20,54,1,75
frame=1,7,409,455,54,41,32,68
frame=2,0,0,697,64,12,43,62
frame=2,1,276,576,33,29,29,76
frame=2,2,133,576,25,31,20,81
frame=2,3,261,660,60,16,26,75
frame=2,4,0,660,64,21,19,75
frame=2,5,295,499,33,38,2,78
frame=2,6,269,499,25,39,3,74
frame=2,7,94,609,60,25,32,66
frame=3,0,201,130,20,58,22,64
frame=3,1,179,247,18,54,26,69
frame=3,2,36,304,9,51,16,74
frame=3,3,65,660,9,20,6,77
frame=3,4,340,190,20,56,-4,76
frame=3,5,352,67,18,61,-10,72
frame=3,6,173,0,9,64,-9,67
frame=3,7,212,67,14,62,6,63
frame=4,0,271,407,35,45,17,50
frame=4,1,388,130,35,57,25,58
frame=4,2,90,0,19,65,21,66
frame=4,3,110,0,17,65,15,70
frame=4,4,222,130,35,58,16,68
frame=4,5,382,356,35,47,8,61
frame=4,6,393,499,16,36,-7,53
frame=4,7,329,499,17,37,0,48
frame=5,0,361,190,25,56,24,64
frame=5,1,184,356,19,49,25,67
frame=5,2,418,356,8,47,14,72
frame=5,3,63,356,20,50,8,75
frame=5,4,387,190,25,56,-1,75
frame=5,5,227,67,19,62,-8,72
frame=5,6,183,0,8,64,-8,67
frame=5,7,247,67,20,62,10,64

[hit]
frames=2
duration=300ms
type=play_once
frame=0,0,64,247,27,55,26,63
frame=0,1,277,356,22,48,27,66
frame=0,2,61,407,8,46,14,71
frame=0,3,204,356,22,49,8,74
frame=0,4,413,190,27,56,-1,74
frame=0,5,368,0,22,63,-7,71
frame=0,6,128,0,8,65,-8,66
frame=0,7,268,67,22,62,12,63
frame=1,0,92,247,27,55,26,63
frame=1,1,300,356,22,48,27,66
frame=1,2,70,407,8,46,14,71
frame=1,3,227,356,22,49,8,74
frame=1,4,441,190,27,56,-1,74
frame=1,5,391,0,22,63,-7,71
frame=1,6,137,0,8,65,-8,66
frame=1,7,291,67,22,62,12,63

[block]
frames=2
duration=300ms
type=play_once
frame=0,0,258,130,17,58,17,62
frame=0,1,198,247,14,54,20,65
frame=0,2,246,247,8,53,14,70
frame=0,3,377,660,8,15,7,73
frame=0,4,276,130,17,58,-2,73
frame=0,5,371,67,14,61,-8,69
frame=0,6,414,0,8,63,-8,65
frame=0,7,314,67,14,62,5,62
frame=1,0,75,660,65,19,43,55
frame=1,1,386,660,47,15,38,58
frame=1,2,257,609,8,23,14,67
frame=1,3,434,660,48,15,23,65
frame=1,4,141,660,65,19,20,66
frame=1,5,114,499,47,40,7,71
frame=1,6,323,356,8,48,-8,69
frame=1,7,162,499,48,40,23,63

[cast]
frames=4
duration=600ms
type=play_once
frame=0,0,55,541,58,33,47,59
frame=0,1,55,682,43,14,41,58
frame=0,2,210,710,8,8,14,61
frame=0,3,99,682,43,14,15,66
frame=0,4,114,541,58,33,9,70
frame=0,5,46,304,43,51,0,71
frame=0,6,73,130,8,59,-8,68
frame=0,7,90,304,43,51,26,63
frame=1,0,266,609,64,23,42,66
frame=1,1,316,407,47,43,38,82
frame=1,2,84,356,8,50,14,91
frame=1,3,107,455,47,42,22,89
frame=1,4,331,609,64,23,20,77
frame=1,5,65,697,47,12,7,67
frame=1,6,207,660,8,19,-8,65
frame=1,7,321,697,47,11,23,59
frame=2,0,396,609,64,23,42,66
frame=2,1,364,407,47,43,38,82
frame=2,2,93,356,8,50,14,91
frame=2,3,155,455,47,42,22,89
frame=2,4,0,636,64,23,20,77
frame=2,5,113,697,47,12,7,67
frame=2,6,216,660,8,19,-8,65
frame=2,7,369,697,47,11,23,59
frame=3,0,409,541,58,32,47,59
frame=3,1,143,682,43,14,41,58
frame=3,2,219,710,8,8,14,61
frame=3,3,187,682,43,14,15,66
frame=3,4,173,541,58,33,9,70
frame=3,5,134,304,43,51,0,71
frame=3,6,82,130,8,59,-8,68
frame=3,7,178,304,43,51,26,63

[shoot]
frames=4
duration=600ms
type=play_once
frame=0,0,232,541,58,33,47,59
frame=0,1,231,682,43,14,41,58
frame=0,2,228,710,8,8,14,61
frame=0,3,275,682,43,14,15,66
frame=0,4,291,541,58,33,9,70
frame=0,5,222,304,43,51,0,71
frame=0,6,91,130,8,59,-8,68
frame=0,7,266,304,43,51,26,63
frame=1,0,65,636,64,23,42,66
frame=1,1,412,407,47,43,38,82
frame=1,2,102,356,8,50,14,91
frame=1,3,203,455,47,42,22,89
frame=1,4,130,636,64,23,20,77
frame=1,5,161,697,47,12,7,67
frame=1,6,225,660,8,19,-8,65
frame=1,7,417,697,47,11,23,59
frame=2,0,195,636,64,23,42,66
frame=2,1,460,407,47,43,38,82
frame=2,2,111,356,8,50,14,91
frame=2,3,251,455,47,42,22,89
frame=2,4,260,636,64,23,20,77
frame=2,5,209,697,47,12,7,67
frame=2,6,234,660,8,19,-8,65
frame=2,7,465,697,47,11,23,59
frame=3,0,0,576,58,32,47,59
frame=3,1,319,682,43,14,41,58
frame=3,2,237,710,8,8,14,61
frame=3,3,363,682,43,14,15,66
frame=3,4,350,541,58,33,9,70
frame=3,5,310,304,43,51,0,71
frame=3,6,100,130,8,59,-8,68
frame=3,7,354,304,43,51,26,63

[die]
frames=6
duration=900ms
type=play_once
frame=0,0,294,130,12,58,15,60
frame=0,1,411,67,10,60,19,66
frame=0,2,386,67,8,61,14,71
frame=0,3,407,682,8,14,2,73
frame=0,4,109,130,12,59,-5,71
frame=0,5,424,130,10,57,-11,65
frame=0,6,120,247,8,55,-8,59
frame=0,7,469,190,11,56,4,57
frame=1,0,332,356,22,48,12,60
frame=1,1,307,407,8,44,10,60
frame=1,2,325,636,13,23,18,65
frame=1,3,129,247,28,55,17,71
frame=1,4,329,67,22,62,8,75
frame=1,5,146,0,8,65,-4,74
frame=1,6,423,0,21,63,1,70
frame=1,7,481,190,28,56,9,64
frame=2,0,210,609,46,24,8,51
frame=2,1,416,682,15,14,0,42
frame=2,2,322,660,32,16,22,44
frame=2,3,0,541,54,34,40,56
frame=2,4,398,304,46,51,36,70
frame=2,5,395,67,15,61,13,79
frame=2,6,435,130,34,57,10,77
frame=2,7,0,455,54,43,12,66
frame=3,0,155,609,54,25,-11,43
frame=3,1,347,499,13,37,-18,37
frame=3,2,310,576,44,29,26,29
frame=3,3,102,710,65,9,61,26
frame=3,4,39,609,54,26,63,49
frame=3,5,361,499,13,37,29,67
frame=3,6,159,576,44,31,16,68
frame=3,7,0,710,65,11,2,51
frame=4,0,0,247,31,56,-42,36
frame=4,1,307,130,20,58,-27,18
frame=4,2,427,356,51,47,29,6
frame=4,3,355,576,56,28,70,6
frame=4,4,257,697,31,12,71,18
frame=4,5,168,710,20,9,45,36
frame=4,6,339,636,51,22,20,49
frame=4,7,0,499,56,41,-16,49
frame=5,0,32,247,31,56,-42,36
frame=5,1,328,130,20,58,-27,18
frame=5,2,0,407,51,47,29,6
frame=5,3,412,576,56,28,70,6
frame=5,4,289,697,31,12,71,18
frame=5,5,189,710,20,9,45,36
frame=5,6,391,636,51,22,20,49
frame=5,7,57,499,56,41,-16,49
