image=custom_gear_wand.png

[stance]
frames=4
duration=800ms
type=back_forth
frame=0,0,98,23,11,19,17,48
frame=0,1,250,44,9,17,20,53
frame=0,2,317,95,6,9,13,58
frame=0,3,17,116,1,1,80,112
frame=0,4,110,23,11,19,-8,58
frame=0,5,21,0,9,21,-13,53
frame=0,6,31,0,6,21,-9,47
frame=0,7,321,0,10,20,5,45
frame=1,0,122,23,10,19,17,47
frame=1,1,48,44,9,18,20,53
frame=1,2,324,95,6,9,13,58
frame=1,3,19,116,1,1,80,112
frame=1,4,133,23,10,19,-9,58
frame=1,5,332,0,9,20,-13,52
frame=1,6,38,0,6,21,-9,47
frame=1,7,45,0,9,21,5,45
frame=2,0,144,23,11,19,17,48
frame=2,1,260,44,10,17,20,53
frame=2,2,331,95,6,9,13,58
frame=2,3,21,116,1,1,80,112
frame=2,4,156,23,11,19,-8,59
frame=2,5,342,0,10,20,-12,53
frame=2,6,55,0,6,21,-9,48
frame=2,7,62,0,10,21,5,46
frame=3,0,168,23,11,19,17,48
frame=3,1,271,44,9,17,20,53
frame=3,2,338,95,6,9,13,58
frame=3,3,23,116,1,1,80,112
frame=3,4,180,23,11,19,-8,58
frame=3,5,73,0,9,21,-13,53
frame=3,6,0,0,6,22,-9,48
frame=3,7,353,0,10,20,5,45

[run]
frames=8
duration=640ms
type=looped
frame=0,0,58,44,14,18,16,49
frame=0,1,179,64,12,15,20,53
frame=0,2,305,81,6,11,13,58
frame=0,3,464,64,10,13,5,61
frame=0,4,73,44,14,18,-4,60
frame=0,5,364,0,12,20,-10,56
frame=0,6,83,0,6,21,-9,51
frame=0,7,377,0,11,20,4,48
frame=1,0,0,64,17,16,18,51
frame=1,1,208,81,14,12,21,54
frame=1,2,80,95,6,10,13,59
frame=1,3,312,81,12,11,6,62
frame=1,4,18,64,17,16,-3,61
frame=1,5,389,0,14,20,-9,58
frame=1,6,90,0,6,21,-9,53
frame=1,7,192,23,13,19,5,50
frame=2,0,192,64,18,15,18,50
frame=2,1,325,81,14,11,21,54
frame=2,2,423,95,6,8,13,58
frame=2,3,340,81,15,11,7,61
frame=2,4,211,64,18,15,-2,61
frame=2,5,206,23,14,19,-9,58
frame=2,6,97,0,6,21,-9,53
frame=2,7,221,23,15,19,6,50
frame=3,0,36,64,17,16,18,51
frame=3,1,223,81,14,12,21,54
frame=3,2,87,95,6,10,13,59
frame=3,3,356,81,12,11,6,62
frame=3,4,54,64,17,16,-3,61
frame=3,5,404,0,14,20,-9,58
frame=3,6,104,0,6,21,-9,53
frame=3,7,237,23,13,19,5,50
frame=4,0,88,44,14,18,16,49
frame=4,1,230,64,12,15,20,53
frame=4,2,369,81,6,11,13,58
frame=4,3,475,64,10,13,5,61
frame=4,4,103,44,14,18,-4,60
frame=4,5,419,0,12,20,-10,56
frame=4,6,111,0,6,21,-9,51
frame=4,7,432,0,11,20,4,48
frame=5,0,251,23,11,19,14,47
frame=5,1,281,44,10,17,18,51
frame=5,2,345,95,6,9,13,56
frame=5,3,25,116,1,1,80,112
frame=5,4,263,23,11,19,-5,58
frame=5,5,444,0,10,20,-10,53
frame=5,6,7,0,6,22,-9,49
frame=5,7,118,0,10,21,3,46
frame=6,0,275,23,9,19,12,45
frame=6,1,285,23,8,19,17,50
frame=6,2,430,95,6,8,13,54
frame=6,3,27,116,1,1,80,112
frame=6,4,294,23,9,19,-5,56
frame=6,5,129,0,8,21,-11,52
frame=6,6,138,0,6,21,-9,47
frame=6,7,455,0,9,20,2,44
frame=7,0,304,23,11,19,14,47
frame=7,1,292,44,10,17,18,51
frame=7,2,352,95,6,9,13,56
frame=7,3,29,116,1,1,80,112
frame=7,4,316,23,11,19,-5,58
frame=7,5,465,0,10,20,-10,53
frame=7,6,14,0,6,22,-9,49
frame=7,7,145,0,10,21,3,46

[swing]
frames=6
duration=600ms
type=play_once
frame=0,0,328,23,11,19,16,49
frame=0,1,303,44,9,17,19,54
frame=0,2,238,81,6,12,13,59
frame=0,3,501,107,7,6,3,62
frame=0,4,340,23,11,19,-7,60
frame=0,5,156,0,9,21,-12,55
frame=0,6,166,0,6,21,-9,50
frame=0,7,476,0,9,20,4,47
frame=1,0,94,95,20,10,21,58
frame=1,1,179,107,14,7,20,61
frame=1,2,194,107,9,7,13,66
frame=1,3,204,107,18,7,6,68
frame=1,4,486,64,20,13,-3,68
frame=1,5,118,44,14,18,-8,65
frame=1,6,133,44,10,18,-5,60
frame=1,7,243,64,18,15,10,58
frame=2,0,223,107,20,7,17,59
frame=2,1,376,81,12,11,16,65
frame=2,2,245,81,11,12,14,70
frame=2,3,437,95,20,8,10,70
frame=2,4,359,95,20,9,1,70
frame=2,5,415,64,13,14,-6,68
frame=2,6,262,64,11,15,-5,64
frame=2,7,389,81,20,11,8,60
frame=3,0,486,0,9,20,16,49
frame=3,1,144,44,9,18,21,54
frame=3,2,429,64,7,14,15,60
frame=3,3,0,116,8,6,4,63
frame=3,4,352,23,9,19,-9,61
frame=3,5,496,0,9,20,-14,55
frame=3,6,173,0,7,21,-10,49
frame=3,7,0,23,9,20,3,46
frame=4,0,313,44,13,17,8,39
frame=4,1,362,23,13,19,16,42
frame=4,2,181,0,10,21,17,48
frame=4,3,192,0,7,21,10,52
frame=4,4,458,95,7,8,-3,52
frame=4,5,274,64,10,15,-8,49
frame=4,6,0,81,9,13,-10,43
frame=4,7,10,81,9,13,-3,39
frame=5,0,376,23,11,19,16,49
frame=5,1,327,44,9,17,19,54
frame=5,2,257,81,6,12,13,59
frame=5,3,9,116,7,6,3,62
frame=5,4,388,23,11,19,-7,60
frame=5,5,200,0,9,21,-12,55
frame=5,6,210,0,6,21,-9,50
frame=5,7,10,23,9,20,4,47

[hit]
frames=2
duration=300ms
type=play_once
frame=0,0,400,23,11,19,17,48
frame=0,1,337,44,10,17,20,53
frame=0,2,380,95,6,9,13,58
frame=0,3,31,116,1,1,80,112
frame=0,4,412,23,11,19,-8,59
frame=0,5,217,0,10,21,-12,54
frame=0,6,228,0,6,21,-9,48
frame=0,7,235,0,10,21,5,46
frame=1,0,424,23,11,19,17,48
frame=1,1,348,44,10,17,20,53
frame=1,2,387,95,6,9,13,58
frame=1,3,33,116,1,1,80,112
frame=1,4,436,23,11,19,-8,59
frame=1,5,246,0,10,21,-12,54
frame=1,6,257,0,6,21,-9,48
frame=1,7,264,0,10,21,5,46

[block]
frames=2
duration=300ms
type=play_once
frame=0,0,448,23,9,19,12,46
frame=0,1,458,23,8,19,17,51
frame=0,2,244,107,6,7,13,55
frame=0,3,35,116,1,1,80,112
frame=0,4,467,23,8,19,-6,57
frame=0,5,275,0,8,21,-11,53
frame=0,6,284,0,6,21,-9,48
frame=0,7,20,23,8,20,1,45
frame=1,0,394,95,21,9,17,51
frame=1,1,466,95,17,8,20,54
frame=1,2,416,95,6,9,13,59
frame=1,3,484,95,17,8,10,61
frame=1,4,115,95,21,10,2,62
frame=1,5,437,64,17,14,-5,60
frame=1,6,359,44,6,17,-9,56
frame=1,7,285,64,17,15,5,53

[cast]
frames=4
duration=600ms
type=play_once
frame=0,0,20,81,20,13,24,51
frame=0,1,0,107,16,8,25,56
frame=0,2,251,107,6,7,13,61
frame=0,3,258,107,16,7,4,63
frame=0,4,41,81,20,13,-6,62
frame=0,5,154,44,16,18,-11,57
frame=0,6,29,23,6,20,-9,52
frame=0,7,366,44,16,17,10,49
frame=1,0,410,81,21,11,17,59
frame=1,1,72,64,17,16,20,66
frame=1,2,171,44,6,18,13,72
frame=1,3,303,64,17,15,10,73
frame=1,4,137,95,21,10,2,69
frame=1,5,17,107,17,8,-5,65
frame=1,6,159,95,6,10,-9,61
frame=1,7,275,107,17,7,5,57
frame=2,0,432,81,21,11,17,59
frame=2,1,90,64,17,16,20,66
frame=2,2,178,44,6,18,13,72
frame=2,3,321,64,17,15,10,73
frame=2,4,166,95,21,10,2,69
frame=2,5,35,107,17,8,-5,65
frame=2,6,188,95,6,10,-9,61
frame=2,7,293,107,17,7,5,57
frame=3,0,62,81,20,13,24,51
frame=3,1,53,107,16,8,25,56
frame=3,2,311,107,6,7,13,61
frame=3,3,318,107,16,7,4,63
frame=3,4,83,81,20,13,-6,62
frame=3,5,383,44,16,17,-11,57
frame=3,6,36,23,6,20,-9,52
frame=3,7,185,44,16,18,10,50

[shoot]
frames=4
duration=600ms
type=play_once
frame=0,0,104,81,20,13,24,51
frame=0,1,70,107,16,8,25,56
frame=0,2,335,107,6,7,13,61
frame=0,3,342,107,16,7,4,63
frame=0,4,125,81,20,13,-6,62
frame=0,5,202,44,16,18,-11,57
frame=0,6,43,23,6,20,-9,52
frame=0,7,400,44,16,17,10,49
frame=1,0,454,81,21,11,17,59
frame=1,1,108,64,17,16,20,66
frame=1,2,219,44,6,18,13,72
frame=1,3,339,64,17,15,10,73
frame=1,4,195,95,21,10,2,69
frame=1,5,87,107,17,8,-5,65
frame=1,6,217,95,6,10,-9,61
frame=1,7,359,107,17,7,5,57
frame=2,0,476,81,21,11,17,59
frame=2,1,126,64,17,16,20,66
frame=2,2,226,44,6,18,13,72
frame=2,3,357,64,17,15,10,73
frame=2,4,224,95,21,10,2,69
frame=2,5,105,107,17,8,-5,65
frame=2,6,246,95,6,10,-9,61
frame=2,7,377,107,17,7,5,57
frame=3,0,146,81,20,13,24,51
frame=3,1,123,107,16,8,25,56
frame=3,2,395,107,6,7,13,61
frame=3,3,402,107,16,7,4,63
frame=3,4,167,81,20,13,-6,62
frame=3,5,417,44,16,17,-11,57
frame=3,6,50,23,6,20,-9,52
frame=3,7,233,44,16,18,10,50

[die]
frames=6
duration=900ms
type=play_once
frame=0,0,476,23,8,19,13,44
frame=0,1,57,23,7,20,17,49
frame=0,2,419,107,6,7,13,55
frame=0,3,37,116,1,1,80,112
frame=0,4,65,23,8,20,-7,55
frame=0,5,485,23,7,19,-12,50
frame=0,6,144,64,6,16,-9,44
frame=0,7,493,23,7,19,2,42
frame=1,0,434,44,10,17,5,47
frame=1,1,151,64,7,16,10,49
frame=1,2,253,95,8,10,13,52
frame=1,3,39,116,1,1,80,112
frame=1,4,291,0,10,21,3,58
frame=1,5,302,0,7,21,-5,56
frame=1,6,310,0,10,21,-5,53
frame=1,7,501,23,11,19,-1,49
frame=2,0,262,95,16,10,-10,45
frame=2,1,426,107,8,7,-4,39
frame=2,2,140,107,12,8,14,40
frame=2,3,188,81,19,13,26,47
frame=2,4,445,44,16,17,24,56
frame=2,5,74,23,8,20,10,62
frame=2,6,83,23,14,20,-2,62
frame=2,7,159,64,19,16,-9,55
frame=3,0,0,95,19,11,-32,35
frame=3,1,264,81,8,12,-21,22
frame=3,2,273,81,15,12,14,19
frame=3,3,435,107,21,7,43,25
frame=3,4,20,95,19,11,49,43
frame=3,5,455,64,8,14,27,58
frame=3,6,289,81,15,12,-1,60
frame=3,7,457,107,21,7,-24,49
frame=4,0,0,44,12,19,-53,14
frame=4,1,13,44,10,19,-31,-5
frame=4,2,462,44,18,17,16,-12
frame=4,3,40,95,19,11,55,-4
frame=4,4,153,107,12,8,63,16
frame=4,5,479,107,10,7,39,35
frame=4,6,279,95,18,10,0,42
frame=4,7,375,64,19,15,-38,34
frame=5,0,24,44,12,19,-53,14
frame=5,1,37,44,10,19,-31,-5
frame=5,2,481,44,18,17,16,-12
frame=5,3,60,95,19,11,55,-4
frame=5,4,166,107,12,8,63,16
frame=5,5,490,107,10,7,39,35
frame=5,6,298,95,18,10,0,42
frame=5,7,395,64,19,15,-38,34
