image=custom_gear_war_hammer_smear.png

[stance]
frames=1
duration=100ms
type=play_once
frame=0,0,171,213,1,1,80,112
frame=0,1,171,213,1,1,80,112
frame=0,2,171,213,1,1,80,112
frame=0,3,171,213,1,1,80,112
frame=0,4,171,213,1,1,80,112
frame=0,5,171,213,1,1,80,112
frame=0,6,171,213,1,1,80,112
frame=0,7,171,213,1,1,80,112

[swing]
frames=8
duration=640ms
type=play_once
frame=0,0,171,213,1,1,80,112
frame=0,1,171,213,1,1,80,112
frame=0,2,171,213,1,1,80,112
frame=0,3,171,213,1,1,80,112
frame=0,4,171,213,1,1,80,112
frame=0,5,171,213,1,1,80,112
frame=0,6,171,213,1,1,80,112
frame=0,7,171,213,1,1,80,112
frame=1,0,171,213,1,1,80,112
frame=1,1,171,213,1,1,80,112
frame=1,2,171,213,1,1,80,112
frame=1,3,171,213,1,1,80,112
frame=1,4,171,213,1,1,80,112
frame=1,5,171,213,1,1,80,112
frame=1,6,171,213,1,1,80,112
frame=1,7,171,213,1,1,80,112
frame=2,0,138,191,104,20,53,39
frame=2,1,106,153,79,36,54,56
frame=2,2,176,92,53,46,54,66
frame=2,3,381,92,88,38,53,72
frame=2,4,0,153,105,37,50,75
frame=2,5,95,92,80,54,24,75
frame=2,6,329,0,49,61,-7,72
frame=2,7,230,92,87,45,32,59
frame=3,0,0,191,69,21,52,59
frame=3,1,372,191,69,17,36,62
frame=3,2,235,153,40,33,0,65
frame=3,3,276,153,39,33,-10,57
frame=3,4,70,191,67,21,12,39
frame=3,5,384,153,71,23,32,36
frame=3,6,470,92,39,38,38,50
frame=3,7,318,92,38,40,47,58
frame=4,0,171,213,1,1,80,112
frame=4,1,171,213,1,1,80,112
frame=4,2,171,213,1,1,80,112
frame=4,3,171,213,1,1,80,112
frame=4,4,171,213,1,1,80,112
frame=4,5,171,213,1,1,80,112
frame=4,6,171,213,1,1,80,112
frame=4,7,171,213,1,1,80,112
frame=5,0,171,213,1,1,80,112
frame=5,1,171,213,1,1,80,112
frame=5,2,171,213,1,1,80,112
frame=5,3,171,213,1,1,80,112
frame=5,4,171,213,1,1,80,112
frame=5,5,171,213,1,1,80,112
frame=5,6,171,213,1,1,80,112
frame=5,7,171,213,1,1,80,112
frame=6,0,171,213,1,1,80,112
frame=6,1,171,213,1,1,80,112
frame=6,2,171,213,1,1,80,112
frame=6,3,171,213,1,1,80,112
frame=6,4,171,213,1,1,80,112
frame=6,5,171,213,1,1,80,112
frame=6,6,171,213,1,1,80,112
frame=6,7,171,213,1,1,80,112
frame=7,0,171,213,1,1,80,112
frame=7,1,171,213,1,1,80,112
frame=7,2,171,213,1,1,80,112
frame=7,3,171,213,1,1,80,112
frame=7,4,171,213,1,1,80,112
frame=7,5,171,213,1,1,80,112
frame=7,6,171,213,1,1,80,112
frame=7,7,171,213,1,1,80,112

[swing2]
frames=8
duration=680ms
type=play_once
frame=0,0,171,213,1,1,80,112
frame=0,1,171,213,1,1,80,112
frame=0,2,171,213,1,1,80,112
frame=0,3,171,213,1,1,80,112
frame=0,4,171,213,1,1,80,112
frame=0,5,171,213,1,1,80,112
frame=0,6,171,213,1,1,80,112
frame=0,7,171,213,1,1,80,112
frame=1,0,171,213,1,1,80,112
frame=1,1,171,213,1,1,80,112
frame=1,2,171,213,1,1,80,112
frame=1,3,171,213,1,1,80,112
frame=1,4,171,213,1,1,80,112
frame=1,5,171,213,1,1,80,112
frame=1,6,171,213,1,1,80,112
frame=1,7,171,213,1,1,80,112
frame=2,0,234,0,94,69,53,74
frame=2,1,379,0,79,60,55,80
frame=2,2,157,0,20,75,25,92
frame=2,3,178,0,55,72,33,96
frame=2,4,0,92,94,60,39,93
frame=2,5,77,0,79,81,22,91
frame=2,6,0,0,20,91,-7,88
frame=2,7,21,0,55,85,20,80
frame=3,0,102,213,24,12,40,3
frame=3,1,243,191,17,19,44,21
frame=3,2,442,191,6,16,23,33
frame=3,3,173,213,1,1,-5,23
frame=3,4,147,213,23,11,-18,25
frame=3,5,127,213,19,12,-28,15
frame=3,6,449,191,6,16,-19,6
frame=3,7,456,191,16,16,12,2
frame=4,0,171,213,1,1,80,112
frame=4,1,171,213,1,1,80,112
frame=4,2,171,213,1,1,80,112
frame=4,3,171,213,1,1,80,112
frame=4,4,171,213,1,1,80,112
frame=4,5,171,213,1,1,80,112
frame=4,6,171,213,1,1,80,112
frame=4,7,171,213,1,1,80,112
frame=5,0,171,213,1,1,80,112
frame=5,1,171,213,1,1,80,112
frame=5,2,171,213,1,1,80,112
frame=5,3,171,213,1,1,80,112
frame=5,4,171,213,1,1,80,112
frame=5,5,171,213,1,1,80,112
frame=5,6,171,213,1,1,80,112
frame=5,7,171,213,1,1,80,112
frame=6,0,171,213,1,1,80,112
frame=6,1,171,213,1,1,80,112
frame=6,2,171,213,1,1,80,112
frame=6,3,171,213,1,1,80,112
frame=6,4,171,213,1,1,80,112
frame=6,5,171,213,1,1,80,112
frame=6,6,171,213,1,1,80,112
frame=6,7,171,213,1,1,80,112
frame=7,0,171,213,1,1,80,112
frame=7,1,171,213,1,1,80,112
frame=7,2,171,213,1,1,80,112
frame=7,3,171,213,1,1,80,112
frame=7,4,171,213,1,1,80,112
frame=7,5,171,213,1,1,80,112
frame=7,6,171,213,1,1,80,112
frame=7,7,171,213,1,1,80,112

[swing3]
frames=8
duration=600ms
type=play_once
frame=0,0,171,213,1,1,80,112
frame=0,1,171,213,1,1,80,112
frame=0,2,171,213,1,1,80,112
frame=0,3,171,213,1,1,80,112
frame=0,4,171,213,1,1,80,112
frame=0,5,171,213,1,1,80,112
frame=0,6,171,213,1,1,80,112
frame=0,7,171,213,1,1,80,112
frame=1,0,171,213,1,1,80,112
frame=1,1,171,213,1,1,80,112
frame=1,2,171,213,1,1,80,112
frame=1,3,171,213,1,1,80,112
frame=1,4,171,213,1,1,80,112
frame=1,5,171,213,1,1,80,112
frame=1,6,171,213,1,1,80,112
frame=1,7,171,213,1,1,80,112
frame=2,0,186,153,48,34,56,52
frame=2,1,357,92,23,40,46,68
frame=2,2,316,153,46,33,34,74
frame=2,3,0,213,60,14,15,64
frame=2,4,61,213,40,14,-18,54
frame=2,5,363,153,20,24,-28,45
frame=2,6,325,191,46,18,10,32
frame=2,7,261,191,63,19,46,33
frame=3,0,171,213,1,1,80,112
frame=3,1,171,213,1,1,80,112
frame=3,2,171,213,1,1,80,112
frame=3,3,171,213,1,1,80,112
frame=3,4,171,213,1,1,80,112
frame=3,5,171,213,1,1,80,112
frame=3,6,171,213,1,1,80,112
frame=3,7,171,213,1,1,80,112
frame=4,0,171,213,1,1,80,112
frame=4,1,171,213,1,1,80,112
frame=4,2,171,213,1,1,80,112
frame=4,3,171,213,1,1,80,112
frame=4,4,171,213,1,1,80,112
frame=4,5,171,213,1,1,80,112
frame=4,6,171,213,1,1,80,112
frame=4,7,171,213,1,1,80,112
frame=5,0,171,213,1,1,80,112
frame=5,1,171,213,1,1,80,112
frame=5,2,171,213,1,1,80,112
frame=5,3,171,213,1,1,80,112
frame=5,4,171,213,1,1,80,112
frame=5,5,171,213,1,1,80,112
frame=5,6,171,213,1,1,80,112
frame=5,7,171,213,1,1,80,112
frame=6,0,171,213,1,1,80,112
frame=6,1,171,213,1,1,80,112
frame=6,2,171,213,1,1,80,112
frame=6,3,171,213,1,1,80,112
frame=6,4,171,213,1,1,80,112
frame=6,5,171,213,1,1,80,112
frame=6,6,171,213,1,1,80,112
frame=6,7,171,213,1,1,80,112
frame=7,0,171,213,1,1,80,112
frame=7,1,171,213,1,1,80,112
frame=7,2,171,213,1,1,80,112
frame=7,3,171,213,1,1,80,112
frame=7,4,171,213,1,1,80,112
frame=7,5,171,213,1,1,80,112
frame=7,6,171,213,1,1,80,112
frame=7,7,171,213,1,1,80,112
