image=custom_gear_war_hammer.png

[stance]
frames=4
duration=800ms
type=back_forth
frame=0,0,231,71,15,32,17,60
frame=0,1,347,170,15,28,20,64
frame=0,2,231,304,13,18,16,67
frame=0,3,281,375,13,12,8,71
frame=0,4,247,71,15,32,-4,71
frame=0,5,14,0,15,34,-7,66
frame=0,6,30,0,13,34,-5,60
frame=0,7,44,0,15,34,5,58
frame=1,0,263,71,15,32,17,60
frame=1,1,97,170,15,29,20,64
frame=1,2,245,304,13,18,16,67
frame=1,3,295,375,14,12,8,71
frame=1,4,457,105,15,31,-4,70
frame=1,5,103,36,15,33,-7,65
frame=1,6,60,0,13,34,-5,59
frame=1,7,74,0,15,34,5,58
frame=2,0,473,105,16,31,17,60
frame=2,1,363,170,16,28,20,64
frame=2,2,259,304,13,18,16,67
frame=2,3,310,375,14,12,9,71
frame=2,4,490,105,16,31,-3,71
frame=2,5,119,36,16,33,-6,66
frame=2,6,136,36,13,33,-5,60
frame=2,7,90,0,16,34,5,59
frame=3,0,279,71,15,32,17,60
frame=3,1,347,170,15,28,20,64
frame=3,2,245,304,13,18,16,67
frame=3,3,281,375,13,12,8,71
frame=3,4,247,71,15,32,-4,71
frame=3,5,14,0,15,34,-7,66
frame=3,6,107,0,13,34,-5,60
frame=3,7,121,0,15,34,5,58

[run]
frames=10
duration=660ms
type=looped
frame=0,0,150,36,10,33,16,53
frame=0,1,161,36,13,33,23,59
frame=0,2,295,71,13,32,18,64
frame=0,3,423,282,13,19,6,67
frame=0,4,309,71,10,32,-8,65
frame=0,5,320,71,13,32,-12,59
frame=0,6,0,138,13,31,-7,52
frame=0,7,14,138,13,31,5,50
frame=1,0,334,71,9,32,15,52
frame=1,1,344,71,12,32,22,58
frame=1,2,28,138,13,31,18,63
frame=1,3,437,282,13,19,6,67
frame=1,4,175,36,9,33,-8,65
frame=1,5,357,71,12,32,-12,59
frame=1,6,370,71,13,32,-7,52
frame=1,7,384,71,13,32,5,50
frame=2,0,398,71,10,32,16,54
frame=2,1,42,138,12,31,21,60
frame=2,2,451,282,13,19,17,64
frame=2,3,325,375,13,12,5,68
frame=2,4,409,71,10,32,-8,66
frame=2,5,185,36,12,33,-11,60
frame=2,6,198,36,13,33,-6,53
frame=2,7,212,36,13,33,6,52
frame=3,0,420,71,14,32,19,57
frame=3,1,113,170,14,29,21,62
frame=3,2,273,304,13,18,16,66
frame=3,3,225,257,13,22,5,69
frame=3,4,435,71,14,32,-7,67
frame=3,5,226,36,14,33,-9,61
frame=3,6,241,36,13,33,-5,55
frame=3,7,255,36,14,33,7,54
frame=4,0,55,138,17,31,21,59
frame=4,1,188,201,15,27,21,63
frame=4,2,465,282,13,19,15,67
frame=4,3,204,201,17,27,5,70
frame=4,4,73,138,17,31,-6,68
frame=4,5,137,0,15,34,-8,62
frame=4,6,0,0,13,35,-4,57
frame=4,7,153,0,17,34,10,56
frame=5,0,448,138,19,30,22,58
frame=5,1,232,230,17,25,22,62
frame=5,2,80,282,13,20,15,66
frame=5,3,222,201,18,27,5,69
frame=5,4,91,138,19,31,-5,67
frame=5,5,171,0,17,34,-7,62
frame=5,6,189,0,13,34,-4,56
frame=5,7,203,0,18,34,11,56
frame=6,0,111,138,17,31,21,57
frame=6,1,157,257,15,23,21,61
frame=6,2,479,282,13,19,15,65
frame=6,3,0,230,16,26,5,68
frame=6,4,129,138,17,31,-6,66
frame=6,5,222,0,15,34,-8,61
frame=6,6,238,0,13,34,-4,55
frame=6,7,270,36,17,33,10,54
frame=7,0,450,71,14,32,19,56
frame=7,1,128,170,14,29,21,61
frame=7,2,287,304,13,18,16,65
frame=7,3,239,257,13,22,5,68
frame=7,4,465,71,14,32,-7,66
frame=7,5,288,36,14,33,-9,60
frame=7,6,303,36,13,33,-5,54
frame=7,7,317,36,14,33,7,53
frame=8,0,480,71,10,32,16,55
frame=8,1,147,138,12,31,21,61
frame=8,2,493,282,13,19,17,65
frame=8,3,339,375,13,12,5,69
frame=8,4,332,36,10,33,-8,67
frame=8,5,343,36,12,33,-11,61
frame=8,6,356,36,13,33,-6,54
frame=8,7,370,36,13,33,6,53
frame=9,0,491,71,9,32,15,54
frame=9,1,384,36,12,33,22,60
frame=9,2,377,230,13,24,18,65
frame=9,3,0,304,13,19,6,68
frame=9,4,501,71,9,32,-8,66
frame=9,5,0,105,12,32,-12,60
frame=9,6,160,138,13,31,-7,53
frame=9,7,13,105,13,32,5,51

[swing]
frames=8
duration=640ms
type=play_once
hit=160ms
frame=0,0,250,230,24,25,-13,40
frame=0,1,17,230,12,26,12,37
frame=0,2,14,304,27,19,45,40
frame=0,3,279,360,29,13,54,53
frame=0,4,90,324,24,17,35,70
frame=0,5,94,282,13,20,-1,75
frame=0,6,349,343,30,14,-17,65
frame=0,7,81,343,34,15,-22,47
frame=1,0,115,324,34,17,-19,44
frame=1,1,391,230,21,24,-6,38
frame=1,2,30,230,14,26,21,39
frame=1,3,301,304,27,18,49,44
frame=1,4,309,360,34,13,51,58
frame=1,5,319,324,18,16,25,73
frame=1,6,42,304,15,19,-8,73
frame=1,7,380,343,31,14,-20,60
frame=2,0,344,360,29,13,54,42
frame=2,1,412,343,15,14,38,60
frame=2,2,374,360,13,13,6,66
frame=2,3,388,360,29,13,-13,58
frame=2,4,108,282,30,20,-26,47
frame=2,5,241,201,18,27,-22,37
frame=2,6,380,170,15,28,5,31
frame=2,7,139,282,29,20,40,31
frame=3,0,428,343,19,14,-3,58
frame=3,1,448,343,25,14,-10,49
frame=3,2,253,257,19,22,-12,46
frame=3,3,173,257,16,23,-1,41
frame=3,4,329,304,32,18,20,38
frame=3,5,353,375,34,12,33,42
frame=3,6,58,304,19,19,29,54
frame=3,7,418,360,11,13,10,60
frame=4,0,430,360,21,13,-7,49
frame=4,1,150,324,26,17,-5,43
frame=4,2,78,304,12,19,-5,38
frame=4,3,169,282,27,20,14,39
frame=4,4,388,375,34,12,26,38
frame=4,5,338,324,29,16,29,48
frame=4,6,273,257,10,22,15,56
frame=4,7,474,343,17,14,1,56
frame=5,0,45,230,23,26,15,68
frame=5,1,177,324,20,17,0,66
frame=5,2,116,343,15,15,-9,60
frame=5,3,368,324,13,16,-7,53
frame=5,4,197,282,25,20,6,50
frame=5,5,260,201,28,27,18,52
frame=5,6,397,36,19,33,22,58
frame=5,7,252,0,13,34,18,64
frame=6,0,417,36,13,33,20,65
frame=6,1,413,230,15,24,13,71
frame=6,2,382,324,13,16,-1,71
frame=6,3,396,170,11,28,-10,67
frame=6,4,408,170,13,28,-9,61
frame=6,5,143,170,17,29,0,55
frame=6,6,27,105,17,32,12,55
frame=6,7,266,0,11,34,19,60
frame=7,0,174,138,15,31,17,60
frame=7,1,422,170,15,28,20,64
frame=7,2,91,304,13,19,16,68
frame=7,3,452,360,13,13,8,72
frame=7,4,190,138,15,31,-4,71
frame=7,5,278,0,15,34,-7,66
frame=7,6,294,0,13,34,-5,60
frame=7,7,431,36,15,33,5,58

[swing2]
frames=8
duration=680ms
type=play_once
hit=170ms
frame=0,0,223,282,33,20,-5,73
frame=0,1,423,375,30,12,6,62
frame=0,2,454,375,14,12,14,61
frame=0,3,22,402,24,10,34,67
frame=0,4,0,360,33,14,36,80
frame=0,5,429,230,30,24,22,90
frame=0,6,438,170,14,28,-2,91
frame=0,7,453,170,24,28,-12,85
frame=1,0,289,201,20,27,-17,55
frame=1,1,206,138,22,31,-5,49
frame=1,2,308,0,16,34,11,50
frame=1,3,325,0,14,34,30,56
frame=1,4,45,105,20,32,35,64
frame=1,5,69,230,22,26,25,69
frame=1,6,442,257,10,21,-3,69
frame=1,7,190,257,14,23,-18,63
frame=2,0,468,138,23,30,46,29
frame=2,1,460,230,21,24,48,40
frame=2,2,132,343,13,15,24,45
frame=2,3,469,375,10,12,-14,41
frame=2,4,92,230,23,26,-25,43
frame=2,5,66,105,24,32,-26,32
frame=2,6,340,0,14,34,-12,23
frame=2,7,355,0,17,34,22,22
frame=3,0,447,36,8,33,23,23
frame=3,1,478,170,13,28,32,27
frame=3,2,116,230,13,26,24,35
frame=3,3,34,360,8,14,-1,25
frame=3,4,161,170,8,29,-17,36
frame=3,5,229,138,13,31,-21,28
frame=3,6,243,138,14,31,-12,20
frame=3,7,456,36,14,33,7,18
frame=4,0,471,36,8,33,24,23
frame=4,1,480,36,13,33,33,33
frame=4,2,275,230,13,25,24,35
frame=4,3,466,360,8,13,-1,25
frame=4,4,492,138,8,30,-18,37
frame=4,5,258,138,13,31,-22,28
frame=4,6,91,105,14,32,-12,21
frame=4,7,494,36,13,33,7,18
frame=5,0,284,257,26,22,43,24
frame=5,1,43,360,22,14,45,33
frame=5,2,127,402,13,9,21,40
frame=5,3,47,402,12,10,-13,39
frame=5,4,453,257,25,21,-20,38
frame=5,5,170,170,26,29,-21,30
frame=5,6,106,105,13,32,-10,23
frame=5,7,197,170,21,29,23,20
frame=6,0,219,170,23,29,35,54
frame=6,1,373,0,19,34,35,66
frame=6,2,482,230,13,24,16,73
frame=6,3,289,230,15,25,-7,74
frame=6,4,0,201,23,28,-14,65
frame=6,5,205,257,19,23,-18,52
frame=6,6,105,304,13,19,-5,43
frame=6,7,0,257,21,24,20,45
frame=7,0,174,138,15,31,17,60
frame=7,1,422,170,15,28,20,64
frame=7,2,91,304,13,19,16,68
frame=7,3,452,360,13,13,8,72
frame=7,4,190,138,15,31,-4,71
frame=7,5,278,0,15,34,-7,66
frame=7,6,294,0,13,34,-5,60
frame=7,7,431,36,15,33,5,58

[swing3]
frames=8
duration=600ms
type=play_once
hit=150ms
frame=0,0,475,360,31,13,24,35
frame=0,1,290,389,32,11,38,42
frame=0,2,362,304,22,18,35,55
frame=0,3,198,324,14,17,13,64
frame=0,4,396,324,23,16,-3,62
frame=0,5,0,375,34,13,-6,51
frame=0,6,119,304,24,19,-13,44
frame=0,7,144,304,15,19,-1,38
frame=1,0,420,324,29,16,20,33
frame=1,1,141,402,32,9,35,36
frame=1,2,66,360,21,14,35,48
frame=1,3,480,375,12,12,16,58
frame=1,4,88,360,20,14,-2,58
frame=1,5,35,375,34,13,-3,48
frame=1,6,311,257,26,22,-11,45
frame=1,7,22,257,14,24,-4,39
frame=2,0,257,282,29,20,57,62
frame=2,1,338,257,14,22,30,77
frame=2,2,479,257,21,21,-4,79
frame=2,3,450,324,33,16,-21,66
frame=2,4,60,402,31,10,-28,44
frame=2,5,146,343,14,15,-18,34
frame=2,6,109,360,23,14,23,30
frame=2,7,0,389,31,12,52,41
frame=3,0,160,304,27,19,56,62
frame=3,1,353,257,13,22,27,76
frame=3,2,287,282,23,20,-6,77
frame=3,3,133,360,32,14,-24,62
frame=3,4,32,389,29,12,-29,42
frame=3,5,161,343,13,15,-16,31
frame=3,6,175,343,26,15,27,29
frame=3,7,62,389,32,12,54,41
frame=4,0,160,304,27,19,56,62
frame=4,1,353,257,13,22,27,76
frame=4,2,287,282,23,20,-6,77
frame=4,3,133,360,32,14,-24,62
frame=4,4,32,389,29,12,-29,42
frame=4,5,161,343,13,15,-16,31
frame=4,6,175,343,26,15,27,29
frame=4,7,62,389,32,12,54,41
frame=5,0,310,201,26,27,53,65
frame=5,1,337,201,15,27,32,79
frame=5,2,0,282,16,21,-2,82
frame=5,3,130,230,28,26,-20,73
frame=5,4,213,324,29,17,-26,54
frame=5,5,174,402,15,9,-19,37
frame=5,6,323,389,19,11,16,35
frame=5,7,385,304,28,18,46,46
frame=6,0,0,71,11,33,28,63
frame=6,1,12,71,14,33,28,72
frame=6,2,24,201,14,28,13,77
frame=6,3,120,105,12,32,-7,77
frame=6,4,133,105,11,32,-19,70
frame=6,5,0,170,14,30,-16,60
frame=6,6,243,170,14,29,-1,53
frame=6,7,145,105,12,32,17,56
frame=7,0,174,138,15,31,17,60
frame=7,1,422,170,15,28,20,64
frame=7,2,91,304,13,19,16,68
frame=7,3,452,360,13,13,8,72
frame=7,4,190,138,15,31,-4,71
frame=7,5,278,0,15,34,-7,66
frame=7,6,294,0,13,34,-5,60
frame=7,7,431,36,15,33,5,58

[hit]
frames=2
duration=300ms
type=play_once
frame=0,0,272,138,16,31,17,60
frame=0,1,39,201,16,28,20,64
frame=0,2,414,304,13,18,16,67
frame=0,3,95,389,14,12,9,71
frame=0,4,289,138,16,31,-3,71
frame=0,5,27,71,16,33,-6,66
frame=0,6,393,0,13,34,-5,61
frame=0,7,407,0,16,34,5,59
frame=1,0,306,138,16,31,17,60
frame=1,1,39,201,16,28,20,64
frame=1,2,414,304,13,18,16,67
frame=1,3,95,389,14,12,9,71
frame=1,4,323,138,16,31,-3,71
frame=1,5,44,71,16,33,-6,66
frame=1,6,424,0,13,34,-5,61
frame=1,7,438,0,16,34,5,59

[block]
frames=2
duration=300ms
type=play_once
frame=0,0,158,105,11,32,12,59
frame=0,1,15,170,13,30,17,62
frame=0,2,243,324,13,17,16,66
frame=0,3,110,389,13,12,9,70
frame=0,4,340,138,11,31,-3,69
frame=0,5,61,71,13,33,-6,65
frame=0,6,75,71,13,33,-5,60
frame=0,7,455,0,13,34,2,58
frame=1,0,166,360,33,14,17,56
frame=1,1,124,389,28,12,20,54
frame=1,2,70,375,13,13,16,59
frame=1,3,343,389,28,11,21,61
frame=1,4,202,343,33,15,14,67
frame=1,5,37,257,28,24,6,69
frame=1,6,353,201,13,27,-5,66
frame=1,7,66,257,28,24,5,62

[cast]
frames=6
duration=600ms
type=play_once
hit=300ms
frame=0,0,257,324,34,17,18,46
frame=0,1,159,230,26,26,19,53
frame=0,2,367,201,14,27,17,58
frame=0,3,428,304,20,18,20,54
frame=0,4,84,375,34,13,14,54
frame=0,5,372,389,26,11,5,53
frame=0,6,484,324,13,16,-6,52
frame=0,7,153,389,29,12,7,47
frame=1,0,0,343,34,16,17,43
frame=1,1,305,230,28,25,19,49
frame=1,2,56,201,14,28,15,55
frame=1,3,236,343,17,15,20,48
frame=1,4,200,360,34,14,15,52
frame=1,5,190,402,28,9,7,49
frame=1,6,254,343,12,15,-5,49
frame=1,7,119,375,28,13,6,45
frame=2,0,267,343,34,15,18,42
frame=2,1,334,230,28,25,19,49
frame=2,2,71,201,14,28,15,55
frame=2,3,311,282,22,20,19,53
frame=2,4,148,375,34,13,14,51
frame=2,5,399,389,28,11,7,50
frame=2,6,35,343,13,16,-4,49
frame=2,7,183,375,27,13,6,45
frame=3,0,258,170,29,29,15,70
frame=3,1,367,257,27,22,27,71
frame=3,2,302,343,16,15,24,74
frame=3,3,211,375,17,13,21,79
frame=3,4,17,282,29,21,12,85
frame=3,5,288,170,27,29,-2,85
frame=3,6,89,71,16,33,-10,79
frame=3,7,469,0,18,34,-5,74
frame=4,0,382,201,30,27,12,69
frame=4,1,188,304,28,19,26,68
frame=4,2,229,375,16,13,24,72
frame=4,3,428,389,19,11,24,77
frame=4,4,449,304,30,18,16,83
frame=4,5,413,201,28,27,0,85
frame=4,6,170,105,17,32,-10,80
frame=4,7,188,105,19,32,-7,74
frame=5,0,174,138,15,31,17,60
frame=5,1,422,170,15,28,20,64
frame=5,2,91,304,13,19,16,68
frame=5,3,452,360,13,13,8,72
frame=5,4,190,138,15,31,-4,71
frame=5,5,278,0,15,34,-7,66
frame=5,6,294,0,13,34,-5,60
frame=5,7,431,36,15,33,5,58

[shoot]
frames=7
duration=700ms
type=play_once
hit=300ms
frame=0,0,106,71,13,33,14,42
frame=0,1,208,105,8,32,26,48
frame=0,2,217,105,13,32,29,57
frame=0,3,352,138,9,31,16,64
frame=0,4,120,71,9,33,-7,65
frame=0,5,231,105,8,32,-20,58
frame=0,6,240,105,13,32,-18,49
frame=0,7,362,138,13,31,-5,42
frame=1,0,254,105,14,32,11,42
frame=1,1,269,105,9,32,24,47
frame=1,2,279,105,13,32,30,56
frame=1,3,29,170,12,30,19,63
frame=1,4,293,105,11,32,-2,66
frame=1,5,305,105,9,32,-17,61
frame=1,6,130,71,13,33,-19,52
frame=1,7,144,71,13,33,-8,45
frame=2,0,254,105,14,32,11,42
frame=2,1,269,105,9,32,24,47
frame=2,2,279,105,13,32,30,56
frame=2,3,29,170,12,30,19,63
frame=2,4,315,105,11,32,-2,66
frame=2,5,305,105,9,32,-17,61
frame=2,6,130,71,13,33,-19,52
frame=2,7,144,71,13,33,-8,45
frame=3,0,158,71,17,33,15,48
frame=3,1,42,170,18,30,30,52
frame=3,2,442,201,16,27,33,60
frame=3,3,363,230,13,25,18,67
frame=3,4,459,201,17,27,0,69
frame=3,5,327,105,18,32,-14,66
frame=3,6,488,0,16,34,-19,58
frame=3,7,0,36,13,34,-7,51
frame=4,0,176,71,15,33,14,46
frame=4,1,376,138,15,31,28,50
frame=4,2,86,201,14,28,32,58
frame=4,3,477,201,12,27,18,66
frame=4,4,316,170,15,29,-1,68
frame=4,5,346,105,15,32,-15,64
frame=4,6,14,36,14,34,-20,56
frame=4,7,29,36,13,34,-7,49
frame=5,0,448,389,32,11,16,40
frame=5,1,47,282,32,21,25,47
frame=5,2,490,201,20,27,20,56
frame=5,3,235,360,13,14,18,47
frame=5,4,395,257,32,22,14,58
frame=5,5,253,402,21,7,-6,50
frame=5,6,481,389,14,11,-8,46
frame=5,7,183,389,19,12,-1,43
frame=6,0,174,138,15,31,17,60
frame=6,1,422,170,15,28,20,64
frame=6,2,217,304,13,19,16,68
frame=6,3,452,360,13,13,8,72
frame=6,4,190,138,15,31,-4,71
frame=6,5,278,0,15,34,-7,66
frame=6,6,43,36,13,34,-5,60
frame=6,7,431,36,15,33,5,58

[die]
frames=6
duration=900ms
type=play_once
frame=0,0,192,71,9,33,14,57
frame=0,1,202,71,13,33,21,62
frame=0,2,362,105,13,32,16,66
frame=0,3,203,389,13,12,5,70
frame=0,4,376,105,9,32,-7,67
frame=0,5,386,105,13,32,-10,62
frame=0,6,61,170,13,30,-5,55
frame=0,7,392,138,13,31,6,54
frame=1,0,332,170,14,29,5,59
frame=1,1,186,230,13,26,12,59
frame=1,2,334,282,14,20,19,62
frame=1,3,217,389,14,12,18,67
frame=1,4,57,36,14,34,7,71
frame=1,5,72,36,13,34,-1,69
frame=1,6,86,36,16,34,-5,66
frame=1,7,406,138,19,31,-1,61
frame=2,0,292,324,26,17,-10,52
frame=2,1,232,389,14,12,-3,43
frame=2,2,247,389,20,12,22,44
frame=2,3,349,282,31,20,38,54
frame=2,4,101,201,26,28,34,67
frame=2,5,216,71,14,33,15,75
frame=2,6,400,105,22,32,-2,74
frame=2,7,200,230,31,26,-9,65
frame=3,0,480,304,31,18,-32,35
frame=3,1,381,282,13,20,-20,22
frame=3,2,0,324,27,18,25,19
frame=3,3,92,402,34,10,56,26
frame=3,4,49,343,31,16,61,48
frame=3,5,428,257,13,22,31,65
frame=3,6,395,282,27,20,0,68
frame=3,7,246,375,34,13,-24,53
frame=4,0,426,138,21,31,-53,15
frame=4,1,423,105,16,32,-25,-5
frame=4,2,128,201,29,28,27,-12
frame=4,3,28,324,30,18,66,-4
frame=4,4,268,389,21,12,72,17
frame=4,5,219,402,16,8,39,35
frame=4,6,249,360,29,14,0,42
frame=4,7,95,257,30,24,-38,34
frame=5,0,75,170,21,30,-53,14
frame=5,1,440,105,16,32,-25,-5
frame=5,2,158,201,29,28,27,-12
frame=5,3,59,324,30,18,66,-4
frame=5,4,0,402,21,11,72,16
frame=5,5,236,402,16,8,39,35
frame=5,6,319,343,29,15,0,42
frame=5,7,126,257,30,24,-38,34
