image=custom_gear_zweihander.png

[stance]
frames=4
duration=800ms
type=back_forth
frame=0,0,263,97,18,42,17,70
frame=0,1,368,185,18,37,23,72
frame=0,2,226,262,10,32,16,75
frame=0,3,337,224,18,34,8,79
frame=0,4,97,142,18,41,-1,80
frame=0,5,242,0,18,46,-7,78
frame=0,6,158,0,13,47,-5,73
frame=0,7,261,0,18,46,8,70
frame=1,0,282,97,17,42,17,69
frame=1,1,387,185,17,37,23,72
frame=1,2,31,262,10,33,16,76
frame=1,3,356,224,18,34,8,79
frame=1,4,300,97,17,42,-2,80
frame=1,5,280,0,17,46,-8,77
frame=1,6,28,0,13,48,-5,73
frame=1,7,298,0,18,46,8,70
frame=2,0,116,142,19,41,17,70
frame=2,1,108,224,19,36,23,72
frame=2,2,148,297,10,31,16,75
frame=2,3,42,262,18,33,9,79
frame=2,4,318,97,19,42,0,81
frame=2,5,317,0,19,46,-6,78
frame=2,6,42,0,13,48,-5,74
frame=2,7,337,0,18,46,7,71
frame=3,0,338,97,18,42,17,70
frame=3,1,405,185,18,37,23,72
frame=3,2,237,262,10,32,16,75
frame=3,3,375,224,18,34,8,79
frame=3,4,136,142,18,41,-1,80
frame=3,5,356,0,18,46,-7,78
frame=3,6,172,0,13,47,-5,73
frame=3,7,375,0,18,46,8,70

[run]
frames=8
duration=640ms
type=looped
frame=0,0,437,142,27,38,16,69
frame=0,1,302,297,24,30,22,68
frame=0,2,204,330,13,25,16,70
frame=0,3,327,297,23,30,15,76
frame=0,4,465,142,27,38,9,80
frame=0,5,394,0,24,46,0,81
frame=0,6,0,0,13,49,-5,78
frame=0,7,419,0,23,46,6,73
frame=1,0,394,224,35,34,18,68
frame=1,1,164,361,28,23,22,64
frame=1,2,141,409,13,17,16,66
frame=1,3,193,361,28,23,19,72
frame=1,4,61,262,35,33,15,78
frame=1,5,20,97,28,43,4,81
frame=1,6,56,0,13,48,-5,79
frame=1,7,416,50,28,44,7,74
frame=2,0,248,262,38,32,19,66
frame=2,1,87,387,31,20,23,62
frame=2,2,452,409,13,14,16,63
frame=2,3,119,387,30,20,21,69
frame=2,4,159,297,38,31,17,76
frame=2,5,357,97,31,42,6,80
frame=2,6,443,0,13,46,-5,78
frame=2,7,49,97,30,43,7,73
frame=3,0,430,224,35,34,18,68
frame=3,1,222,361,28,23,22,64
frame=3,2,155,409,13,17,16,66
frame=3,3,251,361,28,23,19,72
frame=3,4,97,262,35,33,15,78
frame=3,5,80,97,28,43,4,81
frame=3,6,70,0,13,48,-5,79
frame=3,7,445,50,28,44,7,74
frame=4,0,0,185,27,38,16,69
frame=4,1,351,297,24,30,22,68
frame=4,2,218,330,13,25,16,70
frame=4,3,376,297,24,30,15,76
frame=4,4,28,185,27,38,9,80
frame=4,5,457,0,24,46,0,81
frame=4,6,14,0,13,49,-5,78
frame=4,7,482,0,24,46,7,73
frame=5,0,389,97,18,42,14,69
frame=5,1,424,185,17,37,20,70
frame=5,2,133,262,10,33,16,74
frame=5,3,484,361,11,21,10,78
frame=5,4,408,97,18,42,2,80
frame=5,5,0,50,17,46,-5,78
frame=5,6,186,0,13,47,-5,74
frame=5,7,18,50,17,46,5,71
frame=6,0,109,97,15,43,13,68
frame=6,1,421,142,15,39,20,70
frame=6,2,257,224,10,35,16,74
frame=6,3,319,361,10,22,9,78
frame=6,4,125,97,15,43,0,79
frame=6,5,369,50,15,45,-7,76
frame=6,6,36,50,13,46,-5,72
frame=6,7,50,50,15,46,4,69
frame=7,0,427,97,18,42,14,69
frame=7,1,442,185,17,37,20,70
frame=7,2,144,262,10,33,16,74
frame=7,3,496,361,11,21,10,78
frame=7,4,446,97,18,42,2,80
frame=7,5,66,50,17,46,-5,78
frame=7,6,200,0,13,47,-5,74
frame=7,7,84,50,17,46,5,71

[swing]
frames=6
duration=600ms
type=play_once
frame=0,0,155,142,18,41,16,71
frame=0,1,460,185,18,37,22,73
frame=0,2,287,262,13,32,16,77
frame=0,3,128,224,18,36,9,81
frame=0,4,174,142,18,41,0,82
frame=0,5,102,50,18,46,-6,80
frame=0,6,84,0,13,48,-5,76
frame=0,7,121,50,18,46,7,72
frame=1,0,169,409,44,17,21,64
frame=1,1,49,455,29,8,22,62
frame=1,2,448,443,20,9,19,66
frame=1,3,136,428,40,12,27,71
frame=1,4,159,330,44,26,21,80
frame=1,5,479,185,29,37,5,84
frame=1,6,369,142,20,40,-1,81
frame=1,7,198,297,40,31,11,73
frame=2,0,0,443,47,11,18,61
frame=2,1,330,361,28,22,20,66
frame=2,2,280,361,22,23,22,71
frame=2,3,466,409,45,14,34,72
frame=2,4,214,409,47,17,27,76
frame=2,5,64,330,28,28,6,82
frame=2,6,41,330,22,29,-2,78
frame=2,7,150,387,45,20,9,68
frame=3,0,474,50,15,44,16,72
frame=3,1,390,142,15,40,23,75
frame=3,2,268,224,14,35,19,79
frame=3,3,0,224,15,37,7,83
frame=3,4,193,142,15,41,-3,83
frame=3,5,140,50,15,46,-10,80
frame=3,6,156,50,14,46,-7,74
frame=3,7,171,50,15,46,6,71
frame=4,0,466,224,26,34,20,56
frame=4,1,465,97,26,42,28,65
frame=4,2,98,0,15,48,22,74
frame=4,3,114,0,17,48,14,78
frame=4,4,301,262,19,32,-3,75
frame=4,5,321,262,22,32,-8,66
frame=4,6,93,330,17,28,-7,56
frame=4,7,111,330,17,28,1,52
frame=5,0,209,142,18,41,16,71
frame=5,1,16,224,18,37,22,73
frame=5,2,155,262,13,33,16,77
frame=5,3,147,224,18,36,9,81
frame=5,4,228,142,18,41,0,82
frame=5,5,187,50,18,46,-6,80
frame=5,6,132,0,13,48,-5,76
frame=5,7,206,50,18,46,7,72

[hit]
frames=2
duration=300ms
type=play_once
frame=0,0,247,142,20,41,17,70
frame=0,1,166,224,19,36,23,72
frame=0,2,239,297,10,31,16,75
frame=0,3,493,224,18,34,9,79
frame=0,4,268,142,20,41,1,81
frame=0,5,225,50,19,46,-6,79
frame=0,6,214,0,13,47,-5,74
frame=0,7,245,50,18,46,7,71
frame=1,0,289,142,20,41,17,70
frame=1,1,186,224,19,36,23,72
frame=1,2,250,297,10,31,16,75
frame=1,3,0,262,18,34,9,79
frame=1,4,310,142,20,41,1,81
frame=1,5,264,50,19,46,-6,79
frame=1,6,228,0,13,47,-5,74
frame=1,7,284,50,18,46,7,71

[block]
frames=2
duration=300ms
type=play_once
frame=0,0,141,97,12,43,12,69
frame=0,1,406,142,14,40,19,72
frame=0,2,206,224,10,36,16,75
frame=0,3,0,387,9,21,8,79
frame=0,4,154,97,12,43,-2,80
frame=0,5,385,50,14,45,-7,77
frame=0,6,303,50,13,46,-5,73
frame=0,7,317,50,14,46,4,70
frame=1,0,342,409,47,16,17,56
frame=1,1,177,428,36,12,21,55
frame=1,2,390,409,13,16,16,59
frame=1,3,56,428,37,13,29,63
frame=1,4,404,409,47,16,28,67
frame=1,5,401,297,36,30,13,75
frame=1,6,283,224,13,35,-5,74
frame=1,7,438,297,37,30,6,67

[cast]
frames=4
duration=600ms
type=play_once
frame=0,0,232,330,43,25,24,62
frame=0,1,214,428,33,12,26,58
frame=0,2,119,455,13,5,16,60
frame=0,3,248,428,34,12,21,66
frame=0,4,276,330,43,25,17,73
frame=0,5,56,185,33,38,5,77
frame=0,6,167,97,13,43,-5,75
frame=0,7,90,185,34,38,11,69
frame=1,0,425,387,46,18,17,60
frame=1,1,344,262,36,32,21,66
frame=1,2,35,224,13,37,16,72
frame=1,3,381,262,36,32,28,74
frame=1,4,196,387,46,19,27,71
frame=1,5,152,443,36,10,13,66
frame=1,6,0,428,13,14,-5,65
frame=1,7,189,443,36,10,6,58
frame=2,0,0,409,46,18,17,60
frame=2,1,418,262,36,32,21,66
frame=2,2,49,224,13,37,16,72
frame=2,3,455,262,36,32,28,74
frame=2,4,243,387,46,19,27,71
frame=2,5,226,443,36,10,13,66
frame=2,6,14,428,13,14,-5,65
frame=2,7,263,443,36,10,6,58
frame=3,0,320,330,43,25,24,62
frame=3,1,283,428,33,12,26,58
frame=3,2,133,455,13,5,16,60
frame=3,3,317,428,34,12,21,66
frame=3,4,364,330,43,25,17,73
frame=3,5,125,185,33,38,5,77
frame=3,6,181,97,13,43,-5,75
frame=3,7,159,185,34,38,11,69

[shoot]
frames=4
duration=600ms
type=play_once
frame=0,0,408,330,43,25,24,62
frame=0,1,352,428,33,12,26,58
frame=0,2,147,455,13,5,16,60
frame=0,3,386,428,34,12,21,66
frame=0,4,452,330,43,25,17,73
frame=0,5,194,185,33,38,5,77
frame=0,6,195,97,13,43,-5,75
frame=0,7,228,185,34,38,11,69
frame=1,0,47,409,46,18,17,60
frame=1,1,0,297,36,32,21,66
frame=1,2,63,224,13,37,16,72
frame=1,3,37,297,36,32,28,74
frame=1,4,290,387,46,19,27,71
frame=1,5,300,443,36,10,13,66
frame=1,6,28,428,13,14,-5,65
frame=1,7,337,443,36,10,6,58
frame=2,0,94,409,46,18,17,60
frame=2,1,74,297,36,32,21,66
frame=2,2,77,224,13,37,16,72
frame=2,3,111,297,36,32,28,74
frame=2,4,337,387,46,19,27,71
frame=2,5,374,443,36,10,13,66
frame=2,6,42,428,13,14,-5,65
frame=2,7,411,443,36,10,6,58
frame=3,0,0,361,43,25,24,62
frame=3,1,421,428,33,12,26,58
frame=3,2,161,455,13,5,16,60
frame=3,3,455,428,34,12,21,66
frame=3,4,44,361,43,25,17,73
frame=3,5,263,185,33,38,5,77
frame=3,6,209,97,13,43,-5,75
frame=3,7,297,185,34,38,11,69

[die]
frames=6
duration=900ms
type=play_once
frame=0,0,223,97,9,43,14,67
frame=0,1,490,50,9,44,19,73
frame=0,2,500,50,10,44,16,78
frame=0,3,359,361,7,22,2,81
frame=0,4,233,97,9,43,-7,78
frame=0,5,492,97,12,42,-9,72
frame=0,6,331,142,13,41,-5,66
frame=0,7,0,142,12,42,4,64
frame=1,0,91,224,16,37,5,66
frame=1,1,19,262,11,34,12,66
frame=1,2,169,262,15,33,19,70
frame=1,3,303,361,15,23,20,77
frame=1,4,332,50,16,46,9,83
frame=1,5,146,0,11,48,-3,83
frame=1,6,349,50,19,46,-2,78
frame=1,7,345,142,23,41,1,71
frame=2,0,10,387,35,21,-9,53
frame=2,1,94,428,15,13,-1,42
frame=2,2,110,428,25,13,26,44
frame=2,3,88,361,40,24,47,58
frame=2,4,332,185,35,38,42,76
frame=2,5,400,50,15,45,14,87
frame=2,6,13,142,28,42,0,84
frame=2,7,185,262,40,33,-9,71
frame=3,0,46,387,40,21,-32,37
frame=3,1,129,330,14,27,-17,24
frame=3,2,367,361,34,22,31,19
frame=3,3,0,455,48,9,70,26
frame=3,4,384,387,40,19,70,51
frame=3,5,144,330,14,27,29,70
frame=3,6,129,361,34,24,1,70
frame=3,7,48,443,48,11,-24,50
frame=4,0,42,142,27,42,-50,15
frame=4,1,243,97,19,43,-25,-4
frame=4,2,217,224,39,36,36,-11
frame=4,3,402,361,40,22,76,-2
frame=4,4,97,443,27,11,75,18
frame=4,5,79,455,19,7,42,35
frame=4,6,262,409,39,17,1,43
frame=4,7,0,330,40,30,-38,34
frame=5,0,70,142,26,42,-51,15
frame=5,1,0,97,19,44,-25,-4
frame=5,2,297,224,39,35,36,-12
frame=5,3,443,361,40,22,76,-2
frame=5,4,125,443,26,11,75,17
frame=5,5,99,455,19,7,42,35
frame=5,6,302,409,39,17,1,43
frame=5,7,261,297,40,31,-38,34
