image=custom_gear_zweihander_smear.png

[stance]
frames=1
duration=100ms
type=play_once
frame=0,0,370,331,1,1,80,112
frame=0,1,370,331,1,1,80,112
frame=0,2,370,331,1,1,80,112
frame=0,3,370,331,1,1,80,112
frame=0,4,370,331,1,1,80,112
frame=0,5,370,331,1,1,80,112
frame=0,6,370,331,1,1,80,112
frame=0,7,370,331,1,1,80,112

[swing]
frames=8
duration=640ms
type=play_once
frame=0,0,370,331,1,1,80,112
frame=0,1,370,331,1,1,80,112
frame=0,2,370,331,1,1,80,112
frame=0,3,370,331,1,1,80,112
frame=0,4,370,331,1,1,80,112
frame=0,5,370,331,1,1,80,112
frame=0,6,370,331,1,1,80,112
frame=0,7,370,331,1,1,80,112
frame=1,0,370,331,1,1,80,112
frame=1,1,370,331,1,1,80,112
frame=1,2,370,331,1,1,80,112
frame=1,3,370,331,1,1,80,112
frame=1,4,370,331,1,1,80,112
frame=1,5,370,331,1,1,80,112
frame=1,6,370,331,1,1,80,112
frame=1,7,370,331,1,1,80,112
frame=2,0,118,303,129,25,65,34
frame=2,1,251,202,98,46,67,56
frame=2,2,410,118,67,58,67,68
frame=2,3,350,202,113,46,67,74
frame=2,4,0,257,129,45,62,78
frame=2,5,312,118,97,68,28,78
frame=2,6,244,118,67,75,-2,74
frame=2,7,0,202,113,54,44,57
frame=3,0,0,303,92,27,62,61
frame=3,1,279,303,86,22,40,62
frame=3,2,130,257,47,43,-6,65
frame=3,3,228,257,57,39,-4,53
frame=3,4,366,303,93,22,28,29
frame=3,5,347,257,87,34,44,35
frame=3,6,114,202,46,54,51,54
frame=3,7,161,202,58,52,59,62
frame=4,0,370,331,1,1,80,112
frame=4,1,370,331,1,1,80,112
frame=4,2,370,331,1,1,80,112
frame=4,3,370,331,1,1,80,112
frame=4,4,370,331,1,1,80,112
frame=4,5,370,331,1,1,80,112
frame=4,6,370,331,1,1,80,112
frame=4,7,370,331,1,1,80,112
frame=5,0,370,331,1,1,80,112
frame=5,1,370,331,1,1,80,112
frame=5,2,370,331,1,1,80,112
frame=5,3,370,331,1,1,80,112
frame=5,4,370,331,1,1,80,112
frame=5,5,370,331,1,1,80,112
frame=5,6,370,331,1,1,80,112
frame=5,7,370,331,1,1,80,112
frame=6,0,370,331,1,1,80,112
frame=6,1,370,331,1,1,80,112
frame=6,2,370,331,1,1,80,112
frame=6,3,370,331,1,1,80,112
frame=6,4,370,331,1,1,80,112
frame=6,5,370,331,1,1,80,112
frame=6,6,370,331,1,1,80,112
frame=6,7,370,331,1,1,80,112
frame=7,0,370,331,1,1,80,112
frame=7,1,370,331,1,1,80,112
frame=7,2,370,331,1,1,80,112
frame=7,3,370,331,1,1,80,112
frame=7,4,370,331,1,1,80,112
frame=7,5,370,331,1,1,80,112
frame=7,6,370,331,1,1,80,112
frame=7,7,370,331,1,1,80,112

[swing2]
frames=8
duration=680ms
type=play_once
frame=0,0,370,331,1,1,80,112
frame=0,1,370,331,1,1,80,112
frame=0,2,370,331,1,1,80,112
frame=0,3,370,331,1,1,80,112
frame=0,4,370,331,1,1,80,112
frame=0,5,370,331,1,1,80,112
frame=0,6,370,331,1,1,80,112
frame=0,7,370,331,1,1,80,112
frame=1,0,370,331,1,1,80,112
frame=1,1,370,331,1,1,80,112
frame=1,2,370,331,1,1,80,112
frame=1,3,370,331,1,1,80,112
frame=1,4,370,331,1,1,80,112
frame=1,5,370,331,1,1,80,112
frame=1,6,370,331,1,1,80,112
frame=1,7,370,331,1,1,80,112
frame=2,0,0,118,121,83,68,87
frame=2,1,303,0,102,85,65,94
frame=2,2,100,0,27,102,25,106
frame=2,3,231,0,71,100,38,109
frame=2,4,122,118,121,81,51,104
frame=2,5,128,0,102,101,35,103
frame=2,6,0,0,27,117,0,101
frame=2,7,28,0,71,108,31,93
frame=3,0,73,331,30,19,50,-3
frame=3,1,93,303,24,26,52,15
frame=3,2,435,257,4,28,23,29
frame=3,3,460,303,18,22,-3,29
frame=3,4,239,331,29,16,-22,17
frame=3,5,269,331,23,16,-30,5
frame=3,6,366,331,3,5,-22,-20
frame=3,7,154,331,23,17,20,-10
frame=4,0,370,331,1,1,80,112
frame=4,1,370,331,1,1,80,112
frame=4,2,370,331,1,1,80,112
frame=4,3,370,331,1,1,80,112
frame=4,4,370,331,1,1,80,112
frame=4,5,370,331,1,1,80,112
frame=4,6,370,331,1,1,80,112
frame=4,7,370,331,1,1,80,112
frame=5,0,370,331,1,1,80,112
frame=5,1,370,331,1,1,80,112
frame=5,2,370,331,1,1,80,112
frame=5,3,370,331,1,1,80,112
frame=5,4,370,331,1,1,80,112
frame=5,5,370,331,1,1,80,112
frame=5,6,370,331,1,1,80,112
frame=5,7,370,331,1,1,80,112
frame=6,0,370,331,1,1,80,112
frame=6,1,370,331,1,1,80,112
frame=6,2,370,331,1,1,80,112
frame=6,3,370,331,1,1,80,112
frame=6,4,370,331,1,1,80,112
frame=6,5,370,331,1,1,80,112
frame=6,6,370,331,1,1,80,112
frame=6,7,370,331,1,1,80,112
frame=7,0,370,331,1,1,80,112
frame=7,1,370,331,1,1,80,112
frame=7,2,370,331,1,1,80,112
frame=7,3,370,331,1,1,80,112
frame=7,4,370,331,1,1,80,112
frame=7,5,370,331,1,1,80,112
frame=7,6,370,331,1,1,80,112
frame=7,7,370,331,1,1,80,112

[swing3]
frames=8
duration=600ms
type=play_once
frame=0,0,370,331,1,1,80,112
frame=0,1,370,331,1,1,80,112
frame=0,2,370,331,1,1,80,112
frame=0,3,370,331,1,1,80,112
frame=0,4,370,331,1,1,80,112
frame=0,5,370,331,1,1,80,112
frame=0,6,370,331,1,1,80,112
frame=0,7,370,331,1,1,80,112
frame=1,0,370,331,1,1,80,112
frame=1,1,370,331,1,1,80,112
frame=1,2,370,331,1,1,80,112
frame=1,3,370,331,1,1,80,112
frame=1,4,370,331,1,1,80,112
frame=1,5,370,331,1,1,80,112
frame=1,6,370,331,1,1,80,112
frame=1,7,370,331,1,1,80,112
frame=2,0,178,257,49,43,68,58
frame=2,1,220,202,30,49,56,79
frame=2,2,286,257,60,37,40,83
frame=2,3,293,331,72,15,10,70
frame=2,4,104,331,49,18,-21,57
frame=2,5,248,303,30,25,-28,42
frame=2,6,178,331,60,17,18,27
frame=2,7,0,331,72,22,60,32
frame=3,0,370,331,1,1,80,112
frame=3,1,370,331,1,1,80,112
frame=3,2,370,331,1,1,80,112
frame=3,3,370,331,1,1,80,112
frame=3,4,370,331,1,1,80,112
frame=3,5,370,331,1,1,80,112
frame=3,6,370,331,1,1,80,112
frame=3,7,370,331,1,1,80,112
frame=4,0,370,331,1,1,80,112
frame=4,1,370,331,1,1,80,112
frame=4,2,370,331,1,1,80,112
frame=4,3,370,331,1,1,80,112
frame=4,4,370,331,1,1,80,112
frame=4,5,370,331,1,1,80,112
frame=4,6,370,331,1,1,80,112
frame=4,7,370,331,1,1,80,112
frame=5,0,370,331,1,1,80,112
frame=5,1,370,331,1,1,80,112
frame=5,2,370,331,1,1,80,112
frame=5,3,370,331,1,1,80,112
frame=5,4,370,331,1,1,80,112
frame=5,5,370,331,1,1,80,112
frame=5,6,370,331,1,1,80,112
frame=5,7,370,331,1,1,80,112
frame=6,0,370,331,1,1,80,112
frame=6,1,370,331,1,1,80,112
frame=6,2,370,331,1,1,80,112
frame=6,3,370,331,1,1,80,112
frame=6,4,370,331,1,1,80,112
frame=6,5,370,331,1,1,80,112
frame=6,6,370,331,1,1,80,112
frame=6,7,370,331,1,1,80,112
frame=7,0,370,331,1,1,80,112
frame=7,1,370,331,1,1,80,112
frame=7,2,370,331,1,1,80,112
frame=7,3,370,331,1,1,80,112
frame=7,4,370,331,1,1,80,112
frame=7,5,370,331,1,1,80,112
frame=7,6,370,331,1,1,80,112
frame=7,7,370,331,1,1,80,112
