image=custom_npc_cairnkeeper.png

[stance]
frames=4
duration=1600ms
type=back_forth
frame=0,0,838,76,34,68,22,62
frame=0,1,813,0,34,69,21,64
frame=0,2,848,0,29,69,14,65
frame=0,3,878,0,35,69,11,64
frame=0,4,873,76,34,68,10,62
frame=0,5,970,146,34,67,11,60
frame=0,6,926,215,29,65,13,59
frame=0,7,908,76,35,68,22,61
frame=1,0,944,76,34,68,22,62
frame=1,1,914,0,34,69,21,64
frame=1,2,949,0,29,69,14,65
frame=1,3,979,0,35,69,11,64
frame=1,4,979,76,34,68,10,62
frame=1,5,0,215,34,67,11,60
frame=1,6,956,215,29,65,13,59
frame=1,7,35,215,35,67,22,60
frame=2,0,0,76,34,69,22,63
frame=2,1,35,76,34,69,21,64
frame=2,2,70,76,29,69,14,65
frame=2,3,492,0,35,70,11,65
frame=2,4,0,146,34,68,10,63
frame=2,5,35,146,34,68,11,61
frame=2,6,574,215,29,66,13,60
frame=2,7,70,146,35,68,22,61
frame=3,0,106,146,34,68,22,62
frame=3,1,100,76,34,69,21,64
frame=3,2,135,76,29,69,14,65
frame=3,3,165,76,35,69,11,64
frame=3,4,873,76,34,68,10,62
frame=3,5,71,215,34,67,11,60
frame=3,6,986,215,29,65,13,59
frame=3,7,141,146,35,68,22,61

[run]
frames=8
duration=1000ms
type=looped
frame=0,0,201,76,34,69,22,63
frame=0,1,528,0,34,70,21,65
frame=0,2,563,0,29,70,14,66
frame=0,3,236,76,35,69,11,65
frame=0,4,177,146,34,68,10,63
frame=0,5,212,146,34,68,11,61
frame=0,6,604,215,29,66,13,60
frame=0,7,634,215,35,66,22,61
frame=1,0,106,215,34,67,22,62
frame=1,1,247,146,36,68,23,64
frame=1,2,229,0,29,71,14,65
frame=1,3,259,0,35,71,11,65
frame=1,4,272,76,34,69,10,63
frame=1,5,670,215,36,66,11,61
frame=1,6,141,215,29,67,13,60
frame=1,7,307,76,35,69,22,61
frame=2,0,171,215,36,67,22,62
frame=2,1,343,76,38,69,24,64
frame=2,2,99,0,29,72,14,65
frame=2,3,295,0,35,71,11,64
frame=2,4,284,146,36,68,12,62
frame=2,5,707,215,38,66,12,60
frame=2,6,321,146,29,68,13,59
frame=2,7,351,146,35,68,22,60
frame=3,0,746,215,37,66,22,62
frame=3,1,387,146,38,68,23,64
frame=3,2,331,0,29,71,14,65
frame=3,3,129,0,35,72,11,65
frame=3,4,382,76,37,69,13,63
frame=3,5,208,215,38,67,13,61
frame=3,6,426,146,29,68,13,60
frame=3,7,420,76,35,69,22,61
frame=4,0,456,76,34,69,22,63
frame=4,1,593,0,34,70,21,65
frame=4,2,628,0,29,70,14,66
frame=4,3,658,0,35,70,11,65
frame=4,4,491,76,34,69,10,63
frame=4,5,784,215,34,66,11,61
frame=4,6,819,215,29,66,13,60
frame=4,7,456,146,35,68,22,61
frame=5,0,492,146,34,68,22,62
frame=5,1,694,0,34,70,21,64
frame=5,2,361,0,29,71,14,65
frame=5,3,526,76,35,69,11,65
frame=5,4,527,146,34,68,10,63
frame=5,5,562,146,34,68,11,61
frame=5,6,247,215,29,67,13,60
frame=5,7,277,215,35,67,22,61
frame=6,0,597,146,36,68,22,62
frame=6,1,391,0,35,71,22,64
frame=6,2,165,0,29,72,14,65
frame=6,3,562,76,37,69,13,64
frame=6,4,313,215,36,67,12,62
frame=6,5,634,146,35,68,11,60
frame=6,6,670,146,29,68,13,59
frame=6,7,849,215,37,66,22,60
frame=7,0,700,146,37,68,22,62
frame=7,1,427,0,34,71,21,64
frame=7,2,462,0,29,71,14,65
frame=7,3,600,76,37,69,13,65
frame=7,4,350,215,37,67,13,63
frame=7,5,638,76,34,69,11,61
frame=7,6,738,146,29,68,13,60
frame=7,7,388,215,37,67,22,61

[hit]
frames=2
duration=300ms
type=play_once
frame=0,0,838,76,34,68,22,62
frame=0,1,813,0,34,69,21,64
frame=0,2,848,0,29,69,14,65
frame=0,3,878,0,35,69,11,64
frame=0,4,873,76,34,68,10,62
frame=0,5,970,146,34,67,11,60
frame=0,6,926,215,29,65,13,59
frame=0,7,908,76,35,68,22,61
frame=1,0,768,146,34,68,22,62
frame=1,1,673,76,34,69,21,64
frame=1,2,708,76,29,69,14,65
frame=1,3,738,76,35,69,11,64
frame=1,4,803,146,34,68,10,62
frame=1,5,426,215,34,67,11,60
frame=1,6,0,283,29,65,13,59
frame=1,7,838,146,35,68,22,61

[block]
frames=2
duration=300ms
type=play_once
frame=0,0,838,76,34,68,22,62
frame=0,1,813,0,34,69,21,64
frame=0,2,848,0,29,69,14,65
frame=0,3,878,0,35,69,11,64
frame=0,4,873,76,34,68,10,62
frame=0,5,970,146,34,67,11,60
frame=0,6,926,215,29,65,13,59
frame=0,7,908,76,35,68,22,61
frame=1,0,768,146,34,68,22,62
frame=1,1,673,76,34,69,21,64
frame=1,2,708,76,29,69,14,65
frame=1,3,738,76,35,69,11,64
frame=1,4,803,146,34,68,10,62
frame=1,5,426,215,34,67,11,60
frame=1,6,0,283,29,65,13,59
frame=1,7,838,146,35,68,22,61

[die]
frames=6
duration=1000ms
type=play_once
frame=0,0,838,76,34,68,22,62
frame=0,1,813,0,34,69,21,64
frame=0,2,848,0,29,69,14,65
frame=0,3,878,0,35,69,11,64
frame=0,4,873,76,34,68,10,62
frame=0,5,970,146,34,67,11,60
frame=0,6,926,215,29,65,13,59
frame=0,7,908,76,35,68,22,61
frame=1,0,874,146,30,68,18,63
frame=1,1,905,146,33,68,19,63
frame=1,2,461,215,29,67,14,63
frame=1,3,491,215,32,67,11,63
frame=1,4,939,146,30,68,10,63
frame=1,5,774,76,33,69,12,63
frame=1,6,808,76,29,69,13,63
frame=1,7,729,0,32,70,19,63
frame=2,0,30,283,38,65,9,61
frame=2,1,284,283,38,58,14,53
frame=2,2,194,283,29,61,14,55
frame=2,3,69,283,33,64,22,59
frame=2,4,887,215,38,66,27,62
frame=2,5,30,0,38,73,22,69
frame=2,6,0,0,29,75,13,72
frame=2,7,195,0,33,72,9,68
frame=3,0,413,283,60,53,4,48
frame=3,1,675,283,50,46,8,38
frame=3,2,726,283,29,44,14,36
frame=3,3,474,283,49,52,40,44
frame=3,4,133,283,60,62,54,57
frame=3,5,762,0,50,70,40,67
frame=3,6,69,0,29,73,13,71
frame=3,7,524,215,49,67,7,64
frame=4,0,0,349,74,38,1,30
frame=4,1,284,349,59,32,5,13
frame=4,2,893,283,29,40,14,11
frame=4,3,150,349,58,35,51,16
frame=4,4,756,283,74,44,71,36
frame=4,5,224,283,59,60,52,55
frame=4,6,103,283,29,63,13,60
frame=4,7,524,283,58,52,5,47
frame=5,0,209,349,74,33,1,24
frame=5,1,923,283,59,40,5,11
frame=5,2,583,283,29,48,14,10
frame=5,3,831,283,61,43,54,14
frame=5,4,75,349,74,37,71,28
frame=5,5,353,283,59,55,52,49
frame=5,6,323,283,29,58,13,54
frame=5,7,613,283,61,47,5,41
