image=custom_npc_glarewolf.png

[stance]
frames=4
duration=1000ms
type=back_forth
frame=0,0,520,579,85,45,43,39
frame=0,1,274,141,62,57,31,46
frame=0,2,800,0,21,61,9,49
frame=0,3,337,141,62,57,29,46
frame=0,4,755,628,85,44,40,38
frame=0,5,319,370,62,52,29,42
frame=0,6,174,258,21,55,10,44
frame=0,7,374,424,62,51,31,41
frame=1,0,606,579,84,45,42,38
frame=1,1,488,200,59,56,29,45
frame=1,2,822,0,21,61,9,48
frame=1,3,548,200,64,56,30,45
frame=1,4,841,628,84,44,40,37
frame=1,5,539,315,59,53,28,42
frame=1,6,613,200,21,56,10,44
frame=1,7,382,370,64,52,32,41
frame=2,0,691,579,86,45,44,39
frame=2,1,400,141,66,57,34,46
frame=2,2,844,0,21,61,10,49
frame=2,3,467,141,60,57,28,46
frame=2,4,778,579,86,45,40,39
frame=2,5,599,315,66,53,30,43
frame=2,6,795,258,21,54,9,44
frame=2,7,437,424,60,51,30,41
frame=3,0,865,579,85,45,43,39
frame=3,1,528,141,62,57,31,46
frame=3,2,866,0,21,61,9,49
frame=3,3,591,141,62,57,29,46
frame=3,4,926,628,85,44,40,38
frame=3,5,447,370,62,52,29,42
frame=3,6,196,258,21,55,10,44
frame=3,7,498,424,62,51,31,41

[run]
frames=8
duration=560ms
type=looped
frame=0,0,0,628,80,45,41,38
frame=0,1,666,315,59,53,30,45
frame=0,2,888,0,21,61,9,48
frame=0,3,635,200,58,56,26,45
frame=0,4,390,764,80,42,37,37
frame=0,5,435,477,59,50,27,42
frame=0,6,654,141,21,57,10,44
frame=0,7,510,370,58,52,30,41
frame=1,0,573,719,81,43,42,38
frame=1,1,569,370,60,52,31,45
frame=1,2,910,0,21,61,9,48
frame=1,3,218,258,61,55,28,45
frame=1,4,0,674,81,44,37,39
frame=1,5,726,315,60,53,27,44
frame=1,6,725,79,21,58,10,46
frame=1,7,495,477,61,50,31,43
frame=2,0,655,719,79,43,41,38
frame=2,1,817,258,61,54,30,45
frame=2,2,494,0,21,63,9,48
frame=2,3,676,141,60,57,28,45
frame=2,4,471,764,79,42,36,37
frame=2,5,879,258,61,54,29,42
frame=2,6,747,79,21,58,10,44
frame=2,7,557,477,60,50,30,41
frame=3,0,735,719,78,43,40,40
frame=3,1,941,258,60,54,29,47
frame=3,2,88,79,21,60,9,50
frame=3,3,0,315,58,54,27,47
frame=3,4,814,719,78,43,36,39
frame=3,5,59,315,60,54,29,43
frame=3,6,737,141,21,57,10,45
frame=3,7,618,477,58,50,29,42
frame=4,0,893,719,80,43,41,38
frame=4,1,694,200,59,56,30,45
frame=4,2,932,0,21,61,9,48
frame=4,3,787,315,58,53,26,45
frame=4,4,82,674,80,44,37,37
frame=4,5,846,315,59,53,27,42
frame=4,6,759,141,21,57,10,44
frame=4,7,811,477,58,49,30,41
frame=5,0,0,764,81,43,42,38
frame=5,1,280,258,61,55,31,45
frame=5,2,954,0,21,61,9,48
frame=5,3,630,370,60,52,27,45
frame=5,4,163,674,81,44,37,39
frame=5,5,561,424,61,51,28,44
frame=5,6,769,79,21,58,10,46
frame=5,7,691,370,60,52,31,43
frame=6,0,82,764,79,43,41,38
frame=6,1,781,141,60,57,30,45
frame=6,2,516,0,21,63,9,48
frame=6,3,120,315,61,54,29,45
frame=6,4,551,764,79,42,36,37
frame=6,5,623,424,60,51,28,42
frame=6,6,791,79,21,58,10,44
frame=6,7,906,315,61,53,30,41
frame=7,0,245,674,78,44,40,40
frame=7,1,182,315,58,54,29,47
frame=7,2,110,79,21,60,9,50
frame=7,3,241,315,60,54,29,47
frame=7,4,631,764,78,42,36,39
frame=7,5,684,424,58,51,27,43
frame=7,6,842,141,21,57,10,45
frame=7,7,0,370,60,53,29,42

[swing]
frames=7
duration=560ms
type=play_once
hit=160ms
frame=0,0,324,674,76,44,35,36
frame=0,1,864,141,56,57,26,42
frame=0,2,538,0,21,63,9,45
frame=0,3,921,141,56,57,28,42
frame=0,4,401,674,76,44,39,36
frame=0,5,752,370,56,52,28,43
frame=0,6,510,79,21,59,10,46
frame=0,7,743,424,56,51,26,42
frame=1,0,478,674,74,44,32,35
frame=1,1,0,200,54,57,23,41
frame=1,2,718,0,21,62,9,44
frame=1,3,754,200,54,56,29,41
frame=1,4,81,628,74,45,40,36
frame=1,5,302,315,54,54,29,44
frame=1,6,132,79,21,60,10,46
frame=1,7,809,370,54,52,23,42
frame=2,0,514,529,79,48,58,43
frame=2,1,218,0,61,66,42,56
frame=2,2,22,0,21,71,9,61
frame=2,3,280,0,62,66,18,56
frame=2,4,594,529,79,48,19,43
frame=2,5,870,477,61,49,17,38
frame=2,6,342,258,21,55,10,39
frame=2,7,677,477,62,50,42,37
frame=3,0,674,529,77,48,55,42
frame=3,1,343,0,52,65,32,54
frame=3,2,44,0,24,70,8,58
frame=3,3,560,0,67,63,18,52
frame=3,4,120,579,77,47,20,41
frame=3,5,932,477,52,49,18,37
frame=3,6,364,258,24,55,14,38
frame=3,7,0,529,67,49,47,36
frame=4,0,198,579,77,47,55,41
frame=4,1,628,0,67,63,47,52
frame=4,2,69,0,22,69,12,57
frame=4,3,418,0,53,64,18,53
frame=4,4,276,579,77,47,20,41
frame=4,5,68,529,67,49,18,37
frame=4,6,389,258,22,55,8,38
frame=4,7,136,529,53,49,33,36
frame=5,0,354,579,82,46,50,40
frame=5,1,154,79,63,60,39,49
frame=5,2,472,0,21,64,10,52
frame=5,3,218,79,57,60,22,49
frame=5,4,437,579,82,46,30,40
frame=5,5,864,370,63,52,22,40
frame=5,6,809,200,21,56,9,41
frame=5,7,800,424,57,51,33,39
frame=6,0,156,628,84,45,42,39
frame=6,1,55,200,62,57,31,46
frame=6,2,976,0,21,61,9,49
frame=6,3,118,200,62,57,29,46
frame=6,4,241,628,84,45,40,39
frame=6,5,61,370,62,53,29,43
frame=6,6,831,200,21,56,10,45
frame=6,7,928,370,62,52,31,42

[swing2]
frames=8
duration=720ms
type=play_once
hit=270ms
frame=0,0,553,674,84,44,37,34
frame=0,1,532,79,62,59,27,40
frame=0,2,396,0,21,65,9,43
frame=0,3,595,79,62,59,33,40
frame=0,4,162,764,84,43,45,33
frame=0,5,858,424,62,51,33,39
frame=0,6,813,79,21,58,10,42
frame=0,7,921,424,62,51,27,38
frame=1,0,638,674,86,44,35,32
frame=1,1,835,79,63,58,26,38
frame=1,2,696,0,21,63,9,40
frame=1,3,899,79,63,58,35,38
frame=1,4,725,674,86,44,49,32
frame=1,5,0,424,63,52,35,39
frame=1,6,998,0,21,61,10,44
frame=1,7,0,477,63,51,26,38
frame=2,0,64,477,81,51,54,52
frame=2,1,92,0,61,69,39,63
frame=2,2,0,0,21,78,9,71
frame=2,3,154,0,63,69,22,63
frame=2,4,64,424,81,52,25,52
frame=2,5,369,808,61,35,20,43
frame=2,6,710,764,21,42,10,43
frame=2,7,82,808,63,39,39,44
frame=3,0,812,674,77,44,58,36
frame=3,1,357,315,57,54,42,49
frame=3,2,658,79,21,59,9,54
frame=3,3,124,370,57,53,13,48
frame=3,4,326,628,77,45,17,38
frame=3,5,963,79,57,58,13,37
frame=3,6,0,79,21,61,10,35
frame=3,7,853,200,57,56,42,35
frame=4,0,890,674,76,44,57,35
frame=4,1,412,258,53,55,38,48
frame=4,2,276,79,21,60,8,54
frame=4,3,466,258,61,55,13,48
frame=4,4,0,719,76,44,17,37
frame=4,5,181,200,53,57,13,36
frame=4,6,298,79,21,60,11,35
frame=4,7,911,200,61,56,46,35
frame=5,0,77,719,75,44,56,35
frame=5,1,528,258,59,55,44,48
frame=5,2,320,79,21,60,10,54
frame=5,3,588,258,53,55,13,48
frame=5,4,153,719,75,44,17,37
frame=5,5,235,200,59,57,13,36
frame=5,6,342,79,21,60,9,35
frame=5,7,0,258,53,56,38,35
frame=6,0,247,764,81,43,50,36
frame=6,1,54,258,61,56,38,47
frame=6,2,364,79,21,60,10,51
frame=6,3,116,258,57,56,21,47
frame=6,4,229,719,81,44,29,37
frame=6,5,642,258,61,55,21,39
frame=6,6,0,141,21,58,9,40
frame=6,7,415,315,57,54,34,38
frame=7,0,156,628,84,45,42,39
frame=7,1,55,200,62,57,31,46
frame=7,2,976,0,21,61,9,49
frame=7,3,118,200,62,57,29,46
frame=7,4,241,628,84,45,40,39
frame=7,5,61,370,62,53,29,43
frame=7,6,831,200,21,56,10,45
frame=7,7,928,370,62,52,31,42

[cast]
frames=7
duration=560ms
type=play_once
hit=160ms
frame=0,0,324,674,76,44,35,36
frame=0,1,864,141,56,57,26,42
frame=0,2,538,0,21,63,9,45
frame=0,3,921,141,56,57,28,42
frame=0,4,401,674,76,44,39,36
frame=0,5,752,370,56,52,28,43
frame=0,6,510,79,21,59,10,46
frame=0,7,743,424,56,51,26,42
frame=1,0,478,674,74,44,32,35
frame=1,1,0,200,54,57,23,41
frame=1,2,718,0,21,62,9,44
frame=1,3,754,200,54,56,29,41
frame=1,4,81,628,74,45,40,36
frame=1,5,302,315,54,54,29,44
frame=1,6,132,79,21,60,10,46
frame=1,7,809,370,54,52,23,42
frame=2,0,514,529,79,48,58,43
frame=2,1,218,0,61,66,42,56
frame=2,2,22,0,21,71,9,61
frame=2,3,280,0,62,66,18,56
frame=2,4,594,529,79,48,19,43
frame=2,5,870,477,61,49,17,38
frame=2,6,342,258,21,55,10,39
frame=2,7,677,477,62,50,42,37
frame=3,0,674,529,77,48,55,42
frame=3,1,343,0,52,65,32,54
frame=3,2,44,0,24,70,8,58
frame=3,3,560,0,67,63,18,52
frame=3,4,120,579,77,47,20,41
frame=3,5,932,477,52,49,18,37
frame=3,6,364,258,24,55,14,38
frame=3,7,0,529,67,49,47,36
frame=4,0,198,579,77,47,55,41
frame=4,1,628,0,67,63,47,52
frame=4,2,69,0,22,69,12,57
frame=4,3,418,0,53,64,18,53
frame=4,4,276,579,77,47,20,41
frame=4,5,68,529,67,49,18,37
frame=4,6,389,258,22,55,8,38
frame=4,7,136,529,53,49,33,36
frame=5,0,354,579,82,46,50,40
frame=5,1,154,79,63,60,39,49
frame=5,2,472,0,21,64,10,52
frame=5,3,218,79,57,60,22,49
frame=5,4,437,579,82,46,30,40
frame=5,5,864,370,63,52,22,40
frame=5,6,809,200,21,56,9,41
frame=5,7,800,424,57,51,33,39
frame=6,0,156,628,84,45,42,39
frame=6,1,55,200,62,57,31,46
frame=6,2,976,0,21,61,9,49
frame=6,3,118,200,62,57,29,46
frame=6,4,241,628,84,45,40,39
frame=6,5,61,370,62,53,29,43
frame=6,6,831,200,21,56,10,45
frame=6,7,928,370,62,52,31,42

[shoot]
frames=7
duration=560ms
type=play_once
hit=160ms
frame=0,0,324,674,76,44,35,36
frame=0,1,864,141,56,57,26,42
frame=0,2,538,0,21,63,9,45
frame=0,3,921,141,56,57,28,42
frame=0,4,401,674,76,44,39,36
frame=0,5,752,370,56,52,28,43
frame=0,6,510,79,21,59,10,46
frame=0,7,743,424,56,51,26,42
frame=1,0,478,674,74,44,32,35
frame=1,1,0,200,54,57,23,41
frame=1,2,718,0,21,62,9,44
frame=1,3,754,200,54,56,29,41
frame=1,4,81,628,74,45,40,36
frame=1,5,302,315,54,54,29,44
frame=1,6,132,79,21,60,10,46
frame=1,7,809,370,54,52,23,42
frame=2,0,514,529,79,48,58,43
frame=2,1,218,0,61,66,42,56
frame=2,2,22,0,21,71,9,61
frame=2,3,280,0,62,66,18,56
frame=2,4,594,529,79,48,19,43
frame=2,5,870,477,61,49,17,38
frame=2,6,342,258,21,55,10,39
frame=2,7,677,477,62,50,42,37
frame=3,0,674,529,77,48,55,42
frame=3,1,343,0,52,65,32,54
frame=3,2,44,0,24,70,8,58
frame=3,3,560,0,67,63,18,52
frame=3,4,120,579,77,47,20,41
frame=3,5,932,477,52,49,18,37
frame=3,6,364,258,24,55,14,38
frame=3,7,0,529,67,49,47,36
frame=4,0,198,579,77,47,55,41
frame=4,1,628,0,67,63,47,52
frame=4,2,69,0,22,69,12,57
frame=4,3,418,0,53,64,18,53
frame=4,4,276,579,77,47,20,41
frame=4,5,68,529,67,49,18,37
frame=4,6,389,258,22,55,8,38
frame=4,7,136,529,53,49,33,36
frame=5,0,354,579,82,46,50,40
frame=5,1,154,79,63,60,39,49
frame=5,2,472,0,21,64,10,52
frame=5,3,218,79,57,60,22,49
frame=5,4,437,579,82,46,30,40
frame=5,5,864,370,63,52,22,40
frame=5,6,809,200,21,56,9,41
frame=5,7,800,424,57,51,33,39
frame=6,0,156,628,84,45,42,39
frame=6,1,55,200,62,57,31,46
frame=6,2,976,0,21,61,9,49
frame=6,3,118,200,62,57,29,46
frame=6,4,241,628,84,45,40,39
frame=6,5,61,370,62,53,29,43
frame=6,6,831,200,21,56,10,45
frame=6,7,928,370,62,52,31,42

[hit]
frames=2
duration=300ms
type=play_once
frame=0,0,404,628,87,45,45,40
frame=0,1,22,141,64,58,33,47
frame=0,2,22,79,21,61,9,49
frame=0,3,295,200,64,57,29,46
frame=0,4,311,719,87,44,40,39
frame=0,5,146,424,64,52,29,42
frame=0,6,473,315,21,54,10,44
frame=0,7,146,477,64,51,33,41
frame=1,0,492,628,87,45,45,40
frame=1,1,87,141,64,58,33,47
frame=1,2,44,79,21,61,9,49
frame=1,3,360,200,64,57,29,46
frame=1,4,399,719,87,44,40,39
frame=1,5,211,424,64,52,29,42
frame=1,6,495,315,21,54,10,44
frame=1,7,211,477,64,51,33,41

[block]
frames=2
duration=300ms
type=play_once
frame=0,0,404,628,87,45,45,40
frame=0,1,22,141,64,58,33,47
frame=0,2,22,79,21,61,9,49
frame=0,3,295,200,64,57,29,46
frame=0,4,311,719,87,44,40,39
frame=0,5,146,424,64,52,29,42
frame=0,6,473,315,21,54,10,44
frame=0,7,146,477,64,51,33,41
frame=1,0,492,628,87,45,45,40
frame=1,1,87,141,64,58,33,47
frame=1,2,44,79,21,61,9,49
frame=1,3,360,200,64,57,29,46
frame=1,4,399,719,87,44,40,39
frame=1,5,211,424,64,52,29,42
frame=1,6,495,315,21,54,10,44
frame=1,7,211,477,64,51,33,41

[die]
frames=6
duration=900ms
type=play_once
frame=0,0,580,628,85,45,43,40
frame=0,1,152,141,62,58,31,47
frame=0,2,66,79,21,61,9,49
frame=0,3,425,200,62,57,29,46
frame=0,4,487,719,85,44,40,39
frame=0,5,276,424,62,52,29,42
frame=0,6,517,315,21,54,10,44
frame=0,7,276,477,62,51,31,41
frame=1,0,732,764,87,41,45,39
frame=1,1,704,258,65,55,36,47
frame=1,2,740,0,24,62,15,53
frame=1,3,386,79,62,60,31,54
frame=1,4,752,529,87,48,40,48
frame=1,5,182,370,65,53,27,49
frame=1,6,770,258,24,55,7,48
frame=1,7,190,529,62,49,29,42
frame=2,0,787,808,87,30,46,30
frame=2,1,740,477,70,50,44,42
frame=2,2,765,0,34,62,27,53
frame=2,3,449,79,60,60,35,56
frame=2,4,840,529,87,48,39,53
frame=2,5,248,370,70,53,24,51
frame=2,6,339,424,34,52,5,46
frame=2,7,329,764,60,43,23,37
frame=3,0,875,808,88,21,47,18
frame=3,1,820,764,76,41,53,31
frame=3,2,680,79,44,59,39,47
frame=3,3,215,141,58,58,39,51
frame=3,4,666,628,88,45,39,48
frame=3,5,928,529,76,48,21,44
frame=3,6,253,529,44,49,3,40
frame=3,7,310,808,58,37,17,29
frame=4,0,609,808,88,32,47,11
frame=4,1,146,808,81,39,59,19
frame=4,2,298,529,47,49,45,32
frame=4,3,346,529,59,49,42,38
frame=4,4,431,808,88,34,39,33
frame=4,5,897,764,81,41,20,32
frame=4,6,339,477,47,51,0,31
frame=4,7,0,579,59,48,15,22
frame=5,0,698,808,88,32,47,11
frame=5,1,228,808,81,39,59,19
frame=5,2,406,529,47,49,45,32
frame=5,3,454,529,59,49,42,38
frame=5,4,520,808,88,34,39,33
frame=5,5,0,808,81,41,20,32
frame=5,6,387,477,47,51,0,31
frame=5,7,60,579,59,48,15,22
