image=custom_npc_goblin_smear.png

[stance]
frames=1
duration=100ms
type=play_once
frame=0,0,363,41,1,1,56,80
frame=0,1,363,41,1,1,56,80
frame=0,2,363,41,1,1,56,80
frame=0,3,363,41,1,1,56,80
frame=0,4,363,41,1,1,56,80
frame=0,5,363,41,1,1,56,80
frame=0,6,363,41,1,1,56,80
frame=0,7,363,41,1,1,56,80

[swing]
frames=8
duration=640ms
type=play_once
frame=0,0,363,41,1,1,56,80
frame=0,1,363,41,1,1,56,80
frame=0,2,363,41,1,1,56,80
frame=0,3,363,41,1,1,56,80
frame=0,4,363,41,1,1,56,80
frame=0,5,363,41,1,1,56,80
frame=0,6,363,41,1,1,56,80
frame=0,7,363,41,1,1,56,80
frame=1,0,363,41,1,1,56,80
frame=1,1,363,41,1,1,56,80
frame=1,2,363,41,1,1,56,80
frame=1,3,363,41,1,1,56,80
frame=1,4,363,41,1,1,56,80
frame=1,5,363,41,1,1,56,80
frame=1,6,363,41,1,1,56,80
frame=1,7,363,41,1,1,56,80
frame=2,0,415,0,44,14,23,22
frame=2,1,70,41,34,11,25,23
frame=2,2,21,41,17,12,24,28
frame=2,3,105,41,37,11,23,33
frame=2,4,338,0,44,19,19,36
frame=2,5,175,0,34,30,7,38
frame=2,6,70,0,22,34,-4,37
frame=2,7,210,0,38,27,13,31
frame=3,0,157,41,11,10,22,24
frame=3,1,315,41,26,4,14,26
frame=3,2,262,41,7,7,-10,25
frame=3,3,143,41,13,11,-8,25
frame=3,4,169,41,28,8,3,17
frame=3,5,39,41,30,12,11,17
frame=3,6,319,0,18,21,15,23
frame=3,7,383,0,9,18,19,24
frame=4,0,363,41,1,1,56,80
frame=4,1,363,41,1,1,56,80
frame=4,2,363,41,1,1,56,80
frame=4,3,363,41,1,1,56,80
frame=4,4,363,41,1,1,56,80
frame=4,5,363,41,1,1,56,80
frame=4,6,363,41,1,1,56,80
frame=4,7,363,41,1,1,56,80
frame=5,0,363,41,1,1,56,80
frame=5,1,363,41,1,1,56,80
frame=5,2,363,41,1,1,56,80
frame=5,3,363,41,1,1,56,80
frame=5,4,363,41,1,1,56,80
frame=5,5,363,41,1,1,56,80
frame=5,6,363,41,1,1,56,80
frame=5,7,363,41,1,1,56,80
frame=6,0,363,41,1,1,56,80
frame=6,1,363,41,1,1,56,80
frame=6,2,363,41,1,1,56,80
frame=6,3,363,41,1,1,56,80
frame=6,4,363,41,1,1,56,80
frame=6,5,363,41,1,1,56,80
frame=6,6,363,41,1,1,56,80
frame=6,7,363,41,1,1,56,80
frame=7,0,363,41,1,1,56,80
frame=7,1,363,41,1,1,56,80
frame=7,2,363,41,1,1,56,80
frame=7,3,363,41,1,1,56,80
frame=7,4,363,41,1,1,56,80
frame=7,5,363,41,1,1,56,80
frame=7,6,363,41,1,1,56,80
frame=7,7,363,41,1,1,56,80

[swing2]
frames=8
duration=680ms
type=play_once
frame=0,0,363,41,1,1,56,80
frame=0,1,363,41,1,1,56,80
frame=0,2,363,41,1,1,56,80
frame=0,3,363,41,1,1,56,80
frame=0,4,363,41,1,1,56,80
frame=0,5,363,41,1,1,56,80
frame=0,6,363,41,1,1,56,80
frame=0,7,363,41,1,1,56,80
frame=1,0,363,41,1,1,56,80
frame=1,1,363,41,1,1,56,80
frame=1,2,363,41,1,1,56,80
frame=1,3,363,41,1,1,56,80
frame=1,4,363,41,1,1,56,80
frame=1,5,363,41,1,1,56,80
frame=1,6,363,41,1,1,56,80
frame=1,7,363,41,1,1,56,80
frame=2,0,93,0,40,32,25,36
frame=2,1,249,0,34,26,26,39
frame=2,2,284,0,9,26,11,45
frame=2,3,294,0,24,23,12,46
frame=2,4,134,0,40,31,13,45
frame=2,5,35,0,34,38,6,43
frame=2,6,0,0,9,40,-4,41
frame=2,7,10,0,24,40,10,38
frame=3,0,342,41,9,4,16,3
frame=3,1,198,41,6,8,18,11
frame=3,2,352,41,1,4,10,15
frame=3,3,363,41,1,1,56,80
frame=3,4,354,41,5,4,-14,13
frame=3,5,270,41,7,6,-14,9
frame=3,6,360,41,2,3,-10,0
frame=3,7,306,41,8,5,4,1
frame=4,0,363,41,1,1,56,80
frame=4,1,363,41,1,1,56,80
frame=4,2,363,41,1,1,56,80
frame=4,3,363,41,1,1,56,80
frame=4,4,363,41,1,1,56,80
frame=4,5,363,41,1,1,56,80
frame=4,6,363,41,1,1,56,80
frame=4,7,363,41,1,1,56,80
frame=5,0,363,41,1,1,56,80
frame=5,1,363,41,1,1,56,80
frame=5,2,363,41,1,1,56,80
frame=5,3,363,41,1,1,56,80
frame=5,4,363,41,1,1,56,80
frame=5,5,363,41,1,1,56,80
frame=5,6,363,41,1,1,56,80
frame=5,7,363,41,1,1,56,80
frame=6,0,363,41,1,1,56,80
frame=6,1,363,41,1,1,56,80
frame=6,2,363,41,1,1,56,80
frame=6,3,363,41,1,1,56,80
frame=6,4,363,41,1,1,56,80
frame=6,5,363,41,1,1,56,80
frame=6,6,363,41,1,1,56,80
frame=6,7,363,41,1,1,56,80
frame=7,0,363,41,1,1,56,80
frame=7,1,363,41,1,1,56,80
frame=7,2,363,41,1,1,56,80
frame=7,3,363,41,1,1,56,80
frame=7,4,363,41,1,1,56,80
frame=7,5,363,41,1,1,56,80
frame=7,6,363,41,1,1,56,80
frame=7,7,363,41,1,1,56,80

[swing3]
frames=8
duration=600ms
type=play_once
frame=0,0,363,41,1,1,56,80
frame=0,1,363,41,1,1,56,80
frame=0,2,363,41,1,1,56,80
frame=0,3,363,41,1,1,56,80
frame=0,4,363,41,1,1,56,80
frame=0,5,363,41,1,1,56,80
frame=0,6,363,41,1,1,56,80
frame=0,7,363,41,1,1,56,80
frame=1,0,363,41,1,1,56,80
frame=1,1,363,41,1,1,56,80
frame=1,2,363,41,1,1,56,80
frame=1,3,363,41,1,1,56,80
frame=1,4,363,41,1,1,56,80
frame=1,5,363,41,1,1,56,80
frame=1,6,363,41,1,1,56,80
frame=1,7,363,41,1,1,56,80
frame=2,0,460,0,25,13,26,21
frame=2,1,393,0,11,18,20,30
frame=2,2,486,0,14,13,14,31
frame=2,3,278,41,27,6,7,28
frame=2,4,205,41,25,8,-3,25
frame=2,5,405,0,9,15,-13,22
frame=2,6,0,41,20,13,4,17
frame=2,7,231,41,30,8,21,13
frame=3,0,363,41,1,1,56,80
frame=3,1,363,41,1,1,56,80
frame=3,2,363,41,1,1,56,80
frame=3,3,363,41,1,1,56,80
frame=3,4,363,41,1,1,56,80
frame=3,5,363,41,1,1,56,80
frame=3,6,363,41,1,1,56,80
frame=3,7,363,41,1,1,56,80
frame=4,0,363,41,1,1,56,80
frame=4,1,363,41,1,1,56,80
frame=4,2,363,41,1,1,56,80
frame=4,3,363,41,1,1,56,80
frame=4,4,363,41,1,1,56,80
frame=4,5,363,41,1,1,56,80
frame=4,6,363,41,1,1,56,80
frame=4,7,363,41,1,1,56,80
frame=5,0,363,41,1,1,56,80
frame=5,1,363,41,1,1,56,80
frame=5,2,363,41,1,1,56,80
frame=5,3,363,41,1,1,56,80
frame=5,4,363,41,1,1,56,80
frame=5,5,363,41,1,1,56,80
frame=5,6,363,41,1,1,56,80
frame=5,7,363,41,1,1,56,80
frame=6,0,363,41,1,1,56,80
frame=6,1,363,41,1,1,56,80
frame=6,2,363,41,1,1,56,80
frame=6,3,363,41,1,1,56,80
frame=6,4,363,41,1,1,56,80
frame=6,5,363,41,1,1,56,80
frame=6,6,363,41,1,1,56,80
frame=6,7,363,41,1,1,56,80
frame=7,0,363,41,1,1,56,80
frame=7,1,363,41,1,1,56,80
frame=7,2,363,41,1,1,56,80
frame=7,3,363,41,1,1,56,80
frame=7,4,363,41,1,1,56,80
frame=7,5,363,41,1,1,56,80
frame=7,6,363,41,1,1,56,80
frame=7,7,363,41,1,1,56,80
