image=custom_npc_goblin_charger.png

[stance]
frames=4
duration=800ms
type=back_forth
frame=0,0,200,109,15,45,10,39
frame=0,1,344,202,19,44,12,39
frame=0,2,439,61,20,46,9,42
frame=0,3,632,0,16,48,5,43
frame=0,4,0,61,15,47,3,41
frame=0,5,216,109,19,45,5,38
frame=0,6,171,425,20,40,9,34
frame=0,7,364,202,16,44,9,37
frame=1,0,236,109,15,45,10,39
frame=1,1,381,202,19,44,12,39
frame=1,2,460,61,20,46,9,42
frame=1,3,649,0,16,48,5,43
frame=1,4,16,61,15,47,3,41
frame=1,5,401,202,19,44,5,37
frame=1,6,192,425,20,40,9,34
frame=1,7,421,202,16,44,9,37
frame=2,0,252,109,15,45,10,40
frame=2,1,438,202,19,44,12,40
frame=2,2,268,109,20,45,9,42
frame=2,3,666,0,16,48,5,44
frame=2,4,32,61,15,47,3,42
frame=2,5,289,109,19,45,5,38
frame=2,6,283,382,20,41,9,35
frame=2,7,309,109,16,45,9,38
frame=3,0,326,109,15,45,10,39
frame=3,1,344,202,19,44,12,39
frame=3,2,481,61,20,46,9,42
frame=3,3,683,0,16,48,5,43
frame=3,4,48,61,15,47,3,41
frame=3,5,216,109,19,45,5,38
frame=3,6,213,425,20,40,9,34
frame=3,7,364,202,16,44,9,37

[run]
frames=10
duration=660ms
type=looped
frame=0,0,338,338,24,42,15,37
frame=0,1,720,425,25,39,16,38
frame=0,2,363,338,20,42,10,40
frame=0,3,458,202,19,44,6,41
frame=0,4,234,425,24,40,7,38
frame=0,5,304,382,25,41,7,35
frame=0,6,330,382,20,41,8,32
frame=0,7,265,293,19,43,11,35
frame=1,0,384,338,19,42,13,37
frame=1,1,259,425,24,40,16,37
frame=1,2,404,338,20,42,10,40
frame=1,3,285,293,18,43,6,41
frame=1,4,351,382,19,41,4,38
frame=1,5,746,425,24,39,6,34
frame=1,6,327,467,20,37,8,31
frame=1,7,284,425,18,40,10,34
frame=2,0,304,293,23,43,13,37
frame=2,1,478,202,21,44,14,37
frame=2,2,502,61,20,46,9,40
frame=2,3,523,61,20,46,8,41
frame=2,4,425,338,23,42,8,38
frame=2,5,348,467,21,37,5,34
frame=2,6,561,467,20,34,9,31
frame=2,7,161,467,20,38,10,34
frame=3,0,328,293,25,43,12,38
frame=3,1,342,109,22,45,13,38
frame=3,2,700,0,21,48,9,41
frame=3,3,64,61,22,47,10,42
frame=3,4,449,338,25,42,11,39
frame=3,5,303,425,22,40,7,35
frame=3,6,370,467,21,37,10,32
frame=3,7,182,467,22,38,10,35
frame=4,0,371,382,24,41,13,38
frame=4,1,354,293,22,43,13,38
frame=4,2,365,109,20,45,8,41
frame=4,3,386,109,23,45,9,42
frame=4,4,377,293,24,43,9,40
frame=4,5,475,338,22,42,7,35
frame=4,6,771,425,20,39,10,32
frame=4,7,326,425,23,40,12,35
frame=5,0,792,425,24,39,15,37
frame=5,1,396,382,22,41,13,38
frame=5,2,402,293,20,43,8,41
frame=5,3,423,293,22,43,7,42
frame=5,4,500,202,24,44,7,39
frame=5,5,446,293,22,43,7,35
frame=5,6,419,382,20,41,10,32
frame=5,7,440,382,22,41,13,35
frame=6,0,350,425,19,40,13,37
frame=6,1,817,425,22,39,13,37
frame=6,2,469,293,20,43,8,41
frame=6,3,525,202,18,44,6,41
frame=6,4,544,202,19,44,4,39
frame=6,5,370,425,22,40,7,34
frame=6,6,392,467,20,37,10,31
frame=6,7,840,425,18,39,10,34
frame=7,0,463,382,22,41,12,37
frame=7,1,498,338,23,42,13,37
frame=7,2,87,61,21,47,9,41
frame=7,3,722,0,17,48,5,41
frame=7,4,410,109,22,45,8,39
frame=7,5,205,467,23,38,8,34
frame=7,6,582,467,21,34,10,31
frame=7,7,413,467,17,37,10,34
frame=8,0,393,425,26,40,13,37
frame=8,1,490,293,26,43,14,38
frame=8,2,740,0,20,48,9,41
frame=8,3,511,0,19,49,7,42
frame=8,4,564,202,26,44,11,39
frame=8,5,229,467,26,38,10,35
frame=8,6,431,467,20,37,9,32
frame=8,7,420,425,19,40,10,35
frame=9,0,486,382,24,41,13,38
frame=9,1,511,382,27,41,16,38
frame=9,2,591,202,20,44,10,40
frame=9,3,544,61,18,46,6,42
frame=9,4,539,382,24,41,9,38
frame=9,5,440,425,27,40,9,35
frame=9,6,859,425,20,39,8,32
frame=9,7,522,338,18,42,10,35

[swing]
frames=8
duration=640ms
type=play_once
hit=160ms
frame=0,0,433,109,37,45,15,39
frame=0,1,471,109,16,45,8,39
frame=0,2,541,338,40,42,30,37
frame=0,3,582,338,52,42,35,38
frame=0,4,488,109,37,45,20,40
frame=0,5,376,0,16,50,6,43
frame=0,6,517,293,40,43,8,36
frame=0,7,612,202,52,44,15,38
frame=1,0,526,109,48,45,15,39
frame=1,1,665,202,25,44,10,38
frame=1,2,635,338,24,42,14,36
frame=1,3,660,338,46,42,31,37
frame=1,4,691,202,48,44,31,39
frame=1,5,275,0,25,51,13,44
frame=1,6,301,0,24,51,8,44
frame=1,7,740,202,46,44,13,38
frame=2,0,575,109,41,45,33,38
frame=2,1,617,109,28,45,22,39
frame=2,2,787,202,20,44,8,38
frame=2,3,646,109,34,45,7,40
frame=2,4,558,293,41,43,6,38
frame=2,5,707,338,28,42,4,34
frame=2,6,468,425,20,40,10,31
frame=2,7,736,338,34,42,25,35
frame=3,0,681,109,30,45,14,38
frame=3,1,808,202,33,44,9,38
frame=3,2,712,109,25,45,5,40
frame=3,3,842,202,21,44,6,39
frame=3,4,771,338,30,42,14,37
frame=3,5,802,338,33,42,22,34
frame=3,6,564,382,25,41,18,32
frame=3,7,600,293,21,43,13,36
frame=4,0,738,109,35,45,14,38
frame=4,1,864,202,29,44,9,38
frame=4,2,774,109,21,45,5,40
frame=4,3,894,202,24,44,9,39
frame=4,4,836,338,35,42,19,37
frame=4,5,872,338,29,42,18,34
frame=4,6,902,338,21,42,14,33
frame=4,7,622,293,24,43,13,36
frame=5,0,761,0,21,48,14,41
frame=5,1,563,61,22,46,10,40
frame=5,2,919,202,24,44,6,39
frame=5,3,796,109,21,45,6,40
frame=5,4,647,293,21,43,5,38
frame=5,5,924,338,22,42,10,34
frame=5,6,947,338,24,42,16,33
frame=5,7,586,61,21,46,13,39
frame=6,0,818,109,20,45,15,39
frame=6,1,783,0,19,48,11,43
frame=6,2,803,0,21,48,8,43
frame=6,3,944,202,22,44,5,40
frame=6,4,967,202,20,44,3,39
frame=6,5,988,202,19,44,6,36
frame=6,6,590,382,21,41,11,33
frame=6,7,0,248,22,44,15,37
frame=7,0,839,109,15,45,10,40
frame=7,1,23,248,19,44,12,40
frame=7,2,855,109,20,45,9,42
frame=7,3,825,0,16,48,5,44
frame=7,4,109,61,15,47,3,42
frame=7,5,876,109,19,45,5,38
frame=7,6,489,425,20,40,9,34
frame=7,7,896,109,16,45,9,38

[swing2]
frames=8
duration=680ms
type=play_once
hit=170ms
frame=0,0,393,0,27,50,9,45
frame=0,1,43,248,22,44,12,40
frame=0,2,669,293,21,43,10,40
frame=0,3,125,61,29,47,16,44
frame=0,4,139,0,27,54,16,50
frame=0,5,0,0,22,60,8,54
frame=0,6,23,0,21,60,9,54
frame=0,7,45,0,29,57,11,51
frame=1,0,913,109,32,45,9,40
frame=1,1,972,338,24,42,7,38
frame=1,2,510,425,22,40,10,37
frame=1,3,66,248,27,44,16,41
frame=1,4,608,61,32,46,21,42
frame=1,5,842,0,24,48,15,42
frame=1,6,946,109,22,45,10,39
frame=1,7,641,61,27,46,9,40
frame=2,0,969,109,30,45,21,35
frame=2,1,0,156,31,45,24,38
frame=2,2,94,248,24,44,13,37
frame=2,3,119,248,27,44,8,38
frame=2,4,612,382,30,41,7,36
frame=2,5,880,425,31,39,5,30
frame=2,6,643,382,24,41,9,26
frame=2,7,669,61,27,46,17,30
frame=3,0,697,61,27,46,18,34
frame=3,1,155,61,22,47,16,38
frame=3,2,147,248,24,44,13,37
frame=3,3,172,248,26,44,8,38
frame=3,4,912,425,27,39,7,34
frame=3,5,256,467,22,38,4,29
frame=3,6,604,467,24,34,9,24
frame=3,7,668,382,26,41,16,29
frame=4,0,178,61,27,47,18,35
frame=4,1,206,61,22,47,16,38
frame=4,2,199,248,24,44,13,37
frame=4,3,224,248,26,44,8,38
frame=4,4,533,425,27,40,7,35
frame=4,5,279,467,22,38,4,29
frame=4,6,536,467,24,35,9,25
frame=4,7,695,382,26,41,16,29
frame=5,0,251,248,30,44,22,36
frame=5,1,725,61,29,46,23,39
frame=5,2,282,248,22,44,11,38
frame=5,3,305,248,23,44,7,39
frame=5,4,722,382,30,41,6,36
frame=5,5,753,382,29,41,4,32
frame=5,6,561,425,22,40,9,27
frame=5,7,755,61,23,46,14,32
frame=6,0,32,156,31,45,26,39
frame=6,1,329,248,30,44,23,39
frame=6,2,779,61,20,46,9,42
frame=6,3,64,156,22,45,5,41
frame=6,4,360,248,31,44,3,39
frame=6,5,691,293,30,43,5,36
frame=6,6,940,425,20,39,9,32
frame=6,7,722,293,22,43,15,36
frame=7,0,839,109,15,45,10,40
frame=7,1,23,248,19,44,12,40
frame=7,2,855,109,20,45,9,42
frame=7,3,825,0,16,48,5,44
frame=7,4,109,61,15,47,3,42
frame=7,5,876,109,19,45,5,38
frame=7,6,489,425,20,40,9,34
frame=7,7,896,109,16,45,9,38

[swing3]
frames=8
duration=600ms
type=play_once
hit=150ms
frame=0,0,87,156,27,45,17,39
frame=0,1,392,248,34,44,26,38
frame=0,2,745,293,30,43,21,37
frame=0,3,776,293,26,43,11,38
frame=0,4,427,248,27,44,8,39
frame=0,5,800,61,34,46,6,39
frame=0,6,803,293,30,43,7,36
frame=0,7,455,248,26,44,13,38
frame=1,0,835,61,27,46,15,39
frame=1,1,115,156,31,45,23,38
frame=1,2,0,382,30,42,21,36
frame=1,3,31,382,25,42,11,37
frame=1,4,482,248,27,44,10,39
frame=1,5,863,61,31,46,6,39
frame=1,6,834,293,30,43,7,36
frame=1,7,510,248,25,44,12,38
frame=2,0,536,248,45,44,37,37
frame=2,1,895,61,24,46,18,39
frame=2,2,147,156,22,45,6,39
frame=2,3,582,248,44,44,7,39
frame=2,4,783,382,45,41,6,36
frame=2,5,829,382,24,41,4,32
frame=2,6,961,425,22,39,14,29
frame=2,7,584,425,44,40,35,33
frame=3,0,627,248,44,44,36,37
frame=3,1,920,61,20,46,15,39
frame=3,2,941,61,24,46,5,40
frame=3,3,170,156,46,45,7,39
frame=3,4,854,382,44,41,6,36
frame=3,5,629,425,20,40,3,31
frame=3,6,302,467,24,38,17,28
frame=3,7,0,467,46,39,37,32
frame=4,0,627,248,44,44,36,37
frame=4,1,920,61,20,46,15,39
frame=4,2,941,61,24,46,5,40
frame=4,3,170,156,46,45,7,39
frame=4,4,854,382,44,41,6,36
frame=4,5,629,425,20,40,3,31
frame=4,6,302,467,24,38,17,28
frame=4,7,0,467,46,39,37,32
frame=5,0,217,156,43,45,36,38
frame=5,1,867,0,26,48,20,41
frame=5,2,531,0,20,49,6,43
frame=5,3,261,156,40,45,6,40
frame=5,4,57,382,43,42,5,37
frame=5,5,101,382,26,42,4,33
frame=5,6,47,467,20,39,12,29
frame=5,7,899,382,40,41,32,34
frame=6,0,302,156,27,45,22,39
frame=6,1,229,61,25,47,19,42
frame=6,2,326,0,20,51,8,47
frame=6,3,552,0,21,49,5,45
frame=6,4,672,248,27,44,3,39
frame=6,5,700,248,25,44,4,36
frame=6,6,940,382,20,41,10,33
frame=6,7,865,293,21,43,14,36
frame=7,0,839,109,15,45,10,40
frame=7,1,23,248,19,44,12,40
frame=7,2,855,109,20,45,9,42
frame=7,3,825,0,16,48,5,44
frame=7,4,109,61,15,47,3,42
frame=7,5,876,109,19,45,5,38
frame=7,6,489,425,20,40,9,34
frame=7,7,896,109,16,45,9,38

[hit]
frames=2
duration=300ms
type=play_once
frame=0,0,330,156,15,45,10,40
frame=0,1,726,248,20,44,12,40
frame=0,2,346,156,20,45,9,42
frame=0,3,894,0,16,48,5,44
frame=0,4,255,61,15,47,3,42
frame=0,5,367,156,20,45,6,38
frame=0,6,961,382,20,41,9,35
frame=0,7,388,156,16,45,9,38
frame=1,0,405,156,15,45,10,40
frame=1,1,747,248,20,44,12,40
frame=1,2,421,156,20,45,9,42
frame=1,3,911,0,16,48,5,44
frame=1,4,271,61,15,47,3,42
frame=1,5,442,156,20,45,6,38
frame=1,6,982,382,20,41,9,35
frame=1,7,463,156,16,45,9,38

[block]
frames=2
duration=300ms
type=play_once
frame=0,0,480,156,14,45,9,40
frame=0,1,768,248,21,44,12,40
frame=0,2,495,156,20,45,9,42
frame=0,3,287,61,17,47,6,43
frame=0,4,966,61,14,46,3,41
frame=0,5,516,156,21,45,7,38
frame=0,6,1003,382,20,41,9,35
frame=0,7,538,156,17,45,9,38
frame=1,0,556,156,27,45,17,39
frame=1,1,887,293,26,43,17,38
frame=1,2,0,425,20,41,9,37
frame=1,3,914,293,25,43,11,38
frame=1,4,584,156,27,45,8,39
frame=1,5,928,0,26,48,7,41
frame=1,6,612,156,20,45,9,39
frame=1,7,633,156,25,45,12,38

[cast]
frames=6
duration=600ms
type=play_once
hit=300ms
frame=0,0,659,156,31,45,18,39
frame=0,1,790,248,23,44,16,39
frame=0,2,128,382,20,42,9,38
frame=0,3,814,248,29,44,14,39
frame=0,4,691,156,31,45,11,39
frame=0,5,844,248,23,44,5,37
frame=0,6,68,467,20,39,9,33
frame=0,7,868,248,29,44,13,37
frame=1,0,898,248,31,44,17,38
frame=1,1,940,293,24,43,16,39
frame=1,2,650,425,20,40,9,37
frame=1,3,965,293,27,43,13,39
frame=1,4,930,248,31,44,12,38
frame=1,5,149,382,24,42,6,35
frame=1,6,452,467,20,37,9,31
frame=1,7,21,425,27,41,12,34
frame=2,0,993,293,31,43,17,37
frame=2,1,0,338,23,43,16,39
frame=2,2,671,425,20,40,9,37
frame=2,3,24,338,27,43,13,39
frame=2,4,52,338,31,43,12,37
frame=2,5,49,425,23,41,5,34
frame=2,6,473,467,20,37,9,30
frame=2,7,73,425,27,41,12,34
frame=3,0,305,61,20,47,15,42
frame=3,1,955,0,31,48,21,44
frame=3,2,421,0,31,50,15,47
frame=3,3,347,0,28,51,8,49
frame=3,4,167,0,20,54,3,50
frame=3,5,107,0,31,55,8,48
frame=3,6,243,0,31,52,14,45
frame=3,7,574,0,28,49,18,43
frame=4,0,326,61,20,47,14,42
frame=4,1,347,61,31,47,21,43
frame=4,2,987,0,33,48,16,45
frame=4,3,453,0,28,50,8,48
frame=4,4,188,0,20,54,4,50
frame=4,5,75,0,31,56,8,49
frame=4,6,209,0,33,54,15,47
frame=4,7,482,0,28,50,18,44
frame=5,0,839,109,15,45,10,40
frame=5,1,23,248,19,44,12,40
frame=5,2,855,109,20,45,9,42
frame=5,3,825,0,16,48,5,44
frame=5,4,109,61,15,47,3,42
frame=5,5,876,109,19,45,5,38
frame=5,6,489,425,20,40,9,34
frame=5,7,896,109,16,45,9,38

[shoot]
frames=7
duration=700ms
type=play_once
hit=300ms
frame=0,0,723,156,24,45,17,39
frame=0,1,748,156,25,45,18,39
frame=0,2,84,338,26,43,17,38
frame=0,3,962,248,25,44,9,40
frame=0,4,774,156,24,45,5,40
frame=0,5,799,156,25,45,5,38
frame=0,6,111,338,26,43,7,36
frame=0,7,988,248,25,44,14,38
frame=1,0,825,156,18,45,11,39
frame=1,1,844,156,24,45,16,39
frame=1,2,174,382,26,42,17,37
frame=1,3,138,338,22,43,10,39
frame=1,4,869,156,18,45,5,40
frame=1,5,981,61,24,46,6,39
frame=1,6,161,338,26,43,7,36
frame=1,7,0,293,22,44,10,38
frame=2,0,888,156,17,45,10,39
frame=2,1,906,156,24,45,16,39
frame=2,2,201,382,26,42,17,37
frame=2,3,188,338,22,43,10,39
frame=2,4,931,156,17,45,5,40
frame=2,5,0,109,24,46,6,39
frame=2,6,211,338,26,43,7,36
frame=2,7,23,293,22,44,10,38
frame=3,0,949,156,17,45,9,39
frame=3,1,46,293,23,44,15,38
frame=3,2,238,338,27,43,17,37
frame=3,3,967,156,21,45,10,41
frame=3,4,379,61,17,47,6,42
frame=3,5,25,109,23,46,6,39
frame=3,6,70,293,27,44,8,37
frame=3,7,989,156,21,45,9,39
frame=4,0,0,202,17,45,9,39
frame=4,1,98,293,23,44,15,38
frame=4,2,228,382,26,42,16,36
frame=4,3,18,202,21,45,10,41
frame=4,4,49,109,17,46,6,41
frame=4,5,67,109,23,46,6,39
frame=4,6,122,293,26,44,8,37
frame=4,7,40,202,21,45,9,39
frame=5,0,62,202,29,45,16,39
frame=5,1,149,293,29,44,21,39
frame=5,2,101,425,25,41,15,37
frame=5,3,266,338,22,43,11,39
frame=5,4,92,202,29,45,11,40
frame=5,5,122,202,29,45,6,38
frame=5,6,289,338,25,43,8,36
frame=5,7,179,293,22,44,9,38
frame=6,0,839,109,15,45,10,40
frame=6,1,23,248,19,44,12,40
frame=6,2,152,202,20,45,9,42
frame=6,3,825,0,16,48,5,44
frame=6,4,109,61,15,47,3,42
frame=6,5,876,109,19,45,5,38
frame=6,6,489,425,20,40,9,34
frame=6,7,896,109,16,45,9,38

[die]
frames=6
duration=900ms
type=play_once
frame=0,0,173,202,19,45,14,40
frame=0,1,202,293,23,44,15,40
frame=0,2,193,202,20,45,9,42
frame=0,3,91,109,17,46,6,42
frame=0,4,214,202,19,45,3,40
frame=0,5,234,202,23,45,6,38
frame=0,6,127,425,20,41,9,35
frame=0,7,258,202,17,45,9,38
frame=1,0,226,293,15,44,5,40
frame=1,1,148,425,22,41,10,37
frame=1,2,315,338,22,43,11,40
frame=1,3,109,109,19,46,11,42
frame=1,4,397,61,15,47,8,43
frame=1,5,129,109,22,46,10,41
frame=1,6,242,293,22,44,9,39
frame=1,7,152,109,19,46,6,41
frame=2,0,692,425,27,40,4,37
frame=2,1,629,467,28,32,6,29
frame=2,2,658,467,25,32,14,29
frame=2,3,89,467,29,39,21,35
frame=2,4,172,109,27,46,21,42
frame=2,5,603,0,28,49,20,46
frame=2,6,413,61,25,47,9,44
frame=2,7,276,202,29,45,6,42
frame=3,0,684,467,41,30,3,26
frame=3,1,328,507,37,18,4,14
frame=3,2,460,507,27,17,16,12
frame=3,3,286,507,41,22,35,17
frame=3,4,494,467,41,36,36,31
frame=3,5,306,202,37,45,31,41
frame=3,6,255,382,27,42,9,40
frame=3,7,119,467,41,39,4,37
frame=4,0,96,507,46,24,0,13
frame=4,1,846,467,41,27,2,5
frame=4,2,786,467,29,28,18,4
frame=4,3,0,507,47,25,42,5
frame=4,4,366,507,46,18,44,11
frame=4,5,888,467,41,27,37,22
frame=4,6,726,467,29,29,9,26
frame=4,7,143,507,47,24,3,21
frame=5,0,191,507,46,24,0,13
frame=5,1,930,467,41,27,2,5
frame=5,2,816,467,29,28,18,4
frame=5,3,48,507,47,25,42,5
frame=5,4,413,507,46,18,44,11
frame=5,5,972,467,41,27,37,22
frame=5,6,756,467,29,29,9,26
frame=5,7,238,507,47,24,3,21
