image=custom_npc_hollowed_warden_smear.png

[stance]
frames=1
duration=100ms
type=play_once
frame=0,0,426,255,1,1,128,196
frame=0,1,426,255,1,1,128,196
frame=0,2,426,255,1,1,128,196
frame=0,3,426,255,1,1,128,196
frame=0,4,426,255,1,1,128,196
frame=0,5,426,255,1,1,128,196
frame=0,6,426,255,1,1,128,196
frame=0,7,426,255,1,1,128,196

[swing]
frames=9
duration=900ms
type=play_once
frame=0,0,426,255,1,1,128,196
frame=0,1,426,255,1,1,128,196
frame=0,2,426,255,1,1,128,196
frame=0,3,426,255,1,1,128,196
frame=0,4,426,255,1,1,128,196
frame=0,5,426,255,1,1,128,196
frame=0,6,426,255,1,1,128,196
frame=0,7,426,255,1,1,128,196
frame=1,0,426,255,1,1,128,196
frame=1,1,426,255,1,1,128,196
frame=1,2,426,255,1,1,128,196
frame=1,3,426,255,1,1,128,196
frame=1,4,426,255,1,1,128,196
frame=1,5,426,255,1,1,128,196
frame=1,6,426,255,1,1,128,196
frame=1,7,426,255,1,1,128,196
frame=2,0,426,255,1,1,128,196
frame=2,1,426,255,1,1,128,196
frame=2,2,426,255,1,1,128,196
frame=2,3,426,255,1,1,128,196
frame=2,4,426,255,1,1,128,196
frame=2,5,426,255,1,1,128,196
frame=2,6,426,255,1,1,128,196
frame=2,7,426,255,1,1,128,196
frame=3,0,219,150,108,85,89,132
frame=3,1,0,255,71,65,73,142
frame=3,2,159,255,26,47,18,146
frame=3,3,186,255,85,47,28,138
frame=3,4,338,150,108,71,18,139
frame=3,5,0,150,70,104,-4,141
frame=3,6,155,0,31,120,6,135
frame=3,7,394,0,86,107,55,129
frame=4,0,116,255,42,50,88,47
frame=4,1,72,255,25,59,81,81
frame=4,2,98,255,17,59,38,103
frame=4,3,355,255,27,33,-22,97
frame=4,4,311,255,43,34,-48,69
frame=4,5,400,255,25,25,-58,35
frame=4,6,383,255,16,27,-22,15
frame=4,7,272,255,38,41,46,21
frame=5,0,426,255,1,1,128,196
frame=5,1,426,255,1,1,128,196
frame=5,2,426,255,1,1,128,196
frame=5,3,426,255,1,1,128,196
frame=5,4,426,255,1,1,128,196
frame=5,5,426,255,1,1,128,196
frame=5,6,426,255,1,1,128,196
frame=5,7,426,255,1,1,128,196
frame=6,0,426,255,1,1,128,196
frame=6,1,426,255,1,1,128,196
frame=6,2,426,255,1,1,128,196
frame=6,3,426,255,1,1,128,196
frame=6,4,426,255,1,1,128,196
frame=6,5,426,255,1,1,128,196
frame=6,6,426,255,1,1,128,196
frame=6,7,426,255,1,1,128,196
frame=7,0,426,255,1,1,128,196
frame=7,1,426,255,1,1,128,196
frame=7,2,426,255,1,1,128,196
frame=7,3,426,255,1,1,128,196
frame=7,4,426,255,1,1,128,196
frame=7,5,426,255,1,1,128,196
frame=7,6,426,255,1,1,128,196
frame=7,7,426,255,1,1,128,196
frame=8,0,426,255,1,1,128,196
frame=8,1,426,255,1,1,128,196
frame=8,2,426,255,1,1,128,196
frame=8,3,426,255,1,1,128,196
frame=8,4,426,255,1,1,128,196
frame=8,5,426,255,1,1,128,196
frame=8,6,426,255,1,1,128,196
frame=8,7,426,255,1,1,128,196

[swing2]
frames=9
duration=900ms
type=play_once
frame=0,0,426,255,1,1,128,196
frame=0,1,426,255,1,1,128,196
frame=0,2,426,255,1,1,128,196
frame=0,3,426,255,1,1,128,196
frame=0,4,426,255,1,1,128,196
frame=0,5,426,255,1,1,128,196
frame=0,6,426,255,1,1,128,196
frame=0,7,426,255,1,1,128,196
frame=1,0,426,255,1,1,128,196
frame=1,1,426,255,1,1,128,196
frame=1,2,426,255,1,1,128,196
frame=1,3,426,255,1,1,128,196
frame=1,4,426,255,1,1,128,196
frame=1,5,426,255,1,1,128,196
frame=1,6,426,255,1,1,128,196
frame=1,7,426,255,1,1,128,196
frame=2,0,426,255,1,1,128,196
frame=2,1,426,255,1,1,128,196
frame=2,2,426,255,1,1,128,196
frame=2,3,426,255,1,1,128,196
frame=2,4,426,255,1,1,128,196
frame=2,5,426,255,1,1,128,196
frame=2,6,426,255,1,1,128,196
frame=2,7,426,255,1,1,128,196
frame=3,0,187,0,102,112,93,132
frame=3,1,71,150,69,92,66,140
frame=3,2,328,150,9,77,6,147
frame=3,3,141,150,77,91,10,142
frame=3,4,290,0,103,112,8,137
frame=3,5,9,0,68,140,0,137
frame=3,6,0,0,8,149,1,137
frame=3,7,78,0,76,139,65,133
frame=4,0,426,255,1,1,128,196
frame=4,1,426,255,1,1,128,196
frame=4,2,426,255,1,1,128,196
frame=4,3,426,255,1,1,128,196
frame=4,4,426,255,1,1,128,196
frame=4,5,426,255,1,1,128,196
frame=4,6,426,255,1,1,128,196
frame=4,7,426,255,1,1,128,196
frame=5,0,426,255,1,1,128,196
frame=5,1,426,255,1,1,128,196
frame=5,2,426,255,1,1,128,196
frame=5,3,426,255,1,1,128,196
frame=5,4,426,255,1,1,128,196
frame=5,5,426,255,1,1,128,196
frame=5,6,426,255,1,1,128,196
frame=5,7,426,255,1,1,128,196
frame=6,0,426,255,1,1,128,196
frame=6,1,426,255,1,1,128,196
frame=6,2,426,255,1,1,128,196
frame=6,3,426,255,1,1,128,196
frame=6,4,426,255,1,1,128,196
frame=6,5,426,255,1,1,128,196
frame=6,6,426,255,1,1,128,196
frame=6,7,426,255,1,1,128,196
frame=7,0,426,255,1,1,128,196
frame=7,1,426,255,1,1,128,196
frame=7,2,426,255,1,1,128,196
frame=7,3,426,255,1,1,128,196
frame=7,4,426,255,1,1,128,196
frame=7,5,426,255,1,1,128,196
frame=7,6,426,255,1,1,128,196
frame=7,7,426,255,1,1,128,196
frame=8,0,426,255,1,1,128,196
frame=8,1,426,255,1,1,128,196
frame=8,2,426,255,1,1,128,196
frame=8,3,426,255,1,1,128,196
frame=8,4,426,255,1,1,128,196
frame=8,5,426,255,1,1,128,196
frame=8,6,426,255,1,1,128,196
frame=8,7,426,255,1,1,128,196
