image=custom_npc_hollowed_warden.png

[stance]
frames=4
duration=1600ms
type=back_forth
frame=0,0,495,1007,47,123,32,116
frame=0,1,347,747,48,129,27,123
frame=0,2,895,612,44,130,19,127
frame=0,3,179,612,40,132,18,127
frame=0,4,378,878,47,127,13,121
frame=0,5,543,1007,48,123,19,115
frame=0,6,754,1256,44,118,23,110
frame=0,7,636,1132,40,122,20,111
frame=1,0,0,1007,47,124,32,116
frame=1,1,396,747,48,129,27,123
frame=1,2,575,612,44,131,19,127
frame=1,3,220,612,40,132,18,126
frame=1,4,426,878,47,127,13,121
frame=1,5,677,1132,48,122,19,114
frame=1,6,799,1256,44,118,23,110
frame=1,7,592,1007,40,123,20,111
frame=2,0,48,1007,46,124,31,117
frame=2,1,854,747,48,128,27,123
frame=2,2,620,612,44,131,19,128
frame=2,3,261,612,40,132,18,127
frame=2,4,903,747,46,128,13,122
frame=2,5,633,1007,48,123,19,115
frame=2,6,844,1256,44,118,23,111
frame=2,7,682,1007,40,123,20,112
frame=3,0,723,1007,47,123,32,116
frame=3,1,445,747,48,129,27,123
frame=3,2,940,612,44,130,19,127
frame=3,3,302,612,40,132,18,127
frame=3,4,474,878,47,127,13,121
frame=3,5,771,1007,48,123,19,115
frame=3,6,889,1256,44,118,23,110
frame=3,7,726,1132,40,122,20,111

[run]
frames=8
duration=900ms
type=looped
frame=0,0,820,1007,59,123,42,116
frame=0,1,852,473,54,134,33,127
frame=0,2,738,329,44,138,19,133
frame=0,3,697,473,48,135,19,130
frame=0,4,786,878,59,125,15,119
frame=0,5,595,1379,54,116,19,108
frame=0,6,949,1498,44,109,23,102
frame=0,7,935,1379,48,113,27,105
frame=1,0,880,1007,61,123,41,115
frame=1,1,665,612,52,131,31,126
frame=1,2,648,329,44,139,19,131
frame=1,3,746,473,49,135,19,127
frame=1,4,942,1007,61,123,18,117
frame=1,5,0,1498,52,113,19,107
frame=1,6,0,1612,44,109,23,101
frame=1,7,733,1379,49,114,28,105
frame=2,0,95,1007,66,124,41,114
frame=2,1,718,612,53,131,30,124
frame=2,2,693,329,44,139,19,129
frame=2,3,434,473,50,136,19,126
frame=2,4,767,1132,66,122,23,116
frame=2,5,620,1498,53,111,21,105
frame=2,6,674,1498,44,111,23,100
frame=2,7,783,1379,50,114,29,104
frame=3,0,0,1132,68,123,41,115
frame=3,1,343,612,55,132,31,126
frame=3,2,341,329,44,140,19,131
frame=3,3,485,473,49,136,19,127
frame=3,4,206,1256,68,121,25,117
frame=3,5,53,1498,55,113,22,107
frame=3,6,719,1498,44,111,23,101
frame=3,7,834,1379,49,114,28,105
frame=4,0,69,1132,59,123,42,116
frame=4,1,399,612,54,132,33,127
frame=4,2,783,329,44,138,19,133
frame=4,3,164,473,48,137,19,130
frame=4,4,162,1007,59,124,15,119
frame=4,5,109,1498,54,113,19,108
frame=4,6,45,1612,44,109,23,102
frame=4,7,164,1498,48,113,27,105
frame=5,0,834,1132,63,122,43,115
frame=5,1,796,473,55,135,35,127
frame=5,2,92,329,45,142,20,134
frame=5,3,535,473,48,136,20,131
frame=5,4,579,878,63,126,18,121
frame=5,5,934,1256,55,118,18,109
frame=5,6,764,1498,45,111,23,103
frame=5,7,377,1498,48,112,26,105
frame=6,0,275,1256,68,121,43,114
frame=6,1,584,473,56,136,36,126
frame=6,2,0,329,45,143,20,133
frame=6,3,828,329,49,138,21,131
frame=6,4,222,1007,68,124,23,121
frame=6,5,0,1379,56,118,18,109
frame=6,6,213,1498,45,113,23,102
frame=6,7,426,1498,49,112,26,104
frame=7,0,898,1132,70,122,43,115
frame=7,1,641,473,55,136,35,127
frame=7,2,46,329,45,143,20,134
frame=7,3,213,473,51,137,23,131
frame=7,4,846,878,70,125,25,121
frame=7,5,57,1379,55,118,18,109
frame=7,6,259,1498,45,113,23,103
frame=7,7,476,1498,51,112,26,105

[swing]
frames=9
duration=900ms
type=play_once
hit=300ms
frame=0,0,386,329,61,140,45,133
frame=0,1,878,329,55,138,33,133
frame=0,2,934,329,43,138,19,136
frame=0,3,138,329,50,141,15,139
frame=0,4,778,175,61,145,14,142
frame=0,5,869,0,55,153,20,143
frame=0,6,121,175,43,152,22,140
frame=0,7,671,175,50,146,33,136
frame=1,0,772,612,77,131,39,124
frame=1,1,917,878,46,125,24,121
frame=1,2,522,878,56,127,34,126
frame=1,3,0,473,83,138,49,137
frame=1,4,552,0,77,157,36,154
frame=1,5,135,0,46,172,20,161
frame=1,6,266,0,56,168,20,155
frame=1,7,400,175,83,149,32,139
frame=2,0,494,747,79,129,38,122
frame=2,1,969,1132,46,122,24,118
frame=2,2,291,1007,59,124,38,123
frame=2,3,265,473,86,137,53,136
frame=2,4,630,0,79,157,39,154
frame=2,5,44,0,46,173,20,162
frame=2,6,323,0,59,168,19,155
frame=2,7,530,175,86,148,31,137
frame=3,0,276,1916,132,89,108,82
frame=3,1,90,1612,114,108,93,104
frame=3,2,950,747,49,128,25,127
frame=3,3,344,1256,87,121,24,120
frame=3,4,0,1823,132,92,22,89
frame=3,5,409,1916,114,89,19,78
frame=3,6,784,1823,49,90,22,77
frame=3,7,0,2007,87,88,61,78
frame=4,0,487,1722,111,95,83,79
frame=4,1,88,2007,121,88,94,84
frame=4,2,887,2007,71,87,51,86
frame=4,3,508,2096,50,86,20,85
frame=4,4,0,2184,111,85,26,82
frame=4,5,834,1823,121,90,25,79
frame=4,6,305,1498,71,113,18,81
frame=4,7,884,1379,50,114,28,77
frame=5,0,0,2096,129,87,95,80
frame=5,1,210,2007,121,88,97,84
frame=5,2,133,1823,65,92,43,90
frame=5,3,847,1722,67,93,27,92
frame=5,4,112,2184,129,85,32,82
frame=5,5,524,1916,121,89,22,78
frame=5,6,646,1916,65,89,20,76
frame=5,7,199,1823,67,92,38,77
frame=6,0,712,1916,122,89,90,82
frame=6,1,310,1612,102,107,81,102
frame=6,2,964,878,50,125,26,123
frame=6,3,432,1256,79,121,30,119
frame=6,4,599,1722,122,94,30,91
frame=6,5,0,1916,102,90,19,80
frame=6,6,487,1823,50,91,22,79
frame=6,7,103,1916,79,90,47,80
frame=7,0,866,1498,82,110,65,103
frame=7,1,0,747,72,130,54,125
frame=7,2,448,329,44,140,19,137
frame=7,3,907,473,61,134,21,132
frame=7,4,650,1379,82,115,15,112
frame=7,5,0,1722,72,100,16,90
frame=7,6,915,1722,44,93,23,82
frame=7,7,267,1823,61,92,38,83
frame=8,0,129,1132,47,123,32,116
frame=8,1,0,878,48,128,27,123
frame=8,2,73,747,44,130,19,127
frame=8,3,574,747,42,129,18,127
frame=8,4,351,1007,47,124,13,121
frame=8,5,177,1132,48,123,19,114
frame=8,6,632,1256,44,120,23,110
frame=8,7,0,1256,42,122,22,111

[swing2]
frames=9
duration=900ms
type=play_once
hit=300ms
frame=0,0,308,175,47,150,28,144
frame=0,1,213,175,52,151,30,146
frame=0,2,356,175,43,150,19,147
frame=0,3,266,175,41,151,16,149
frame=0,4,165,175,47,152,17,148
frame=0,5,772,0,52,156,20,147
frame=0,6,825,0,43,156,22,145
frame=0,7,925,0,41,153,23,144
frame=1,0,0,175,58,153,27,147
frame=1,1,840,175,42,145,20,140
frame=1,2,189,329,43,141,19,139
frame=1,3,617,175,53,147,27,145
frame=1,4,493,0,58,158,29,154
frame=1,5,182,0,42,171,20,161
frame=1,6,91,0,43,173,22,162
frame=1,7,439,0,53,165,24,156
frame=2,0,59,175,61,153,28,147
frame=2,1,977,175,40,144,19,139
frame=2,2,493,329,43,140,19,138
frame=2,3,722,175,55,146,29,144
frame=2,4,710,0,61,157,31,153
frame=2,5,225,0,40,171,19,161
frame=2,6,0,0,43,174,22,162
frame=2,7,383,0,55,166,24,157
frame=3,0,242,2184,138,85,108,76
frame=3,1,130,2096,100,87,76,82
frame=3,2,231,2096,46,87,20,86
frame=3,3,0,2270,109,83,30,81
frame=3,4,792,2270,138,79,28,74
frame=3,5,381,2184,100,85,22,69
frame=3,6,73,1722,46,98,24,68
frame=3,7,332,2007,109,88,77,70
frame=4,0,559,2096,137,86,108,77
frame=4,1,442,2007,100,88,77,83
frame=4,2,543,2007,45,88,19,87
frame=4,3,482,2184,108,84,29,82
frame=4,4,349,2270,137,80,27,75
frame=4,5,591,2184,100,84,21,70
frame=4,6,120,1722,45,98,24,69
frame=4,7,278,2096,108,87,77,71
frame=5,0,697,2096,136,86,108,77
frame=5,1,589,2007,100,88,77,83
frame=5,2,183,1916,45,90,19,89
frame=5,3,692,2184,108,84,29,82
frame=5,4,487,2270,136,80,26,75
frame=5,5,110,2270,100,83,21,71
frame=5,6,166,1722,45,98,24,71
frame=5,7,834,2096,108,86,77,72
frame=6,0,835,1916,125,89,99,81
frame=6,1,528,1498,91,112,70,107
frame=6,2,226,1132,46,123,21,121
frame=6,3,205,1612,104,108,31,106
frame=6,4,801,2184,125,84,24,80
frame=6,5,690,2007,91,88,19,77
frame=6,6,229,1916,46,90,23,77
frame=6,7,782,2007,104,88,71,78
frame=7,0,677,1256,76,119,59,112
frame=7,1,0,612,63,134,44,129
frame=7,2,537,329,45,140,20,137
frame=7,3,116,612,62,133,20,131
frame=7,4,113,1379,76,118,15,114
frame=7,5,413,1612,63,106,17,96
frame=7,6,212,1722,45,98,23,87
frame=7,7,687,1612,62,103,40,94
frame=8,0,273,1132,46,123,31,116
frame=8,1,49,878,48,128,27,123
frame=8,2,118,747,44,130,19,127
frame=8,3,617,747,41,129,17,127
frame=8,4,643,878,46,126,13,122
frame=8,5,399,1007,48,124,19,115
frame=8,6,512,1256,44,121,23,111
frame=8,7,43,1256,41,122,22,111

[cast]
frames=9
duration=900ms
type=play_once
hit=300ms
frame=0,0,308,175,47,150,28,144
frame=0,1,213,175,52,151,30,146
frame=0,2,356,175,43,150,19,147
frame=0,3,266,175,41,151,16,149
frame=0,4,165,175,47,152,17,148
frame=0,5,772,0,52,156,20,147
frame=0,6,825,0,43,156,22,145
frame=0,7,925,0,41,153,23,144
frame=1,0,0,175,58,153,27,147
frame=1,1,840,175,42,145,20,140
frame=1,2,189,329,43,141,19,139
frame=1,3,617,175,53,147,27,145
frame=1,4,493,0,58,158,29,154
frame=1,5,182,0,42,171,20,161
frame=1,6,91,0,43,173,22,162
frame=1,7,439,0,53,165,24,156
frame=2,0,59,175,61,153,28,147
frame=2,1,977,175,40,144,19,139
frame=2,2,493,329,43,140,19,138
frame=2,3,722,175,55,146,29,144
frame=2,4,710,0,61,157,31,153
frame=2,5,225,0,40,171,19,161
frame=2,6,0,0,43,174,22,162
frame=2,7,383,0,55,166,24,157
frame=3,0,242,2184,138,85,108,76
frame=3,1,130,2096,100,87,76,82
frame=3,2,231,2096,46,87,20,86
frame=3,3,0,2270,109,83,30,81
frame=3,4,792,2270,138,79,28,74
frame=3,5,381,2184,100,85,22,69
frame=3,6,73,1722,46,98,24,68
frame=3,7,332,2007,109,88,77,70
frame=4,0,559,2096,137,86,108,77
frame=4,1,442,2007,100,88,77,83
frame=4,2,543,2007,45,88,19,87
frame=4,3,482,2184,108,84,29,82
frame=4,4,349,2270,137,80,27,75
frame=4,5,591,2184,100,84,21,70
frame=4,6,120,1722,45,98,24,69
frame=4,7,278,2096,108,87,77,71
frame=5,0,697,2096,136,86,108,77
frame=5,1,589,2007,100,88,77,83
frame=5,2,183,1916,45,90,19,89
frame=5,3,692,2184,108,84,29,82
frame=5,4,487,2270,136,80,26,75
frame=5,5,110,2270,100,83,21,71
frame=5,6,166,1722,45,98,24,71
frame=5,7,834,2096,108,86,77,72
frame=6,0,835,1916,125,89,99,81
frame=6,1,528,1498,91,112,70,107
frame=6,2,226,1132,46,123,21,121
frame=6,3,205,1612,104,108,31,106
frame=6,4,801,2184,125,84,24,80
frame=6,5,690,2007,91,88,19,77
frame=6,6,229,1916,46,90,23,77
frame=6,7,782,2007,104,88,71,78
frame=7,0,677,1256,76,119,59,112
frame=7,1,0,612,63,134,44,129
frame=7,2,537,329,45,140,20,137
frame=7,3,116,612,62,133,20,131
frame=7,4,113,1379,76,118,15,114
frame=7,5,413,1612,63,106,17,96
frame=7,6,212,1722,45,98,23,87
frame=7,7,687,1612,62,103,40,94
frame=8,0,273,1132,46,123,31,116
frame=8,1,49,878,48,128,27,123
frame=8,2,118,747,44,130,19,127
frame=8,3,617,747,41,129,17,127
frame=8,4,643,878,46,126,13,122
frame=8,5,399,1007,48,124,19,115
frame=8,6,512,1256,44,121,23,111
frame=8,7,43,1256,41,122,22,111

[shoot]
frames=9
duration=900ms
type=play_once
hit=300ms
frame=0,0,308,175,47,150,28,144
frame=0,1,213,175,52,151,30,146
frame=0,2,356,175,43,150,19,147
frame=0,3,266,175,41,151,16,149
frame=0,4,165,175,47,152,17,148
frame=0,5,772,0,52,156,20,147
frame=0,6,825,0,43,156,22,145
frame=0,7,925,0,41,153,23,144
frame=1,0,0,175,58,153,27,147
frame=1,1,840,175,42,145,20,140
frame=1,2,189,329,43,141,19,139
frame=1,3,617,175,53,147,27,145
frame=1,4,493,0,58,158,29,154
frame=1,5,182,0,42,171,20,161
frame=1,6,91,0,43,173,22,162
frame=1,7,439,0,53,165,24,156
frame=2,0,59,175,61,153,28,147
frame=2,1,977,175,40,144,19,139
frame=2,2,493,329,43,140,19,138
frame=2,3,722,175,55,146,29,144
frame=2,4,710,0,61,157,31,153
frame=2,5,225,0,40,171,19,161
frame=2,6,0,0,43,174,22,162
frame=2,7,383,0,55,166,24,157
frame=3,0,242,2184,138,85,108,76
frame=3,1,130,2096,100,87,76,82
frame=3,2,231,2096,46,87,20,86
frame=3,3,0,2270,109,83,30,81
frame=3,4,792,2270,138,79,28,74
frame=3,5,381,2184,100,85,22,69
frame=3,6,73,1722,46,98,24,68
frame=3,7,332,2007,109,88,77,70
frame=4,0,559,2096,137,86,108,77
frame=4,1,442,2007,100,88,77,83
frame=4,2,543,2007,45,88,19,87
frame=4,3,482,2184,108,84,29,82
frame=4,4,349,2270,137,80,27,75
frame=4,5,591,2184,100,84,21,70
frame=4,6,120,1722,45,98,24,69
frame=4,7,278,2096,108,87,77,71
frame=5,0,697,2096,136,86,108,77
frame=5,1,589,2007,100,88,77,83
frame=5,2,183,1916,45,90,19,89
frame=5,3,692,2184,108,84,29,82
frame=5,4,487,2270,136,80,26,75
frame=5,5,110,2270,100,83,21,71
frame=5,6,166,1722,45,98,24,71
frame=5,7,834,2096,108,86,77,72
frame=6,0,835,1916,125,89,99,81
frame=6,1,528,1498,91,112,70,107
frame=6,2,226,1132,46,123,21,121
frame=6,3,205,1612,104,108,31,106
frame=6,4,801,2184,125,84,24,80
frame=6,5,690,2007,91,88,19,77
frame=6,6,229,1916,46,90,23,77
frame=6,7,782,2007,104,88,71,78
frame=7,0,677,1256,76,119,59,112
frame=7,1,0,612,63,134,44,129
frame=7,2,537,329,45,140,20,137
frame=7,3,116,612,62,133,20,131
frame=7,4,113,1379,76,118,15,114
frame=7,5,413,1612,63,106,17,96
frame=7,6,212,1722,45,98,23,87
frame=7,7,687,1612,62,103,40,94
frame=8,0,273,1132,46,123,31,116
frame=8,1,49,878,48,128,27,123
frame=8,2,118,747,44,130,19,127
frame=8,3,617,747,41,129,17,127
frame=8,4,643,878,46,126,13,122
frame=8,5,399,1007,48,124,19,115
frame=8,6,512,1256,44,121,23,111
frame=8,7,43,1256,41,122,22,111

[hit]
frames=2
duration=300ms
type=play_once
frame=0,0,320,1132,46,123,31,116
frame=0,1,659,747,48,129,27,123
frame=0,2,163,747,44,130,19,127
frame=0,3,454,612,39,132,17,127
frame=0,4,98,878,46,128,13,122
frame=0,5,367,1132,48,123,19,115
frame=0,6,190,1379,44,118,23,111
frame=0,7,85,1256,39,122,20,111
frame=1,0,416,1132,46,123,31,116
frame=1,1,708,747,48,129,27,123
frame=1,2,208,747,44,130,19,127
frame=1,3,494,612,39,132,17,127
frame=1,4,145,878,46,128,13,122
frame=1,5,463,1132,48,123,19,115
frame=1,6,235,1379,44,118,23,111
frame=1,7,125,1256,39,122,20,111

[block]
frames=2
duration=300ms
type=play_once
frame=0,0,320,1132,46,123,31,116
frame=0,1,659,747,48,129,27,123
frame=0,2,163,747,44,130,19,127
frame=0,3,454,612,39,132,17,127
frame=0,4,98,878,46,128,13,122
frame=0,5,367,1132,48,123,19,115
frame=0,6,190,1379,44,118,23,111
frame=0,7,85,1256,39,122,20,111
frame=1,0,416,1132,46,123,31,116
frame=1,1,708,747,48,129,27,123
frame=1,2,208,747,44,130,19,127
frame=1,3,494,612,39,132,17,127
frame=1,4,145,878,46,128,13,122
frame=1,5,463,1132,48,123,19,115
frame=1,6,235,1379,44,118,23,111
frame=1,7,125,1256,39,122,20,111

[die]
frames=8
duration=1400ms
type=play_once
frame=0,0,448,1007,46,124,31,117
frame=0,1,192,878,48,128,27,123
frame=0,2,850,612,44,131,19,128
frame=0,3,534,612,40,132,17,127
frame=0,4,241,878,46,128,13,122
frame=0,5,512,1132,48,123,19,115
frame=0,6,280,1379,44,118,23,111
frame=0,7,165,1256,40,122,21,111
frame=1,0,557,1256,74,121,58,108
frame=1,1,583,329,64,140,43,126
frame=1,2,883,175,44,145,19,133
frame=1,3,233,329,62,141,20,127
frame=1,4,561,1132,74,123,14,110
frame=1,5,750,1612,64,103,19,92
frame=1,6,329,1823,44,92,23,84
frame=1,7,932,1612,62,102,40,91
frame=2,0,477,1612,104,106,80,92
frame=2,1,84,473,79,138,57,119
frame=2,2,484,175,45,149,20,130
frame=2,3,352,473,81,137,22,118
frame=2,4,582,1612,104,105,22,91
frame=2,5,56,2354,79,77,20,69
frame=2,6,136,2354,45,76,23,70
frame=2,7,931,2270,81,78,57,70
frame=3,0,538,1823,120,91,95,79
frame=3,1,288,878,89,128,66,112
frame=3,2,296,329,44,141,19,124
frame=3,3,690,878,95,126,24,110
frame=3,4,387,2096,120,87,23,77
frame=3,5,478,2354,89,74,21,64
frame=3,6,433,2354,44,75,23,64
frame=3,7,568,2354,95,74,69,64
frame=4,0,722,1722,124,94,105,90
frame=4,1,253,747,93,130,74,126
frame=4,2,928,175,48,145,19,141
frame=4,3,757,747,96,129,18,125
frame=4,4,659,1823,124,91,17,89
frame=4,5,0,2433,93,67,17,61
frame=4,6,94,2433,48,67,27,59
frame=4,7,664,2354,96,69,76,62
frame=5,0,211,2270,137,83,128,74
frame=5,1,325,1379,107,118,95,122
frame=5,2,64,612,51,134,19,141
frame=5,3,433,1379,106,117,10,122
frame=5,4,182,2354,135,76,7,74
frame=5,5,607,2433,107,54,10,44
frame=5,6,715,2433,51,54,30,36
frame=5,7,382,2433,106,63,94,44
frame=6,0,143,2433,121,66,128,35
frame=6,1,815,1612,116,103,115,89
frame=6,2,540,1379,54,117,19,113
frame=6,3,258,1722,113,98,2,92
frame=6,4,767,2433,119,53,-9,33
frame=6,5,265,2433,116,64,-1,24
frame=6,6,624,2270,54,80,33,20
frame=6,7,761,2354,113,69,109,24
frame=7,0,875,2354,119,69,128,29
frame=7,1,372,1722,114,96,117,72
frame=7,2,810,1498,55,111,19,97
frame=7,3,374,1823,112,92,0,76
frame=7,4,489,2433,117,59,-11,30
frame=7,5,318,2354,114,76,-5,22
frame=7,6,0,2354,55,78,34,18
frame=7,7,679,2270,112,80,110,22
