image=custom_npc_lightworker.png

[stance]
frames=4
duration=1500ms
type=back_forth
frame=0,0,400,0,37,75,23,66
frame=0,1,973,79,35,71,22,66
frame=0,2,759,226,28,69,14,66
frame=0,3,0,154,34,71,11,66
frame=0,4,284,79,37,72,12,66
frame=0,5,35,154,35,71,11,64
frame=0,6,640,0,28,74,12,63
frame=0,7,64,0,34,77,21,64
frame=1,0,333,0,37,76,23,66
frame=1,1,71,154,35,71,22,66
frame=1,2,788,226,28,69,14,66
frame=1,3,107,154,35,71,11,66
frame=1,4,322,79,37,72,12,66
frame=1,5,143,154,35,71,11,64
frame=1,6,438,0,28,75,12,63
frame=1,7,99,0,35,77,22,63
frame=2,0,467,0,37,75,23,66
frame=2,1,179,154,35,71,22,66
frame=2,2,817,226,29,69,14,66
frame=2,3,215,154,34,71,11,66
frame=2,4,250,154,37,71,12,66
frame=2,5,360,79,35,72,11,65
frame=2,6,505,0,29,75,13,64
frame=2,7,135,0,34,77,21,64
frame=3,0,535,0,37,75,23,66
frame=3,1,288,154,35,71,22,66
frame=3,2,847,226,28,69,14,66
frame=3,3,324,154,34,71,11,66
frame=3,4,396,79,37,72,12,66
frame=3,5,359,154,35,71,11,64
frame=3,6,669,0,28,74,12,63
frame=3,7,170,0,34,77,21,64

[run]
frames=8
duration=760ms
type=looped
frame=0,0,395,154,38,71,23,66
frame=0,1,434,79,37,72,24,67
frame=0,2,434,154,29,71,14,67
frame=0,3,464,154,39,71,18,67
frame=0,4,504,154,38,71,13,66
frame=0,5,543,154,37,71,11,64
frame=0,6,876,226,29,69,13,63
frame=0,7,210,298,39,68,19,64
frame=1,0,262,226,40,70,25,66
frame=1,1,581,154,41,71,26,67
frame=1,2,105,79,29,73,14,67
frame=1,3,135,79,38,73,17,66
frame=1,4,623,154,40,71,13,66
frame=1,5,906,226,41,69,13,64
frame=1,6,948,226,29,69,13,62
frame=1,7,303,226,38,70,19,63
frame=2,0,978,226,44,69,25,66
frame=2,1,472,79,44,72,26,66
frame=2,2,698,0,29,74,14,66
frame=2,3,728,0,38,74,17,66
frame=2,4,664,154,44,71,17,66
frame=2,5,250,298,44,68,16,63
frame=2,6,709,154,29,71,13,62
frame=2,7,739,154,38,71,19,63
frame=3,0,342,226,45,70,25,66
frame=3,1,517,79,44,72,26,67
frame=3,2,767,0,29,74,14,67
frame=3,3,174,79,38,73,17,66
frame=3,4,388,226,45,70,18,66
frame=3,5,0,298,44,69,16,64
frame=3,6,434,226,29,70,13,62
frame=3,7,778,154,38,71,19,63
frame=4,0,817,154,38,71,23,66
frame=4,1,562,79,37,72,24,67
frame=4,2,856,154,29,71,14,67
frame=4,3,600,79,39,72,18,67
frame=4,4,886,154,38,71,13,66
frame=4,5,295,298,37,68,11,64
frame=4,6,45,298,29,69,13,63
frame=4,7,925,154,39,71,19,64
frame=5,0,640,79,38,72,21,66
frame=5,1,797,0,36,74,23,67
frame=5,2,213,79,29,73,14,67
frame=5,3,464,226,41,70,20,66
frame=5,4,506,226,38,70,15,66
frame=5,5,965,154,36,71,11,64
frame=5,6,75,298,29,69,13,62
frame=5,7,333,298,41,68,19,63
frame=6,0,679,79,40,72,21,66
frame=6,1,834,0,35,74,22,66
frame=6,2,870,0,29,74,14,66
frame=6,3,720,79,42,72,20,66
frame=6,4,105,298,40,69,17,66
frame=6,5,545,226,35,70,11,63
frame=6,6,0,226,29,71,13,62
frame=6,7,375,298,42,68,20,63
frame=7,0,30,226,41,71,21,66
frame=7,1,900,0,37,74,23,67
frame=7,2,938,0,29,74,14,67
frame=7,3,72,226,41,71,20,66
frame=7,4,581,226,41,70,18,66
frame=7,5,763,79,37,72,12,64
frame=7,6,623,226,29,70,13,62
frame=7,7,418,298,41,68,19,63

[hit]
frames=2
duration=300ms
type=play_once
frame=0,0,400,0,37,75,23,66
frame=0,1,973,79,35,71,22,66
frame=0,2,759,226,28,69,14,66
frame=0,3,0,154,34,71,11,66
frame=0,4,284,79,37,72,12,66
frame=0,5,35,154,35,71,11,64
frame=0,6,640,0,28,74,12,63
frame=0,7,64,0,34,77,21,64
frame=1,0,573,0,37,75,23,66
frame=1,1,114,226,35,71,22,66
frame=1,2,146,298,28,69,14,66
frame=1,3,150,226,34,71,11,66
frame=1,4,801,79,37,72,12,66
frame=1,5,185,226,35,71,11,64
frame=1,6,968,0,28,74,12,63
frame=1,7,205,0,34,77,21,64

[block]
frames=2
duration=300ms
type=play_once
frame=0,0,400,0,37,75,23,66
frame=0,1,973,79,35,71,22,66
frame=0,2,759,226,28,69,14,66
frame=0,3,0,154,34,71,11,66
frame=0,4,284,79,37,72,12,66
frame=0,5,35,154,35,71,11,64
frame=0,6,640,0,28,74,12,63
frame=0,7,64,0,34,77,21,64
frame=1,0,573,0,37,75,23,66
frame=1,1,114,226,35,71,22,66
frame=1,2,146,298,28,69,14,66
frame=1,3,150,226,34,71,11,66
frame=1,4,801,79,37,72,12,66
frame=1,5,185,226,35,71,11,64
frame=1,6,968,0,28,74,12,63
frame=1,7,205,0,34,77,21,64

[die]
frames=6
duration=1000ms
type=play_once
frame=0,0,400,0,37,75,23,66
frame=0,1,973,79,35,71,22,66
frame=0,2,759,226,28,69,14,66
frame=0,3,0,154,34,71,11,66
frame=0,4,284,79,37,72,12,66
frame=0,5,35,154,35,71,11,64
frame=0,6,640,0,28,74,12,63
frame=0,7,64,0,34,77,21,64
frame=1,0,243,79,40,73,23,66
frame=1,1,653,226,41,70,26,65
frame=1,2,642,298,28,67,14,64
frame=1,3,175,298,34,69,13,65
frame=1,4,221,226,40,71,15,66
frame=1,5,839,79,41,72,13,66
frame=1,6,240,0,28,77,12,66
frame=1,7,0,0,34,78,19,66
frame=2,0,460,298,62,68,29,64
frame=2,1,946,298,59,61,30,57
frame=2,2,214,368,28,57,14,54
frame=2,3,0,368,44,61,27,57
frame=2,4,523,298,62,68,31,64
frame=2,5,0,79,59,74,27,70
frame=2,6,611,0,28,75,12,72
frame=2,7,60,79,44,74,15,70
frame=3,0,243,368,79,57,20,53
frame=3,1,794,368,70,45,23,41
frame=3,2,690,368,28,50,14,47
frame=3,3,571,368,55,53,45,49
frame=3,4,387,368,79,55,57,52
frame=3,5,671,298,70,67,45,66
frame=3,6,881,79,28,72,12,72
frame=3,7,586,298,55,68,8,66
frame=4,0,719,368,74,49,1,45
frame=4,1,742,298,64,65,5,41
frame=4,2,371,0,28,76,14,43
frame=4,3,910,79,62,72,56,49
frame=4,4,110,368,74,60,71,56
frame=4,5,45,368,64,61,57,59
frame=4,6,467,368,28,55,12,56
frame=4,7,627,368,62,53,4,51
frame=5,0,496,368,74,54,0,44
frame=5,1,695,226,63,70,4,37
frame=5,2,35,0,28,78,14,36
frame=5,3,269,0,63,77,57,44
frame=5,4,807,298,74,65,72,55
frame=5,5,882,298,63,64,57,62
frame=5,6,185,368,28,60,12,61
frame=5,7,323,368,63,56,4,54
