image=custom_npc_spider.png

[stance]
frames=4
duration=900ms
type=back_forth
frame=0,0,578,254,36,46,15,29
frame=0,1,904,157,63,47,31,30
frame=0,2,688,394,61,37,30,27
frame=0,3,159,58,64,48,31,30
frame=0,4,968,157,36,47,19,29
frame=0,5,0,206,63,47,30,30
frame=0,6,750,394,61,37,29,27
frame=0,7,224,58,64,48,31,30
frame=1,0,64,206,37,47,16,30
frame=1,1,289,58,63,48,31,30
frame=1,2,812,394,62,37,30,27
frame=1,3,102,206,63,47,31,30
frame=1,4,353,58,37,48,19,30
frame=1,5,391,58,63,48,30,30
frame=1,6,875,394,62,37,30,27
frame=1,7,455,58,63,48,30,30
frame=2,0,166,206,37,47,16,29
frame=2,1,519,58,63,48,30,30
frame=2,2,938,394,61,37,30,26
frame=2,3,583,58,63,48,30,30
frame=2,4,204,206,37,47,19,29
frame=2,5,647,58,63,48,31,29
frame=2,6,561,394,61,38,29,27
frame=2,7,711,58,63,48,31,30
frame=3,0,615,254,36,46,15,29
frame=3,1,242,206,63,47,31,30
frame=3,2,0,437,61,37,30,27
frame=3,3,775,58,64,48,31,30
frame=3,4,306,206,36,47,19,29
frame=3,5,343,206,63,47,30,30
frame=3,6,62,437,61,37,29,27
frame=3,7,840,58,64,48,31,30

[run]
frames=8
duration=560ms
type=looped
frame=0,0,652,254,36,46,15,29
frame=0,1,689,254,63,46,31,31
frame=0,2,243,394,66,39,32,29
frame=0,3,905,58,66,48,32,30
frame=0,4,407,206,36,47,19,29
frame=0,5,753,254,63,46,30,31
frame=0,6,310,394,66,39,32,29
frame=0,7,0,108,66,48,32,30
frame=1,0,444,206,45,47,21,30
frame=1,1,778,302,65,44,33,31
frame=1,2,67,475,67,34,32,28
frame=1,3,490,206,65,47,35,31
frame=1,4,67,108,45,48,22,30
frame=1,5,556,206,65,47,30,31
frame=1,6,233,349,67,43,33,30
frame=1,7,512,0,65,49,28,30
frame=2,0,622,206,48,47,23,30
frame=2,1,578,0,63,49,33,30
frame=2,2,301,349,62,43,29,29
frame=2,3,113,108,63,48,33,31
frame=2,4,177,108,48,48,23,30
frame=2,5,226,108,63,48,28,31
frame=2,6,364,349,62,43,31,29
frame=2,7,642,0,63,49,28,30
frame=3,0,671,206,45,47,22,30
frame=3,1,706,0,65,49,35,30
frame=3,2,427,349,66,43,31,30
frame=3,3,717,206,65,47,33,31
frame=3,4,290,108,45,48,21,30
frame=3,5,783,206,65,47,28,31
frame=3,6,836,437,66,35,33,28
frame=3,7,844,302,65,44,30,31
frame=4,0,817,254,36,46,15,29
frame=4,1,336,108,67,48,33,30
frame=4,2,377,394,66,39,32,29
frame=4,3,854,254,62,46,30,31
frame=4,4,849,206,36,47,19,29
frame=4,5,404,108,67,48,32,30
frame=4,6,444,394,66,39,32,29
frame=4,7,917,254,62,46,30,31
frame=5,0,472,108,45,48,21,30
frame=5,1,886,206,65,47,28,31
frame=5,2,903,437,66,35,33,28
frame=5,3,910,302,64,44,30,31
frame=5,4,952,206,45,47,22,30
frame=5,5,772,0,65,49,35,30
frame=5,6,494,349,66,43,31,30
frame=5,7,0,254,64,47,32,31
frame=6,0,518,108,48,48,23,30
frame=6,1,567,108,64,48,29,31
frame=6,2,561,349,62,43,31,29
frame=6,3,838,0,64,49,29,30
frame=6,4,65,254,48,47,23,30
frame=6,5,903,0,64,49,33,30
frame=6,6,624,349,62,43,29,29
frame=6,7,632,108,64,48,33,31
frame=7,0,697,108,45,48,22,30
frame=7,1,114,254,65,47,30,31
frame=7,2,687,349,66,43,33,30
frame=7,3,0,58,64,49,28,30
frame=7,4,180,254,45,47,21,30
frame=7,5,0,349,65,44,33,31
frame=7,6,0,475,66,35,31,28
frame=7,7,226,254,64,47,34,31

[swing]
frames=6
duration=540ms
type=play_once
hit=180ms
frame=0,0,432,0,39,50,16,31
frame=0,1,302,0,65,51,33,32
frame=0,2,623,394,64,38,31,27
frame=0,3,368,0,63,51,29,32
frame=0,4,472,0,39,50,21,31
frame=0,5,66,349,65,44,30,30
frame=0,6,390,475,64,32,31,27
frame=0,7,132,349,63,44,32,30
frame=1,0,163,0,38,56,15,37
frame=1,1,0,0,61,57,30,38
frame=1,2,132,394,60,41,29,30
frame=1,3,62,0,61,57,29,38
frame=1,4,124,0,38,57,21,38
frame=1,5,754,349,61,43,29,30
frame=1,6,199,475,60,33,29,29
frame=1,7,816,349,61,43,30,30
frame=2,0,743,108,38,48,23,30
frame=2,1,0,302,68,46,38,32
frame=2,2,124,437,64,37,31,31
frame=2,3,69,302,67,46,28,32
frame=2,4,782,108,38,48,13,30
frame=2,5,286,302,68,45,28,28
frame=2,6,260,475,64,33,31,25
frame=2,7,355,302,67,45,37,28
frame=3,0,821,108,38,48,22,30
frame=3,1,291,254,68,47,37,32
frame=3,2,189,437,64,37,31,30
frame=3,3,360,254,66,47,28,32
frame=3,4,860,108,38,48,14,30
frame=3,5,423,302,68,45,29,29
frame=3,6,325,475,64,33,31,25
frame=3,7,492,302,66,45,36,29
frame=4,0,899,108,36,48,18,30
frame=4,1,936,108,66,48,34,31
frame=4,2,474,437,63,36,31,28
frame=4,3,0,157,65,48,29,31
frame=4,4,66,157,36,48,16,30
frame=4,5,559,302,66,45,30,29
frame=4,6,135,475,63,34,30,26
frame=4,7,626,302,65,45,34,29
frame=5,0,137,302,36,46,15,29
frame=5,1,103,157,63,48,31,30
frame=5,2,538,437,60,36,29,26
frame=5,3,167,157,62,48,30,30
frame=5,4,427,254,36,47,19,29
frame=5,5,230,157,63,48,30,30
frame=5,6,254,437,60,37,29,27
frame=5,7,294,157,62,48,30,30

[cast]
frames=6
duration=540ms
type=play_once
hit=180ms
frame=0,0,432,0,39,50,16,31
frame=0,1,302,0,65,51,33,32
frame=0,2,623,394,64,38,31,27
frame=0,3,368,0,63,51,29,32
frame=0,4,472,0,39,50,21,31
frame=0,5,66,349,65,44,30,30
frame=0,6,390,475,64,32,31,27
frame=0,7,132,349,63,44,32,30
frame=1,0,163,0,38,56,15,37
frame=1,1,0,0,61,57,30,38
frame=1,2,132,394,60,41,29,30
frame=1,3,62,0,61,57,29,38
frame=1,4,124,0,38,57,21,38
frame=1,5,754,349,61,43,29,30
frame=1,6,199,475,60,33,29,29
frame=1,7,816,349,61,43,30,30
frame=2,0,743,108,38,48,23,30
frame=2,1,0,302,68,46,38,32
frame=2,2,124,437,64,37,31,31
frame=2,3,69,302,67,46,28,32
frame=2,4,782,108,38,48,13,30
frame=2,5,286,302,68,45,28,28
frame=2,6,260,475,64,33,31,25
frame=2,7,355,302,67,45,37,28
frame=3,0,821,108,38,48,22,30
frame=3,1,291,254,68,47,37,32
frame=3,2,189,437,64,37,31,30
frame=3,3,360,254,66,47,28,32
frame=3,4,860,108,38,48,14,30
frame=3,5,423,302,68,45,29,29
frame=3,6,325,475,64,33,31,25
frame=3,7,492,302,66,45,36,29
frame=4,0,899,108,36,48,18,30
frame=4,1,936,108,66,48,34,31
frame=4,2,474,437,63,36,31,28
frame=4,3,0,157,65,48,29,31
frame=4,4,66,157,36,48,16,30
frame=4,5,559,302,66,45,30,29
frame=4,6,135,475,63,34,30,26
frame=4,7,626,302,65,45,34,29
frame=5,0,137,302,36,46,15,29
frame=5,1,103,157,63,48,31,30
frame=5,2,538,437,60,36,29,26
frame=5,3,167,157,62,48,30,30
frame=5,4,427,254,36,47,19,29
frame=5,5,230,157,63,48,30,30
frame=5,6,254,437,60,37,29,27
frame=5,7,294,157,62,48,30,30

[shoot]
frames=6
duration=540ms
type=play_once
hit=180ms
frame=0,0,432,0,39,50,16,31
frame=0,1,302,0,65,51,33,32
frame=0,2,623,394,64,38,31,27
frame=0,3,368,0,63,51,29,32
frame=0,4,472,0,39,50,21,31
frame=0,5,66,349,65,44,30,30
frame=0,6,390,475,64,32,31,27
frame=0,7,132,349,63,44,32,30
frame=1,0,163,0,38,56,15,37
frame=1,1,0,0,61,57,30,38
frame=1,2,132,394,60,41,29,30
frame=1,3,62,0,61,57,29,38
frame=1,4,124,0,38,57,21,38
frame=1,5,754,349,61,43,29,30
frame=1,6,199,475,60,33,29,29
frame=1,7,816,349,61,43,30,30
frame=2,0,743,108,38,48,23,30
frame=2,1,0,302,68,46,38,32
frame=2,2,124,437,64,37,31,31
frame=2,3,69,302,67,46,28,32
frame=2,4,782,108,38,48,13,30
frame=2,5,286,302,68,45,28,28
frame=2,6,260,475,64,33,31,25
frame=2,7,355,302,67,45,37,28
frame=3,0,821,108,38,48,22,30
frame=3,1,291,254,68,47,37,32
frame=3,2,189,437,64,37,31,30
frame=3,3,360,254,66,47,28,32
frame=3,4,860,108,38,48,14,30
frame=3,5,423,302,68,45,29,29
frame=3,6,325,475,64,33,31,25
frame=3,7,492,302,66,45,36,29
frame=4,0,899,108,36,48,18,30
frame=4,1,936,108,66,48,34,31
frame=4,2,474,437,63,36,31,28
frame=4,3,0,157,65,48,29,31
frame=4,4,66,157,36,48,16,30
frame=4,5,559,302,66,45,30,29
frame=4,6,135,475,63,34,30,26
frame=4,7,626,302,65,45,34,29
frame=5,0,137,302,36,46,15,29
frame=5,1,103,157,63,48,31,30
frame=5,2,538,437,60,36,29,26
frame=5,3,167,157,62,48,30,30
frame=5,4,427,254,36,47,19,29
frame=5,5,230,157,63,48,30,30
frame=5,6,254,437,60,37,29,27
frame=5,7,294,157,62,48,30,30

[hit]
frames=2
duration=300ms
type=play_once
frame=0,0,174,302,36,46,15,29
frame=0,1,357,157,63,48,31,30
frame=0,2,599,437,60,36,29,26
frame=0,3,421,157,62,48,30,30
frame=0,4,464,254,36,47,19,29
frame=0,5,484,157,63,48,30,30
frame=0,6,315,437,60,37,29,27
frame=0,7,548,157,62,48,30,30
frame=1,0,211,302,36,46,15,29
frame=1,1,611,157,64,48,31,30
frame=1,2,660,437,60,36,29,26
frame=1,3,676,157,62,48,30,30
frame=1,4,501,254,36,47,19,29
frame=1,5,739,157,64,48,31,30
frame=1,6,376,437,60,37,29,27
frame=1,7,804,157,62,48,30,30

[block]
frames=2
duration=300ms
type=play_once
frame=0,0,174,302,36,46,15,29
frame=0,1,357,157,63,48,31,30
frame=0,2,599,437,60,36,29,26
frame=0,3,421,157,62,48,30,30
frame=0,4,464,254,36,47,19,29
frame=0,5,484,157,63,48,30,30
frame=0,6,315,437,60,37,29,27
frame=0,7,548,157,62,48,30,30
frame=1,0,211,302,36,46,15,29
frame=1,1,611,157,64,48,31,30
frame=1,2,660,437,60,36,29,26
frame=1,3,676,157,62,48,30,30
frame=1,4,501,254,36,47,19,29
frame=1,5,739,157,64,48,31,30
frame=1,6,376,437,60,37,29,27
frame=1,7,804,157,62,48,30,30

[die]
frames=6
duration=900ms
type=play_once
frame=0,0,174,302,36,46,15,29
frame=0,1,357,157,63,48,31,30
frame=0,2,599,437,60,36,29,26
frame=0,3,421,157,62,48,30,30
frame=0,4,464,254,36,47,19,29
frame=0,5,484,157,63,48,30,30
frame=0,6,315,437,60,37,29,27
frame=0,7,548,157,62,48,30,30
frame=1,0,867,157,36,48,15,34
frame=1,1,252,0,49,52,24,36
frame=1,2,65,58,46,49,25,35
frame=1,3,511,394,49,39,24,31
frame=1,4,721,437,36,36,19,31
frame=1,5,193,394,49,41,23,33
frame=1,6,112,58,46,49,19,35
frame=1,7,202,0,49,53,23,36
frame=2,0,964,349,36,42,15,28
frame=2,1,692,302,42,45,24,32
frame=2,2,0,394,35,42,25,36
frame=2,3,878,349,42,43,25,38
frame=2,4,437,437,36,37,19,36
frame=2,5,921,349,42,43,16,38
frame=2,6,36,394,35,42,8,36
frame=2,7,735,302,42,45,15,32
frame=3,0,500,475,36,29,15,11
frame=3,1,758,437,37,36,23,16
frame=3,2,72,394,29,42,24,22
frame=3,3,538,254,39,47,25,29
frame=3,4,196,349,36,44,19,29
frame=3,5,248,302,37,46,12,28
frame=3,6,102,394,29,42,3,22
frame=3,7,796,437,39,36,12,16
frame=4,0,709,475,36,25,15,4
frame=4,1,537,475,44,28,22,4
frame=4,2,582,475,44,28,22,3
frame=4,3,455,475,44,30,22,7
frame=4,4,672,475,36,27,19,7
frame=4,5,627,475,44,28,20,7
frame=4,6,791,475,44,21,20,4
frame=4,7,746,475,44,23,20,4
frame=5,0,709,475,36,25,15,4
frame=5,1,537,475,44,28,22,4
frame=5,2,582,475,44,28,22,3
frame=5,3,455,475,44,30,22,7
frame=5,4,672,475,36,27,19,7
frame=5,5,627,475,44,28,20,7
frame=5,6,791,475,44,21,20,4
frame=5,7,746,475,44,23,20,4
