image=custom_npc_stooped_smear.png

[stance]
frames=1
duration=100ms
type=play_once
frame=0,0,409,0,1,1,80,112
frame=0,1,409,0,1,1,80,112
frame=0,2,409,0,1,1,80,112
frame=0,3,409,0,1,1,80,112
frame=0,4,409,0,1,1,80,112
frame=0,5,409,0,1,1,80,112
frame=0,6,409,0,1,1,80,112
frame=0,7,409,0,1,1,80,112

[swing]
frames=7
duration=700ms
type=play_once
frame=0,0,409,0,1,1,80,112
frame=0,1,409,0,1,1,80,112
frame=0,2,409,0,1,1,80,112
frame=0,3,409,0,1,1,80,112
frame=0,4,409,0,1,1,80,112
frame=0,5,409,0,1,1,80,112
frame=0,6,409,0,1,1,80,112
frame=0,7,409,0,1,1,80,112
frame=1,0,409,0,1,1,80,112
frame=1,1,409,0,1,1,80,112
frame=1,2,409,0,1,1,80,112
frame=1,3,409,0,1,1,80,112
frame=1,4,409,0,1,1,80,112
frame=1,5,409,0,1,1,80,112
frame=1,6,409,0,1,1,80,112
frame=1,7,409,0,1,1,80,112
frame=2,0,89,0,51,49,44,58
frame=2,1,194,0,44,42,45,65
frame=2,2,239,0,10,37,19,75
frame=2,3,250,0,29,32,10,76
frame=2,4,141,0,52,46,6,72
frame=2,5,43,0,45,55,-2,67
frame=2,6,0,0,11,61,-10,63
frame=2,7,12,0,30,59,17,59
frame=3,0,335,0,24,10,36,9
frame=3,1,288,0,21,18,38,25
frame=3,2,280,0,7,24,18,37
frame=3,3,396,0,6,7,-9,33
frame=3,4,310,0,24,15,-15,27
frame=3,5,360,0,19,8,-20,12
frame=3,6,403,0,5,5,-14,0
frame=3,7,380,0,15,8,14,2
frame=4,0,409,0,1,1,80,112
frame=4,1,409,0,1,1,80,112
frame=4,2,409,0,1,1,80,112
frame=4,3,409,0,1,1,80,112
frame=4,4,409,0,1,1,80,112
frame=4,5,409,0,1,1,80,112
frame=4,6,409,0,1,1,80,112
frame=4,7,409,0,1,1,80,112
frame=5,0,409,0,1,1,80,112
frame=5,1,409,0,1,1,80,112
frame=5,2,409,0,1,1,80,112
frame=5,3,409,0,1,1,80,112
frame=5,4,409,0,1,1,80,112
frame=5,5,409,0,1,1,80,112
frame=5,6,409,0,1,1,80,112
frame=5,7,409,0,1,1,80,112
frame=6,0,409,0,1,1,80,112
frame=6,1,409,0,1,1,80,112
frame=6,2,409,0,1,1,80,112
frame=6,3,409,0,1,1,80,112
frame=6,4,409,0,1,1,80,112
frame=6,5,409,0,1,1,80,112
frame=6,6,409,0,1,1,80,112
frame=6,7,409,0,1,1,80,112
