image=custom_npc_stooped.png

[stance]
frames=4
duration=1400ms
type=back_forth
frame=0,0,160,213,45,60,38,53
frame=0,1,30,81,44,65,35,60
frame=0,2,75,81,29,65,13,62
frame=0,3,657,81,34,64,7,59
frame=0,4,206,213,45,60,5,53
frame=0,5,351,336,44,54,7,46
frame=0,6,635,447,29,49,14,42
frame=0,7,799,336,34,53,25,45
frame=1,0,38,275,45,59,38,52
frame=1,1,692,81,44,64,35,59
frame=1,2,889,0,29,66,13,62
frame=1,3,737,81,34,64,7,59
frame=1,4,252,213,45,60,5,53
frame=1,5,396,336,44,54,7,46
frame=1,6,665,447,29,49,14,42
frame=1,7,483,393,34,52,25,44
frame=2,0,682,148,45,61,38,54
frame=2,1,105,81,44,65,35,60
frame=2,2,919,0,29,66,12,63
frame=2,3,283,148,34,63,7,59
frame=2,4,298,213,45,60,5,53
frame=2,5,441,336,44,54,7,46
frame=2,6,336,447,29,50,15,43
frame=2,7,834,336,34,53,25,45
frame=3,0,344,213,45,60,38,53
frame=3,1,150,81,44,65,35,60
frame=3,2,195,81,29,65,13,62
frame=3,3,772,81,34,64,7,59
frame=3,4,390,213,45,60,5,53
frame=3,5,486,336,44,54,7,46
frame=3,6,695,447,29,49,14,42
frame=3,7,869,336,34,53,25,45

[run]
frames=8
duration=1100ms
type=looped
frame=0,0,84,275,47,59,38,53
frame=0,1,225,81,44,65,35,60
frame=0,2,949,0,29,66,13,63
frame=0,3,807,81,36,64,9,60
frame=0,4,436,213,47,60,7,53
frame=0,5,531,336,44,54,7,46
frame=0,6,725,447,29,49,14,43
frame=0,7,897,393,36,51,25,45
frame=1,0,132,275,48,59,36,53
frame=1,1,844,81,47,64,34,59
frame=1,2,246,0,29,69,14,63
frame=1,3,620,0,35,67,7,60
frame=1,4,728,148,48,61,10,54
frame=1,5,518,393,47,52,11,46
frame=1,6,934,393,29,51,13,43
frame=1,7,904,336,35,53,26,45
frame=2,0,390,275,50,57,35,52
frame=2,1,270,81,49,65,34,59
frame=2,2,276,0,29,69,14,62
frame=2,3,404,0,36,68,8,60
frame=2,4,777,148,50,61,13,54
frame=2,5,940,336,49,53,13,46
frame=2,6,964,393,29,51,13,42
frame=2,7,0,393,36,53,26,44
frame=3,0,261,275,50,58,36,53
frame=3,1,892,81,48,64,34,59
frame=3,2,306,0,29,69,14,63
frame=3,3,656,0,35,67,7,60
frame=3,4,484,213,50,60,12,54
frame=3,5,37,393,48,53,12,46
frame=3,6,566,393,29,52,13,43
frame=3,7,576,336,35,54,26,45
frame=4,0,535,213,47,60,38,53
frame=4,1,941,81,45,64,35,60
frame=4,2,979,0,29,66,13,63
frame=4,3,320,81,34,65,7,60
frame=4,4,181,275,47,59,7,53
frame=4,5,596,393,45,52,8,46
frame=4,6,755,447,29,49,14,43
frame=4,7,86,393,34,53,25,45
frame=5,0,828,148,53,61,41,54
frame=5,1,692,0,44,67,35,60
frame=5,2,441,0,29,68,12,62
frame=5,3,987,81,37,64,11,59
frame=5,4,441,275,53,57,10,52
frame=5,5,121,393,44,53,7,45
frame=5,6,994,393,29,51,15,43
frame=5,7,642,393,37,52,24,46
frame=6,0,882,148,57,61,42,54
frame=6,1,471,0,45,68,35,60
frame=6,2,336,0,28,69,11,62
frame=6,3,0,148,39,64,13,58
frame=6,4,495,275,57,57,13,52
frame=6,5,612,336,45,54,8,45
frame=6,6,0,447,28,51,15,42
frame=6,7,680,393,39,52,24,45
frame=7,0,583,213,55,60,41,54
frame=7,1,737,0,45,67,35,60
frame=7,2,517,0,29,68,12,62
frame=7,3,40,148,38,64,12,59
frame=7,4,553,275,55,57,12,52
frame=7,5,658,336,45,54,8,45
frame=7,6,720,393,29,52,15,43
frame=7,7,750,393,38,52,24,46

[swing]
frames=7
duration=700ms
type=play_once
hit=200ms
frame=0,0,459,148,39,62,34,54
frame=0,1,201,0,44,71,36,66
frame=0,2,33,0,31,78,17,76
frame=0,3,0,0,32,80,6,77
frame=0,4,124,0,39,74,3,69
frame=0,5,783,0,44,67,6,57
frame=0,6,229,275,31,59,12,49
frame=0,7,831,275,32,56,24,47
frame=1,0,355,81,36,65,25,57
frame=1,1,0,81,29,66,21,61
frame=1,2,828,0,28,67,15,65
frame=1,3,547,0,38,68,13,66
frame=1,4,164,0,36,72,9,67
frame=1,5,65,0,29,77,6,67
frame=1,6,95,0,28,75,11,64
frame=1,7,365,0,38,69,23,60
frame=2,0,864,275,45,56,40,48
frame=2,1,499,148,49,62,41,57
frame=2,2,318,148,32,63,19,61
frame=2,3,639,213,33,60,6,58
frame=2,4,609,275,45,57,3,52
frame=2,5,704,336,49,54,6,44
frame=2,6,366,447,32,50,11,39
frame=2,7,785,447,33,49,25,40
frame=3,0,167,336,33,55,28,47
frame=3,1,673,213,36,60,28,55
frame=3,2,549,148,29,62,15,59
frame=3,3,710,213,33,60,6,57
frame=3,4,201,336,33,55,3,50
frame=3,5,789,393,36,52,6,42
frame=3,6,105,499,29,47,12,37
frame=3,7,956,447,33,48,25,39
frame=4,0,655,275,37,57,31,49
frame=4,1,940,148,41,61,32,56
frame=4,2,351,148,30,63,15,60
frame=4,3,744,213,34,60,7,57
frame=4,4,910,275,37,56,4,51
frame=4,5,166,393,41,53,7,43
frame=4,6,990,447,30,48,13,38
frame=4,7,399,447,34,50,25,41
frame=5,0,312,275,42,58,36,50
frame=5,1,579,148,43,62,34,57
frame=5,2,382,148,29,63,14,60
frame=5,3,982,148,34,61,7,58
frame=5,4,948,275,42,56,4,51
frame=5,5,208,393,43,53,7,44
frame=5,6,434,447,29,50,13,40
frame=5,7,464,447,34,50,25,42
frame=6,0,779,213,47,60,40,52
frame=6,1,412,148,46,63,37,58
frame=6,2,79,148,29,64,13,61
frame=6,3,0,213,34,61,7,58
frame=6,4,693,275,47,57,5,52
frame=6,5,252,393,46,53,7,44
frame=6,6,29,447,29,51,14,41
frame=6,7,826,393,34,52,25,44

[cast]
frames=7
duration=700ms
type=play_once
hit=200ms
frame=0,0,459,148,39,62,34,54
frame=0,1,201,0,44,71,36,66
frame=0,2,33,0,31,78,17,76
frame=0,3,0,0,32,80,6,77
frame=0,4,124,0,39,74,3,69
frame=0,5,783,0,44,67,6,57
frame=0,6,229,275,31,59,12,49
frame=0,7,831,275,32,56,24,47
frame=1,0,355,81,36,65,25,57
frame=1,1,0,81,29,66,21,61
frame=1,2,828,0,28,67,15,65
frame=1,3,547,0,38,68,13,66
frame=1,4,164,0,36,72,9,67
frame=1,5,65,0,29,77,6,67
frame=1,6,95,0,28,75,11,64
frame=1,7,365,0,38,69,23,60
frame=2,0,864,275,45,56,40,48
frame=2,1,499,148,49,62,41,57
frame=2,2,318,148,32,63,19,61
frame=2,3,639,213,33,60,6,58
frame=2,4,609,275,45,57,3,52
frame=2,5,704,336,49,54,6,44
frame=2,6,366,447,32,50,11,39
frame=2,7,785,447,33,49,25,40
frame=3,0,167,336,33,55,28,47
frame=3,1,673,213,36,60,28,55
frame=3,2,549,148,29,62,15,59
frame=3,3,710,213,33,60,6,57
frame=3,4,201,336,33,55,3,50
frame=3,5,789,393,36,52,6,42
frame=3,6,105,499,29,47,12,37
frame=3,7,956,447,33,48,25,39
frame=4,0,655,275,37,57,31,49
frame=4,1,940,148,41,61,32,56
frame=4,2,351,148,30,63,15,60
frame=4,3,744,213,34,60,7,57
frame=4,4,910,275,37,56,4,51
frame=4,5,166,393,41,53,7,43
frame=4,6,990,447,30,48,13,38
frame=4,7,399,447,34,50,25,41
frame=5,0,312,275,42,58,36,50
frame=5,1,579,148,43,62,34,57
frame=5,2,382,148,29,63,14,60
frame=5,3,982,148,34,61,7,58
frame=5,4,948,275,42,56,4,51
frame=5,5,208,393,43,53,7,44
frame=5,6,434,447,29,50,13,40
frame=5,7,464,447,34,50,25,42
frame=6,0,779,213,47,60,40,52
frame=6,1,412,148,46,63,37,58
frame=6,2,79,148,29,64,13,61
frame=6,3,0,213,34,61,7,58
frame=6,4,693,275,47,57,5,52
frame=6,5,252,393,46,53,7,44
frame=6,6,29,447,29,51,14,41
frame=6,7,826,393,34,52,25,44

[shoot]
frames=7
duration=700ms
type=play_once
hit=200ms
frame=0,0,459,148,39,62,34,54
frame=0,1,201,0,44,71,36,66
frame=0,2,33,0,31,78,17,76
frame=0,3,0,0,32,80,6,77
frame=0,4,124,0,39,74,3,69
frame=0,5,783,0,44,67,6,57
frame=0,6,229,275,31,59,12,49
frame=0,7,831,275,32,56,24,47
frame=1,0,355,81,36,65,25,57
frame=1,1,0,81,29,66,21,61
frame=1,2,828,0,28,67,15,65
frame=1,3,547,0,38,68,13,66
frame=1,4,164,0,36,72,9,67
frame=1,5,65,0,29,77,6,67
frame=1,6,95,0,28,75,11,64
frame=1,7,365,0,38,69,23,60
frame=2,0,864,275,45,56,40,48
frame=2,1,499,148,49,62,41,57
frame=2,2,318,148,32,63,19,61
frame=2,3,639,213,33,60,6,58
frame=2,4,609,275,45,57,3,52
frame=2,5,704,336,49,54,6,44
frame=2,6,366,447,32,50,11,39
frame=2,7,785,447,33,49,25,40
frame=3,0,167,336,33,55,28,47
frame=3,1,673,213,36,60,28,55
frame=3,2,549,148,29,62,15,59
frame=3,3,710,213,33,60,6,57
frame=3,4,201,336,33,55,3,50
frame=3,5,789,393,36,52,6,42
frame=3,6,105,499,29,47,12,37
frame=3,7,956,447,33,48,25,39
frame=4,0,655,275,37,57,31,49
frame=4,1,940,148,41,61,32,56
frame=4,2,351,148,30,63,15,60
frame=4,3,744,213,34,60,7,57
frame=4,4,910,275,37,56,4,51
frame=4,5,166,393,41,53,7,43
frame=4,6,990,447,30,48,13,38
frame=4,7,399,447,34,50,25,41
frame=5,0,312,275,42,58,36,50
frame=5,1,579,148,43,62,34,57
frame=5,2,382,148,29,63,14,60
frame=5,3,982,148,34,61,7,58
frame=5,4,948,275,42,56,4,51
frame=5,5,208,393,43,53,7,44
frame=5,6,434,447,29,50,13,40
frame=5,7,464,447,34,50,25,42
frame=6,0,779,213,47,60,40,52
frame=6,1,412,148,46,63,37,58
frame=6,2,79,148,29,64,13,61
frame=6,3,0,213,34,61,7,58
frame=6,4,693,275,47,57,5,52
frame=6,5,252,393,46,53,7,44
frame=6,6,29,447,29,51,14,41
frame=6,7,826,393,34,52,25,44

[hit]
frames=2
duration=300ms
type=play_once
frame=0,0,160,213,45,60,38,53
frame=0,1,30,81,44,65,35,60
frame=0,2,75,81,29,65,13,62
frame=0,3,657,81,34,64,7,59
frame=0,4,206,213,45,60,5,53
frame=0,5,351,336,44,54,7,46
frame=0,6,635,447,29,49,14,42
frame=0,7,799,336,34,53,25,45
frame=1,0,827,213,45,60,38,53
frame=1,1,392,81,44,65,35,60
frame=1,2,437,81,29,65,13,62
frame=1,3,109,148,34,64,7,59
frame=1,4,873,213,45,60,5,53
frame=1,5,754,336,44,54,7,46
frame=1,6,819,447,29,49,14,42
frame=1,7,299,393,34,53,25,45

[block]
frames=2
duration=300ms
type=play_once
frame=0,0,160,213,45,60,38,53
frame=0,1,30,81,44,65,35,60
frame=0,2,75,81,29,65,13,62
frame=0,3,657,81,34,64,7,59
frame=0,4,206,213,45,60,5,53
frame=0,5,351,336,44,54,7,46
frame=0,6,635,447,29,49,14,42
frame=0,7,799,336,34,53,25,45
frame=1,0,827,213,45,60,38,53
frame=1,1,392,81,44,65,35,60
frame=1,2,437,81,29,65,13,62
frame=1,3,109,148,34,64,7,59
frame=1,4,873,213,45,60,5,53
frame=1,5,754,336,44,54,7,46
frame=1,6,819,447,29,49,14,42
frame=1,7,299,393,34,53,25,45

[die]
frames=7
duration=1100ms
type=play_once
frame=0,0,919,213,44,60,37,53
frame=0,1,467,81,43,65,34,60
frame=0,2,511,81,28,65,13,62
frame=0,3,144,148,33,64,7,59
frame=0,4,964,213,44,60,5,53
frame=0,5,334,393,43,53,7,45
frame=0,6,849,447,28,49,13,42
frame=0,7,378,393,33,53,24,45
frame=1,0,741,275,44,57,37,49
frame=1,1,35,213,43,61,34,55
frame=1,2,623,148,28,62,13,58
frame=1,3,79,213,33,61,7,55
frame=1,4,786,275,44,57,5,49
frame=1,5,878,447,43,49,7,41
frame=1,6,274,499,28,46,13,38
frame=1,7,922,447,33,49,24,41
frame=2,0,0,336,48,56,42,49
frame=2,1,113,213,46,61,38,56
frame=2,2,652,148,29,62,13,59
frame=2,3,0,275,37,60,7,55
frame=2,4,235,336,48,55,4,48
frame=2,5,135,499,46,47,6,40
frame=2,6,303,499,29,46,14,37
frame=2,7,182,499,37,47,28,40
frame=3,0,49,336,58,56,55,51
frame=3,1,540,81,53,65,47,62
frame=3,2,857,0,31,67,13,66
frame=3,3,178,148,46,64,5,61
frame=3,4,108,336,58,56,1,51
frame=3,5,220,499,53,47,4,41
frame=3,6,333,499,31,46,16,36
frame=3,7,0,499,46,48,39,41
frame=4,0,59,447,70,51,69,46
frame=4,1,594,81,62,65,57,62
frame=4,2,586,0,33,68,13,67
frame=4,3,225,148,57,64,3,61
frame=4,4,130,447,70,51,-1,46
frame=4,5,766,499,62,41,3,28
frame=4,6,365,499,33,45,18,20
frame=4,7,47,499,57,48,52,28
frame=5,0,605,499,79,43,78,24
frame=5,1,201,447,68,51,63,46
frame=5,2,355,275,34,58,13,55
frame=5,3,270,447,65,51,3,46
frame=5,4,829,499,79,40,-1,24
frame=5,5,399,499,68,44,3,8
frame=5,6,412,393,34,53,19,5
frame=5,7,499,447,65,50,60,7
frame=6,0,685,499,80,43,78,16
frame=6,1,468,499,69,44,63,39
frame=6,2,861,393,35,52,13,49
frame=6,3,538,499,66,44,4,39
frame=6,4,909,499,80,38,0,16
frame=6,5,565,447,69,50,4,7
frame=6,6,447,393,35,53,20,5
frame=6,7,284,336,66,55,60,7
