image=custom_npc_antlion_small.png

[stance]
frames=4
duration=900ms
type=back_forth
frame=0,0,663,75,25,33,12,20
frame=0,1,687,0,44,34,21,21
frame=0,2,840,177,42,27,20,19
frame=0,3,732,0,43,34,20,21
frame=0,4,689,75,25,33,11,20
frame=0,5,776,0,44,34,21,21
frame=0,6,883,177,42,27,20,19
frame=0,7,821,0,43,34,21,21
frame=1,0,578,110,25,32,12,20
frame=1,1,715,75,44,33,21,21
frame=1,2,926,177,42,27,20,19
frame=1,3,865,0,42,34,20,21
frame=1,4,760,75,25,33,11,21
frame=1,5,908,0,44,34,21,21
frame=1,6,969,177,42,27,20,19
frame=1,7,953,0,42,34,20,21
frame=2,0,786,75,25,33,12,20
frame=2,1,0,40,42,34,20,21
frame=2,2,550,208,42,26,20,18
frame=2,3,43,40,44,34,21,21
frame=2,4,812,75,25,33,11,20
frame=2,5,289,0,42,35,20,21
frame=2,6,579,177,42,28,20,19
frame=2,7,88,40,44,34,21,21
frame=3,0,838,75,25,33,12,20
frame=3,1,133,40,44,34,21,21
frame=3,2,0,208,42,27,20,19
frame=3,3,178,40,43,34,20,21
frame=3,4,864,75,25,33,11,20
frame=3,5,222,40,44,34,21,21
frame=3,6,43,208,42,27,20,19
frame=3,7,267,40,43,34,21,21

[run]
frames=8
duration=560ms
type=looped
frame=0,0,890,75,25,33,12,20
frame=0,1,311,40,45,34,21,21
frame=0,2,622,177,44,28,21,20
frame=0,3,327,144,44,31,20,21
frame=0,4,916,75,25,33,11,20
frame=0,5,372,144,45,31,22,21
frame=0,6,667,177,44,28,21,20
frame=0,7,357,40,44,34,22,21
frame=1,0,402,40,32,34,15,21
frame=1,1,942,75,47,33,22,21
frame=1,2,593,208,45,26,21,20
frame=1,3,604,110,39,32,18,22
frame=1,4,990,75,32,33,15,21
frame=1,5,644,110,47,32,23,21
frame=1,6,418,144,45,31,22,21
frame=1,7,209,0,39,36,19,22
frame=2,0,435,40,34,34,16,21
frame=2,1,692,110,46,32,22,21
frame=2,2,0,177,44,30,21,20
frame=2,3,332,0,38,35,18,22
frame=2,4,470,40,34,34,16,21
frame=2,5,739,110,46,32,22,21
frame=2,6,45,177,44,30,21,20
frame=2,7,371,0,38,35,18,22
frame=3,0,0,110,32,33,15,21
frame=3,1,786,110,47,32,23,21
frame=3,2,464,144,45,31,22,21
frame=3,3,410,0,40,35,19,22
frame=3,4,505,40,32,34,15,21
frame=3,5,538,40,47,34,22,22
frame=3,6,639,208,45,26,21,20
frame=3,7,834,110,40,32,19,22
frame=4,0,33,110,25,33,12,20
frame=4,1,510,144,44,31,22,21
frame=4,2,712,177,45,28,22,20
frame=4,3,586,40,45,34,22,21
frame=4,4,59,110,25,33,11,20
frame=4,5,632,40,44,34,20,21
frame=4,6,758,177,45,28,21,20
frame=4,7,555,144,45,31,21,21
frame=5,0,85,110,32,33,15,21
frame=5,1,875,110,39,32,19,22
frame=5,2,685,208,45,26,22,20
frame=5,3,677,40,47,34,23,22
frame=5,4,725,40,32,34,15,21
frame=5,5,249,0,39,36,18,22
frame=5,6,601,144,45,31,21,21
frame=5,7,915,110,47,32,22,21
frame=6,0,758,40,34,34,16,21
frame=6,1,451,0,38,35,18,22
frame=6,2,90,177,44,30,21,20
frame=6,3,963,110,46,32,22,21
frame=6,4,793,40,34,34,16,21
frame=6,5,490,0,38,35,18,22
frame=6,6,135,177,44,30,21,20
frame=6,7,0,144,46,32,22,21
frame=7,0,828,40,32,34,15,21
frame=7,1,529,0,40,35,19,22
frame=7,2,647,144,45,31,21,21
frame=7,3,47,144,47,32,22,21
frame=7,4,118,110,32,33,15,21
frame=7,5,95,144,40,32,19,22
frame=7,6,731,208,45,26,22,20
frame=7,7,151,110,47,33,23,21

[swing]
frames=6
duration=540ms
type=play_once
hit=180ms
frame=0,0,861,40,26,34,12,21
frame=0,1,570,0,44,35,22,22
frame=0,2,86,208,44,27,21,19
frame=0,3,615,0,44,35,20,22
frame=0,4,660,0,26,35,12,22
frame=0,5,693,144,44,31,20,22
frame=0,6,945,208,44,23,21,20
frame=0,7,180,177,44,30,22,21
frame=1,0,0,0,25,39,10,26
frame=1,1,26,0,42,39,20,26
frame=1,2,423,177,42,29,20,21
frame=1,3,69,0,42,39,20,26
frame=1,4,112,0,25,39,13,26
frame=1,5,738,144,42,31,20,22
frame=1,6,902,208,42,24,20,21
frame=1,7,781,144,42,31,20,22
frame=2,0,199,110,27,33,18,21
frame=2,1,136,144,46,32,26,22
frame=2,2,131,208,44,27,21,22
frame=2,3,227,110,46,33,18,23
frame=2,4,274,110,27,33,7,21
frame=2,5,225,177,46,30,18,19
frame=2,6,0,236,44,23,21,16
frame=2,7,272,177,46,30,26,19
frame=3,0,888,40,27,34,17,21
frame=3,1,302,110,46,33,26,22
frame=3,2,176,208,44,27,21,22
frame=3,3,349,110,46,33,18,22
frame=3,4,916,40,27,34,8,21
frame=3,5,824,144,46,31,18,20
frame=3,6,45,236,44,23,21,16
frame=3,7,871,144,46,31,26,20
frame=4,0,944,40,25,34,14,21
frame=4,1,970,40,44,34,23,22
frame=4,2,221,208,44,27,21,20
frame=4,3,0,75,44,34,19,22
frame=4,4,45,75,25,34,9,21
frame=4,5,183,144,44,32,19,20
frame=4,6,857,208,44,25,21,18
frame=4,7,228,144,44,32,23,20
frame=5,0,396,110,25,33,12,20
frame=5,1,71,75,43,34,21,21
frame=5,2,266,208,42,27,20,19
frame=5,3,115,75,43,34,20,21
frame=5,4,422,110,25,33,11,20
frame=5,5,159,75,43,34,20,21
frame=5,6,309,208,42,27,20,19
frame=5,7,203,75,43,34,21,21

[cast]
frames=6
duration=540ms
type=play_once
hit=180ms
frame=0,0,861,40,26,34,12,21
frame=0,1,570,0,44,35,22,22
frame=0,2,86,208,44,27,21,19
frame=0,3,615,0,44,35,20,22
frame=0,4,660,0,26,35,12,22
frame=0,5,693,144,44,31,20,22
frame=0,6,945,208,44,23,21,20
frame=0,7,180,177,44,30,22,21
frame=1,0,0,0,25,39,10,26
frame=1,1,26,0,42,39,20,26
frame=1,2,423,177,42,29,20,21
frame=1,3,69,0,42,39,20,26
frame=1,4,112,0,25,39,13,26
frame=1,5,738,144,42,31,20,22
frame=1,6,902,208,42,24,20,21
frame=1,7,781,144,42,31,20,22
frame=2,0,199,110,27,33,18,21
frame=2,1,136,144,46,32,26,22
frame=2,2,131,208,44,27,21,22
frame=2,3,227,110,46,33,18,23
frame=2,4,274,110,27,33,7,21
frame=2,5,225,177,46,30,18,19
frame=2,6,0,236,44,23,21,16
frame=2,7,272,177,46,30,26,19
frame=3,0,888,40,27,34,17,21
frame=3,1,302,110,46,33,26,22
frame=3,2,176,208,44,27,21,22
frame=3,3,349,110,46,33,18,22
frame=3,4,916,40,27,34,8,21
frame=3,5,824,144,46,31,18,20
frame=3,6,45,236,44,23,21,16
frame=3,7,871,144,46,31,26,20
frame=4,0,944,40,25,34,14,21
frame=4,1,970,40,44,34,23,22
frame=4,2,221,208,44,27,21,20
frame=4,3,0,75,44,34,19,22
frame=4,4,45,75,25,34,9,21
frame=4,5,183,144,44,32,19,20
frame=4,6,857,208,44,25,21,18
frame=4,7,228,144,44,32,23,20
frame=5,0,396,110,25,33,12,20
frame=5,1,71,75,43,34,21,21
frame=5,2,266,208,42,27,20,19
frame=5,3,115,75,43,34,20,21
frame=5,4,422,110,25,33,11,20
frame=5,5,159,75,43,34,20,21
frame=5,6,309,208,42,27,20,19
frame=5,7,203,75,43,34,21,21

[shoot]
frames=6
duration=540ms
type=play_once
hit=180ms
frame=0,0,861,40,26,34,12,21
frame=0,1,570,0,44,35,22,22
frame=0,2,86,208,44,27,21,19
frame=0,3,615,0,44,35,20,22
frame=0,4,660,0,26,35,12,22
frame=0,5,693,144,44,31,20,22
frame=0,6,945,208,44,23,21,20
frame=0,7,180,177,44,30,22,21
frame=1,0,0,0,25,39,10,26
frame=1,1,26,0,42,39,20,26
frame=1,2,423,177,42,29,20,21
frame=1,3,69,0,42,39,20,26
frame=1,4,112,0,25,39,13,26
frame=1,5,738,144,42,31,20,22
frame=1,6,902,208,42,24,20,21
frame=1,7,781,144,42,31,20,22
frame=2,0,199,110,27,33,18,21
frame=2,1,136,144,46,32,26,22
frame=2,2,131,208,44,27,21,22
frame=2,3,227,110,46,33,18,23
frame=2,4,274,110,27,33,7,21
frame=2,5,225,177,46,30,18,19
frame=2,6,0,236,44,23,21,16
frame=2,7,272,177,46,30,26,19
frame=3,0,888,40,27,34,17,21
frame=3,1,302,110,46,33,26,22
frame=3,2,176,208,44,27,21,22
frame=3,3,349,110,46,33,18,22
frame=3,4,916,40,27,34,8,21
frame=3,5,824,144,46,31,18,20
frame=3,6,45,236,44,23,21,16
frame=3,7,871,144,46,31,26,20
frame=4,0,944,40,25,34,14,21
frame=4,1,970,40,44,34,23,22
frame=4,2,221,208,44,27,21,20
frame=4,3,0,75,44,34,19,22
frame=4,4,45,75,25,34,9,21
frame=4,5,183,144,44,32,19,20
frame=4,6,857,208,44,25,21,18
frame=4,7,228,144,44,32,23,20
frame=5,0,396,110,25,33,12,20
frame=5,1,71,75,43,34,21,21
frame=5,2,266,208,42,27,20,19
frame=5,3,115,75,43,34,20,21
frame=5,4,422,110,25,33,11,20
frame=5,5,159,75,43,34,20,21
frame=5,6,309,208,42,27,20,19
frame=5,7,203,75,43,34,21,21

[hit]
frames=2
duration=300ms
type=play_once
frame=0,0,448,110,25,33,12,20
frame=0,1,247,75,43,34,21,21
frame=0,2,352,208,42,27,20,19
frame=0,3,291,75,43,34,20,21
frame=0,4,474,110,25,33,11,20
frame=0,5,335,75,43,34,20,21
frame=0,6,395,208,42,27,20,19
frame=0,7,379,75,43,34,21,21
frame=1,0,500,110,25,33,12,20
frame=1,1,423,75,43,34,21,21
frame=1,2,438,208,42,27,20,19
frame=1,3,467,75,43,34,20,21
frame=1,4,526,110,25,33,11,20
frame=1,5,511,75,43,34,20,21
frame=1,6,481,208,42,27,20,19
frame=1,7,555,75,43,34,21,21

[block]
frames=2
duration=300ms
type=play_once
frame=0,0,448,110,25,33,12,20
frame=0,1,247,75,43,34,21,21
frame=0,2,352,208,42,27,20,19
frame=0,3,291,75,43,34,20,21
frame=0,4,474,110,25,33,11,20
frame=0,5,335,75,43,34,20,21
frame=0,6,395,208,42,27,20,19
frame=0,7,379,75,43,34,21,21
frame=1,0,500,110,25,33,12,20
frame=1,1,423,75,43,34,21,21
frame=1,2,438,208,42,27,20,19
frame=1,3,467,75,43,34,20,21
frame=1,4,526,110,25,33,11,20
frame=1,5,511,75,43,34,20,21
frame=1,6,481,208,42,27,20,19
frame=1,7,555,75,43,34,21,21

[die]
frames=6
duration=900ms
type=play_once
frame=0,0,448,110,25,33,12,20
frame=0,1,247,75,43,34,21,21
frame=0,2,352,208,42,27,20,19
frame=0,3,291,75,43,34,20,21
frame=0,4,474,110,25,33,11,20
frame=0,5,335,75,43,34,20,21
frame=0,6,395,208,42,27,20,19
frame=0,7,379,75,43,34,21,21
frame=1,0,552,110,25,33,12,25
frame=1,1,138,0,34,37,17,27
frame=1,2,599,75,31,34,17,26
frame=1,3,804,177,35,28,17,24
frame=1,4,524,208,25,27,11,24
frame=1,5,466,177,34,29,15,24
frame=1,6,631,75,31,34,12,26
frame=1,7,173,0,35,37,16,27
frame=2,0,501,177,25,29,12,21
frame=2,1,918,144,29,31,17,24
frame=2,2,527,177,25,29,18,27
frame=2,3,319,177,29,30,17,29
frame=2,4,777,208,25,26,11,28
frame=2,5,349,177,29,30,10,29
frame=2,6,553,177,25,29,5,27
frame=2,7,948,144,29,31,10,24
frame=3,0,90,236,25,21,12,10
frame=3,1,803,208,26,26,16,13
frame=3,2,379,177,21,30,17,17
frame=3,3,273,144,26,32,16,21
frame=3,4,978,144,25,31,11,22
frame=3,5,300,144,26,32,8,21
frame=3,6,401,177,21,30,2,17
frame=3,7,830,208,26,26,8,13
frame=4,0,238,236,25,17,12,4
frame=4,1,264,236,31,17,15,4
frame=4,2,206,236,31,18,15,4
frame=4,3,116,236,31,20,15,6
frame=4,4,148,236,25,20,11,6
frame=4,5,174,236,31,20,14,6
frame=4,6,328,236,31,15,14,3
frame=4,7,296,236,31,17,14,4
frame=5,0,238,236,25,17,12,4
frame=5,1,264,236,31,17,15,4
frame=5,2,206,236,31,18,15,4
frame=5,3,116,236,31,20,15,6
frame=5,4,148,236,25,20,11,6
frame=5,5,174,236,31,20,14,6
frame=5,6,328,236,31,15,14,3
frame=5,7,296,236,31,17,14,4
