image=custom_npc_cairnkeeper.png

[stance]
frames=4
duration=1600ms
type=back_forth
frame=0,0,231,146,34,68,22,62
frame=0,1,813,0,34,69,21,64
frame=0,2,848,0,29,69,14,65
frame=0,3,878,0,35,69,11,64
frame=0,4,266,146,34,68,10,62
frame=0,5,832,216,34,67,11,60
frame=0,6,925,285,29,65,13,59
frame=0,7,301,146,35,68,22,61
frame=1,0,337,146,34,68,22,62
frame=1,1,914,0,34,69,21,64
frame=1,2,949,0,29,69,14,65
frame=1,3,979,0,35,69,11,64
frame=1,4,372,146,34,68,10,62
frame=1,5,867,216,34,67,11,60
frame=1,6,955,285,29,65,13,59
frame=1,7,902,216,35,67,22,60
frame=2,0,0,76,34,69,22,63
frame=2,1,35,76,34,69,21,64
frame=2,2,70,76,29,69,14,65
frame=2,3,492,0,35,70,11,65
frame=2,4,407,146,34,68,10,63
frame=2,5,442,146,34,68,11,61
frame=2,6,573,285,29,66,13,60
frame=2,7,477,146,35,68,22,61
frame=3,0,513,146,34,68,22,62
frame=3,1,100,76,34,69,21,64
frame=3,2,135,76,29,69,14,65
frame=3,3,165,76,35,69,11,64
frame=3,4,548,146,34,68,10,62
frame=3,5,938,216,34,67,11,60
frame=3,6,985,285,29,65,13,59
frame=3,7,583,146,35,68,22,61

[run]
frames=8
duration=1000ms
type=looped
frame=0,0,201,76,34,69,22,63
frame=0,1,528,0,34,70,21,65
frame=0,2,563,0,29,70,14,66
frame=0,3,236,76,35,69,11,65
frame=0,4,619,146,34,68,10,63
frame=0,5,654,146,34,68,11,61
frame=0,6,603,285,29,66,13,60
frame=0,7,633,285,35,66,22,61
frame=1,0,973,216,34,67,22,62
frame=1,1,689,146,36,68,23,64
frame=1,2,229,0,29,71,14,65
frame=1,3,259,0,35,71,11,65
frame=1,4,272,76,34,69,10,63
frame=1,5,669,285,36,66,11,61
frame=1,6,0,285,29,67,13,60
frame=1,7,307,76,35,69,22,61
frame=2,0,30,285,36,67,22,62
frame=2,1,343,76,38,69,24,64
frame=2,2,99,0,29,72,14,65
frame=2,3,295,0,35,71,11,64
frame=2,4,726,146,36,68,12,62
frame=2,5,706,285,38,66,12,60
frame=2,6,763,146,29,68,13,59
frame=2,7,793,146,35,68,22,60
frame=3,0,745,285,37,66,22,62
frame=3,1,829,146,38,68,23,64
frame=3,2,331,0,29,71,14,65
frame=3,3,129,0,35,72,11,65
frame=3,4,382,76,37,69,13,63
frame=3,5,67,285,38,67,13,61
frame=3,6,868,146,29,68,13,60
frame=3,7,420,76,35,69,22,61
frame=4,0,456,76,34,69,22,63
frame=4,1,593,0,34,70,21,65
frame=4,2,628,0,29,70,14,66
frame=4,3,658,0,35,70,11,65
frame=4,4,491,76,34,69,10,63
frame=4,5,783,285,34,66,11,61
frame=4,6,818,285,29,66,13,60
frame=4,7,898,146,35,68,22,61
frame=5,0,934,146,34,68,22,62
frame=5,1,694,0,34,70,21,64
frame=5,2,361,0,29,71,14,65
frame=5,3,526,76,35,69,11,65
frame=5,4,969,146,34,68,10,63
frame=5,5,0,216,34,68,11,61
frame=5,6,106,285,29,67,13,60
frame=5,7,136,285,35,67,22,61
frame=6,0,35,216,36,68,22,62
frame=6,1,391,0,35,71,22,64
frame=6,2,165,0,29,72,14,65
frame=6,3,562,76,37,69,13,64
frame=6,4,172,285,36,67,12,62
frame=6,5,72,216,35,68,11,60
frame=6,6,108,216,29,68,13,59
frame=6,7,848,285,37,66,22,60
frame=7,0,138,216,37,68,22,62
frame=7,1,427,0,34,71,21,64
frame=7,2,462,0,29,71,14,65
frame=7,3,600,76,37,69,13,65
frame=7,4,209,285,37,67,13,63
frame=7,5,638,76,34,69,11,61
frame=7,6,176,216,29,68,13,60
frame=7,7,247,285,37,67,22,61

[hit]
frames=2
duration=300ms
type=play_once
frame=0,0,206,216,34,68,22,62
frame=0,1,673,76,34,69,21,64
frame=0,2,708,76,29,69,14,65
frame=0,3,738,76,35,69,11,64
frame=0,4,241,216,34,68,10,62
frame=0,5,285,285,34,67,11,60
frame=0,6,0,353,29,65,13,59
frame=0,7,276,216,35,68,22,61
frame=1,0,312,216,34,68,22,62
frame=1,1,774,76,34,69,21,64
frame=1,2,809,76,29,69,14,65
frame=1,3,839,76,35,69,11,64
frame=1,4,347,216,34,68,10,62
frame=1,5,320,285,34,67,11,60
frame=1,6,30,353,29,65,13,59
frame=1,7,382,216,35,68,22,61

[block]
frames=2
duration=300ms
type=play_once
frame=0,0,418,216,34,68,22,62
frame=0,1,875,76,34,69,21,64
frame=0,2,910,76,29,69,14,65
frame=0,3,940,76,35,69,11,64
frame=0,4,453,216,34,68,10,62
frame=0,5,355,285,34,67,11,60
frame=0,6,60,353,29,65,13,59
frame=0,7,488,216,35,68,22,61
frame=1,0,524,216,34,68,22,62
frame=1,1,976,76,34,69,21,64
frame=1,2,0,146,29,69,14,65
frame=1,3,30,146,35,69,11,64
frame=1,4,559,216,34,68,10,62
frame=1,5,390,285,34,67,11,60
frame=1,6,90,353,29,65,13,59
frame=1,7,594,216,35,68,22,61

[die]
frames=6
duration=1000ms
type=play_once
frame=0,0,630,216,34,68,22,62
frame=0,1,66,146,34,69,21,64
frame=0,2,101,146,29,69,14,65
frame=0,3,131,146,35,69,11,64
frame=0,4,665,216,34,68,10,62
frame=0,5,425,285,34,67,11,60
frame=0,6,120,353,29,65,13,59
frame=0,7,700,216,35,68,22,61
frame=1,0,736,216,30,68,18,63
frame=1,1,767,216,33,68,19,63
frame=1,2,460,285,29,67,14,63
frame=1,3,490,285,32,67,11,63
frame=1,4,801,216,30,68,10,63
frame=1,5,167,146,33,69,12,63
frame=1,6,201,146,29,69,13,63
frame=1,7,729,0,32,70,19,63
frame=2,0,150,353,38,65,9,61
frame=2,1,404,353,38,58,14,53
frame=2,2,314,353,29,61,14,55
frame=2,3,189,353,33,64,22,59
frame=2,4,886,285,38,66,27,62
frame=2,5,30,0,38,73,22,69
frame=2,6,0,0,29,75,13,72
frame=2,7,195,0,33,72,9,68
frame=3,0,533,353,60,53,4,48
frame=3,1,795,353,50,46,8,38
frame=3,2,846,353,29,44,14,36
frame=3,3,594,353,49,52,40,44
frame=3,4,253,353,60,62,54,57
frame=3,5,762,0,50,70,40,67
frame=3,6,69,0,29,73,13,71
frame=3,7,523,285,49,67,7,64
frame=4,0,90,419,74,38,1,30
frame=4,1,374,419,59,32,5,13
frame=4,2,0,419,29,40,14,11
frame=4,3,240,419,58,35,51,16
frame=4,4,876,353,74,44,71,36
frame=4,5,344,353,59,60,52,55
frame=4,6,223,353,29,63,13,60
frame=4,7,644,353,58,52,5,47
frame=5,0,299,419,74,33,1,24
frame=5,1,30,419,59,40,5,11
frame=5,2,703,353,29,48,14,10
frame=5,3,951,353,61,43,54,14
frame=5,4,165,419,74,37,71,28
frame=5,5,473,353,59,55,52,49
frame=5,6,443,353,29,58,13,54
frame=5,7,733,353,61,47,5,41
