image=custom_npc_glarewolf.png

[stance]
frames=4
duration=1000ms
type=back_forth
frame=0,0,750,732,85,45,43,39
frame=0,1,317,196,62,57,31,46
frame=0,2,122,71,21,61,9,49
frame=0,3,380,196,62,57,29,46
frame=0,4,351,825,85,44,40,38
frame=0,5,781,370,62,52,29,42
frame=0,6,22,313,21,55,10,44
frame=0,7,358,478,62,51,31,41
frame=1,0,836,732,84,45,42,38
frame=1,1,638,255,59,56,29,45
frame=1,2,144,71,21,61,9,48
frame=1,3,698,255,64,56,30,45
frame=1,4,437,825,84,44,40,37
frame=1,5,154,370,59,53,28,42
frame=1,6,763,255,21,56,10,44
frame=1,7,844,370,64,52,32,41
frame=2,0,921,732,86,45,44,39
frame=2,1,443,196,66,57,34,46
frame=2,2,166,71,21,61,10,49
frame=2,3,510,196,60,57,28,46
frame=2,4,0,779,86,45,40,39
frame=2,5,214,370,66,53,30,43
frame=2,6,413,313,21,54,9,44
frame=2,7,421,478,60,51,30,41
frame=3,0,87,779,85,45,43,39
frame=3,1,571,196,62,57,31,46
frame=3,2,188,71,21,61,9,49
frame=3,3,634,196,62,57,29,46
frame=3,4,522,825,85,44,40,38
frame=3,5,909,370,62,52,29,42
frame=3,6,44,313,21,55,10,44
frame=3,7,482,478,62,51,31,41

[run]
frames=8
duration=560ms
type=looped
frame=0,0,173,779,80,45,41,38
frame=0,1,281,370,59,53,30,45
frame=0,2,210,71,21,61,9,48
frame=0,3,785,255,58,56,26,45
frame=0,4,542,916,80,42,37,37
frame=0,5,919,531,59,50,27,42
frame=0,6,697,196,21,57,10,44
frame=0,7,0,425,58,52,30,41
frame=1,0,868,871,81,43,42,38
frame=1,1,59,425,60,52,31,45
frame=1,2,232,71,21,61,9,48
frame=1,3,66,313,61,55,28,45
frame=1,4,608,825,81,44,37,39
frame=1,5,341,370,60,53,27,44
frame=1,6,479,135,21,58,10,46
frame=1,7,0,583,61,50,31,43
frame=2,0,0,916,79,43,41,38
frame=2,1,435,313,61,54,30,45
frame=2,2,627,0,21,63,9,48
frame=2,3,719,196,60,57,28,45
frame=2,4,623,916,79,42,36,37
frame=2,5,497,313,61,54,29,42
frame=2,6,501,135,21,58,10,44
frame=2,7,62,583,60,50,30,41
frame=3,0,80,916,78,43,40,40
frame=3,1,559,313,60,54,29,47
frame=3,2,540,71,21,60,9,50
frame=3,3,620,313,58,54,27,47
frame=3,4,159,916,78,43,36,39
frame=3,5,679,313,60,54,29,43
frame=3,6,780,196,21,57,10,45
frame=3,7,123,583,58,50,29,42
frame=4,0,238,916,80,43,41,38
frame=4,1,844,255,59,56,30,45
frame=4,2,254,71,21,61,9,48
frame=4,3,402,370,58,53,26,45
frame=4,4,690,825,80,44,37,37
frame=4,5,461,370,59,53,27,42
frame=4,6,802,196,21,57,10,44
frame=4,7,0,634,58,49,30,41
frame=5,0,319,916,81,43,42,38
frame=5,1,128,313,61,55,31,45
frame=5,2,276,71,21,61,9,48
frame=5,3,120,425,60,52,27,45
frame=5,4,771,825,81,44,37,39
frame=5,5,545,478,61,51,28,44
frame=5,6,523,135,21,58,10,46
frame=5,7,181,425,60,52,31,43
frame=6,0,401,916,79,43,41,38
frame=6,1,824,196,60,57,30,45
frame=6,2,649,0,21,63,9,48
frame=6,3,740,313,61,54,29,45
frame=6,4,703,916,79,42,36,37
frame=6,5,607,478,60,51,28,42
frame=6,6,545,135,21,58,10,44
frame=6,7,521,370,61,53,30,41
frame=7,0,853,825,78,44,40,40
frame=7,1,802,313,58,54,29,47
frame=7,2,562,71,21,60,9,50
frame=7,3,861,313,60,54,29,47
frame=7,4,783,916,78,42,36,39
frame=7,5,668,478,58,51,27,43
frame=7,6,885,196,21,57,10,45
frame=7,7,583,370,60,53,29,42

[swing]
frames=6
duration=500ms
type=play_once
frame=0,0,254,779,85,45,43,40
frame=0,1,567,135,62,58,31,47
frame=0,2,298,71,21,61,9,49
frame=0,3,907,196,62,57,29,46
frame=0,4,932,825,85,44,40,39
frame=0,5,242,425,62,52,29,42
frame=0,6,922,313,21,54,10,44
frame=0,7,727,478,62,51,31,41
frame=1,0,483,684,83,46,49,41
frame=1,1,584,71,61,60,36,49
frame=1,2,132,0,21,65,9,53
frame=1,3,646,71,61,60,23,49
frame=1,4,567,684,83,46,32,41
frame=1,5,305,425,61,52,23,41
frame=1,6,904,255,21,56,10,43
frame=1,7,790,478,61,51,36,40
frame=2,0,651,684,80,46,53,42
frame=2,1,671,0,60,63,39,53
frame=2,2,66,0,21,68,9,57
frame=2,3,732,0,61,63,20,53
frame=2,4,0,684,80,47,25,42
frame=2,5,182,583,60,50,19,40
frame=2,6,190,313,21,55,10,41
frame=2,7,243,583,61,50,39,39
frame=3,0,81,684,79,47,54,43
frame=3,1,264,0,59,64,39,54
frame=3,2,0,0,21,70,9,59
frame=3,3,324,0,60,64,19,54
frame=3,4,383,634,79,48,23,43
frame=3,5,305,583,59,50,18,40
frame=3,6,212,313,21,55,10,41
frame=3,7,365,583,60,50,39,39
frame=4,0,732,684,83,46,49,41
frame=4,1,708,71,61,60,36,49
frame=4,2,154,0,21,65,9,53
frame=4,3,770,71,61,60,23,49
frame=4,4,816,684,83,46,32,41
frame=4,5,367,425,61,52,23,41
frame=4,6,926,255,21,56,10,43
frame=4,7,852,478,61,51,36,40
frame=5,0,340,779,85,45,43,40
frame=5,1,630,135,62,58,31,47
frame=5,2,320,71,21,61,9,49
frame=5,3,0,255,62,57,29,46
frame=5,4,0,871,85,44,40,39
frame=5,5,429,425,62,52,29,42
frame=5,6,944,313,21,54,10,44
frame=5,7,914,478,62,51,31,41

[cast]
frames=6
duration=500ms
type=play_once
frame=0,0,426,779,85,45,43,40
frame=0,1,693,135,62,58,31,47
frame=0,2,342,71,21,61,9,49
frame=0,3,63,255,62,57,29,46
frame=0,4,86,871,85,44,40,39
frame=0,5,492,425,62,52,29,42
frame=0,6,966,313,21,54,10,44
frame=0,7,0,531,62,51,31,41
frame=1,0,900,684,83,46,49,41
frame=1,1,832,71,61,60,36,49
frame=1,2,176,0,21,65,9,53
frame=1,3,894,71,61,60,23,49
frame=1,4,0,732,83,46,32,41
frame=1,5,555,425,61,52,23,41
frame=1,6,948,255,21,56,10,43
frame=1,7,63,531,61,51,36,40
frame=2,0,84,732,80,46,53,42
frame=2,1,794,0,60,63,39,53
frame=2,2,88,0,21,68,9,57
frame=2,3,855,0,61,63,20,53
frame=2,4,161,684,80,47,25,42
frame=2,5,426,583,60,50,19,40
frame=2,6,234,313,21,55,10,41
frame=2,7,487,583,61,50,39,39
frame=3,0,242,684,79,47,54,43
frame=3,1,385,0,59,64,39,54
frame=3,2,22,0,21,70,9,59
frame=3,3,445,0,60,64,19,54
frame=3,4,463,634,79,48,23,43
frame=3,5,549,583,59,50,18,40
frame=3,6,256,313,21,55,10,41
frame=3,7,609,583,60,50,39,39
frame=4,0,165,732,83,46,49,41
frame=4,1,956,71,61,60,36,49
frame=4,2,198,0,21,65,9,53
frame=4,3,0,135,61,60,23,49
frame=4,4,249,732,83,46,32,41
frame=4,5,617,425,61,52,23,41
frame=4,6,970,255,21,56,10,43
frame=4,7,125,531,61,51,36,40
frame=5,0,512,779,85,45,43,40
frame=5,1,756,135,62,58,31,47
frame=5,2,364,71,21,61,9,49
frame=5,3,126,255,62,57,29,46
frame=5,4,172,871,85,44,40,39
frame=5,5,679,425,62,52,29,42
frame=5,6,988,313,21,54,10,44
frame=5,7,187,531,62,51,31,41

[shoot]
frames=6
duration=500ms
type=play_once
frame=0,0,598,779,85,45,43,40
frame=0,1,819,135,62,58,31,47
frame=0,2,386,71,21,61,9,49
frame=0,3,189,255,62,57,29,46
frame=0,4,258,871,85,44,40,39
frame=0,5,742,425,62,52,29,42
frame=0,6,0,370,21,54,10,44
frame=0,7,250,531,62,51,31,41
frame=1,0,333,732,83,46,49,41
frame=1,1,62,135,61,60,36,49
frame=1,2,220,0,21,65,9,53
frame=1,3,124,135,61,60,23,49
frame=1,4,417,732,83,46,32,41
frame=1,5,805,425,61,52,23,41
frame=1,6,992,255,21,56,10,43
frame=1,7,313,531,61,51,36,40
frame=2,0,501,732,80,46,53,42
frame=2,1,917,0,60,63,39,53
frame=2,2,110,0,21,68,9,57
frame=2,3,0,71,61,63,20,53
frame=2,4,322,684,80,47,25,42
frame=2,5,670,583,60,50,19,40
frame=2,6,278,313,21,55,10,41
frame=2,7,731,583,61,50,39,39
frame=3,0,403,684,79,47,54,43
frame=3,1,506,0,59,64,39,54
frame=3,2,44,0,21,70,9,59
frame=3,3,566,0,60,64,19,54
frame=3,4,543,634,79,48,23,43
frame=3,5,793,583,59,50,18,40
frame=3,6,300,313,21,55,10,41
frame=3,7,853,583,60,50,39,39
frame=4,0,582,732,83,46,49,41
frame=4,1,186,135,61,60,36,49
frame=4,2,242,0,21,65,9,53
frame=4,3,248,135,61,60,23,49
frame=4,4,666,732,83,46,32,41
frame=4,5,867,425,61,52,23,41
frame=4,6,0,313,21,56,10,43
frame=4,7,375,531,61,51,36,40
frame=5,0,684,779,85,45,43,40
frame=5,1,882,135,62,58,31,47
frame=5,2,408,71,21,61,9,49
frame=5,3,252,255,62,57,29,46
frame=5,4,344,871,85,44,40,39
frame=5,5,929,425,62,52,29,42
frame=5,6,22,370,21,54,10,44
frame=5,7,437,531,62,51,31,41

[hit]
frames=2
duration=300ms
type=play_once
frame=0,0,770,779,87,45,45,40
frame=0,1,945,135,64,58,33,47
frame=0,2,430,71,21,61,9,49
frame=0,3,315,255,64,57,29,46
frame=0,4,430,871,87,44,40,39
frame=0,5,0,478,64,52,29,42
frame=0,6,44,370,21,54,10,44
frame=0,7,500,531,64,51,33,41
frame=1,0,858,779,87,45,45,40
frame=1,1,0,196,64,58,33,47
frame=1,2,452,71,21,61,9,49
frame=1,3,380,255,64,57,29,46
frame=1,4,518,871,87,44,40,39
frame=1,5,65,478,64,52,29,42
frame=1,6,66,370,21,54,10,44
frame=1,7,565,531,64,51,33,41

[block]
frames=2
duration=300ms
type=play_once
frame=0,0,0,825,87,45,45,40
frame=0,1,65,196,64,58,33,47
frame=0,2,474,71,21,61,9,49
frame=0,3,445,255,64,57,29,46
frame=0,4,606,871,87,44,40,39
frame=0,5,130,478,64,52,29,42
frame=0,6,88,370,21,54,10,44
frame=0,7,630,531,64,51,33,41
frame=1,0,88,825,87,45,45,40
frame=1,1,130,196,64,58,33,47
frame=1,2,496,71,21,61,9,49
frame=1,3,510,255,64,57,29,46
frame=1,4,694,871,87,44,40,39
frame=1,5,195,478,64,52,29,42
frame=1,6,110,370,21,54,10,44
frame=1,7,695,531,64,51,33,41

[die]
frames=6
duration=900ms
type=play_once
frame=0,0,176,825,85,45,43,40
frame=0,1,195,196,62,58,31,47
frame=0,2,518,71,21,61,9,49
frame=0,3,575,255,62,57,29,46
frame=0,4,782,871,85,44,40,39
frame=0,5,260,478,62,52,29,42
frame=0,6,132,370,21,54,10,44
frame=0,7,760,531,62,51,31,41
frame=1,0,862,916,87,41,45,39
frame=1,1,322,313,65,55,36,47
frame=1,2,62,71,24,62,15,53
frame=1,3,310,135,62,60,31,54
frame=1,4,623,634,87,48,40,48
frame=1,5,644,370,65,53,27,49
frame=1,6,388,313,24,55,7,48
frame=1,7,59,634,62,49,29,42
frame=2,0,820,960,87,30,46,30
frame=2,1,914,583,70,50,44,42
frame=2,2,87,71,34,62,27,53
frame=2,3,373,135,60,60,35,56
frame=2,4,711,634,87,48,39,53
frame=2,5,710,370,70,53,24,51
frame=2,6,323,478,34,52,5,46
frame=2,7,481,916,60,43,23,37
frame=3,0,908,960,88,21,47,18
frame=3,1,0,960,76,41,53,31
frame=3,2,434,135,44,59,39,47
frame=3,3,258,196,58,58,39,51
frame=3,4,262,825,88,45,39,48
frame=3,5,799,634,76,48,21,44
frame=3,6,122,634,44,49,3,40
frame=3,7,405,960,58,37,17,29
frame=4,0,642,960,88,32,47,11
frame=4,1,241,960,81,39,59,19
frame=4,2,167,634,47,49,45,32
frame=4,3,215,634,59,49,42,38
frame=4,4,464,960,88,34,39,33
frame=4,5,77,960,81,41,20,32
frame=4,6,823,531,47,51,0,31
frame=4,7,876,634,59,48,15,22
frame=5,0,731,960,88,32,47,11
frame=5,1,323,960,81,39,59,19
frame=5,2,275,634,47,49,45,32
frame=5,3,323,634,59,49,42,38
frame=5,4,553,960,88,34,39,33
frame=5,5,159,960,81,41,20,32
frame=5,6,871,531,47,51,0,31
frame=5,7,936,634,59,48,15,22
