image=custom_npc_goblin_charger_smear.png

[stance]
frames=1
duration=100ms
type=play_once
frame=0,0,337,97,1,1,56,80
frame=0,1,337,97,1,1,56,80
frame=0,2,337,97,1,1,56,80
frame=0,3,337,97,1,1,56,80
frame=0,4,337,97,1,1,56,80
frame=0,5,337,97,1,1,56,80
frame=0,6,337,97,1,1,56,80
frame=0,7,337,97,1,1,56,80

[swing]
frames=8
duration=640ms
type=play_once
frame=0,0,337,97,1,1,56,80
frame=0,1,337,97,1,1,56,80
frame=0,2,337,97,1,1,56,80
frame=0,3,337,97,1,1,56,80
frame=0,4,337,97,1,1,56,80
frame=0,5,337,97,1,1,56,80
frame=0,6,337,97,1,1,56,80
frame=0,7,337,97,1,1,56,80
frame=1,0,337,97,1,1,56,80
frame=1,1,337,97,1,1,56,80
frame=1,2,337,97,1,1,56,80
frame=1,3,337,97,1,1,56,80
frame=1,4,337,97,1,1,56,80
frame=1,5,337,97,1,1,56,80
frame=1,6,337,97,1,1,56,80
frame=1,7,337,97,1,1,56,80
frame=2,0,153,64,64,21,32,21
frame=2,1,369,64,48,16,35,22
frame=2,2,340,64,28,17,35,28
frame=2,3,418,64,57,15,34,35
frame=2,4,27,64,64,30,30,40
frame=2,5,220,0,49,46,12,44
frame=2,6,165,0,39,50,2,43
frame=2,7,420,0,57,39,21,34
frame=3,0,218,64,44,21,30,31
frame=3,1,295,97,41,4,18,26
frame=3,2,119,97,17,12,-10,25
frame=3,3,476,64,26,15,-5,21
frame=3,4,32,97,45,13,12,13
frame=3,5,108,64,44,23,21,18
frame=3,6,478,0,24,34,25,28
frame=3,7,0,64,26,32,29,32
frame=4,0,337,97,1,1,56,80
frame=4,1,337,97,1,1,56,80
frame=4,2,337,97,1,1,56,80
frame=4,3,337,97,1,1,56,80
frame=4,4,337,97,1,1,56,80
frame=4,5,337,97,1,1,56,80
frame=4,6,337,97,1,1,56,80
frame=4,7,337,97,1,1,56,80
frame=5,0,337,97,1,1,56,80
frame=5,1,337,97,1,1,56,80
frame=5,2,337,97,1,1,56,80
frame=5,3,337,97,1,1,56,80
frame=5,4,337,97,1,1,56,80
frame=5,5,337,97,1,1,56,80
frame=5,6,337,97,1,1,56,80
frame=5,7,337,97,1,1,56,80
frame=6,0,337,97,1,1,56,80
frame=6,1,337,97,1,1,56,80
frame=6,2,337,97,1,1,56,80
frame=6,3,337,97,1,1,56,80
frame=6,4,337,97,1,1,56,80
frame=6,5,337,97,1,1,56,80
frame=6,6,337,97,1,1,56,80
frame=6,7,337,97,1,1,56,80
frame=7,0,337,97,1,1,56,80
frame=7,1,337,97,1,1,56,80
frame=7,2,337,97,1,1,56,80
frame=7,3,337,97,1,1,56,80
frame=7,4,337,97,1,1,56,80
frame=7,5,337,97,1,1,56,80
frame=7,6,337,97,1,1,56,80
frame=7,7,337,97,1,1,56,80

[swing2]
frames=8
duration=680ms
type=play_once
frame=0,0,337,97,1,1,56,80
frame=0,1,337,97,1,1,56,80
frame=0,2,337,97,1,1,56,80
frame=0,3,337,97,1,1,56,80
frame=0,4,337,97,1,1,56,80
frame=0,5,337,97,1,1,56,80
frame=0,6,337,97,1,1,56,80
frame=0,7,337,97,1,1,56,80
frame=1,0,337,97,1,1,56,80
frame=1,1,337,97,1,1,56,80
frame=1,2,337,97,1,1,56,80
frame=1,3,337,97,1,1,56,80
frame=1,4,337,97,1,1,56,80
frame=1,5,337,97,1,1,56,80
frame=1,6,337,97,1,1,56,80
frame=1,7,337,97,1,1,56,80
frame=2,0,104,0,60,53,36,45
frame=2,1,367,0,52,42,35,49
frame=2,2,205,0,14,47,13,56
frame=2,3,331,0,35,45,17,57
frame=2,4,270,0,60,46,22,54
frame=2,5,51,0,52,57,15,53
frame=2,6,0,0,14,63,-1,51
frame=2,7,15,0,35,61,16,48
frame=3,0,199,97,18,9,20,-3
frame=3,1,173,97,11,10,22,2
frame=3,2,230,97,2,7,12,9
frame=3,3,218,97,11,9,4,11
frame=3,4,233,97,16,6,-5,6
frame=3,5,185,97,13,10,-12,4
frame=3,6,250,97,3,6,-11,-7
frame=3,7,137,97,13,11,6,-4
frame=4,0,337,97,1,1,56,80
frame=4,1,337,97,1,1,56,80
frame=4,2,337,97,1,1,56,80
frame=4,3,337,97,1,1,56,80
frame=4,4,337,97,1,1,56,80
frame=4,5,337,97,1,1,56,80
frame=4,6,337,97,1,1,56,80
frame=4,7,337,97,1,1,56,80
frame=5,0,337,97,1,1,56,80
frame=5,1,337,97,1,1,56,80
frame=5,2,337,97,1,1,56,80
frame=5,3,337,97,1,1,56,80
frame=5,4,337,97,1,1,56,80
frame=5,5,337,97,1,1,56,80
frame=5,6,337,97,1,1,56,80
frame=5,7,337,97,1,1,56,80
frame=6,0,337,97,1,1,56,80
frame=6,1,337,97,1,1,56,80
frame=6,2,337,97,1,1,56,80
frame=6,3,337,97,1,1,56,80
frame=6,4,337,97,1,1,56,80
frame=6,5,337,97,1,1,56,80
frame=6,6,337,97,1,1,56,80
frame=6,7,337,97,1,1,56,80
frame=7,0,337,97,1,1,56,80
frame=7,1,337,97,1,1,56,80
frame=7,2,337,97,1,1,56,80
frame=7,3,337,97,1,1,56,80
frame=7,4,337,97,1,1,56,80
frame=7,5,337,97,1,1,56,80
frame=7,6,337,97,1,1,56,80
frame=7,7,337,97,1,1,56,80

[swing3]
frames=8
duration=600ms
type=play_once
frame=0,0,337,97,1,1,56,80
frame=0,1,337,97,1,1,56,80
frame=0,2,337,97,1,1,56,80
frame=0,3,337,97,1,1,56,80
frame=0,4,337,97,1,1,56,80
frame=0,5,337,97,1,1,56,80
frame=0,6,337,97,1,1,56,80
frame=0,7,337,97,1,1,56,80
frame=1,0,337,97,1,1,56,80
frame=1,1,337,97,1,1,56,80
frame=1,2,337,97,1,1,56,80
frame=1,3,337,97,1,1,56,80
frame=1,4,337,97,1,1,56,80
frame=1,5,337,97,1,1,56,80
frame=1,6,337,97,1,1,56,80
frame=1,7,337,97,1,1,56,80
frame=2,0,263,64,29,20,36,22
frame=2,1,92,64,15,25,29,34
frame=2,2,309,64,30,18,20,36
frame=2,3,254,97,40,6,6,29
frame=2,4,151,97,21,11,-17,24
frame=2,5,293,64,15,19,-16,19
frame=2,6,0,97,31,14,9,11
frame=2,7,78,97,40,13,32,11
frame=3,0,337,97,1,1,56,80
frame=3,1,337,97,1,1,56,80
frame=3,2,337,97,1,1,56,80
frame=3,3,337,97,1,1,56,80
frame=3,4,337,97,1,1,56,80
frame=3,5,337,97,1,1,56,80
frame=3,6,337,97,1,1,56,80
frame=3,7,337,97,1,1,56,80
frame=4,0,337,97,1,1,56,80
frame=4,1,337,97,1,1,56,80
frame=4,2,337,97,1,1,56,80
frame=4,3,337,97,1,1,56,80
frame=4,4,337,97,1,1,56,80
frame=4,5,337,97,1,1,56,80
frame=4,6,337,97,1,1,56,80
frame=4,7,337,97,1,1,56,80
frame=5,0,337,97,1,1,56,80
frame=5,1,337,97,1,1,56,80
frame=5,2,337,97,1,1,56,80
frame=5,3,337,97,1,1,56,80
frame=5,4,337,97,1,1,56,80
frame=5,5,337,97,1,1,56,80
frame=5,6,337,97,1,1,56,80
frame=5,7,337,97,1,1,56,80
frame=6,0,337,97,1,1,56,80
frame=6,1,337,97,1,1,56,80
frame=6,2,337,97,1,1,56,80
frame=6,3,337,97,1,1,56,80
frame=6,4,337,97,1,1,56,80
frame=6,5,337,97,1,1,56,80
frame=6,6,337,97,1,1,56,80
frame=6,7,337,97,1,1,56,80
frame=7,0,337,97,1,1,56,80
frame=7,1,337,97,1,1,56,80
frame=7,2,337,97,1,1,56,80
frame=7,3,337,97,1,1,56,80
frame=7,4,337,97,1,1,56,80
frame=7,5,337,97,1,1,56,80
frame=7,6,337,97,1,1,56,80
frame=7,7,337,97,1,1,56,80
