image=custom_npc_goblin.png

[stance]
frames=4
duration=800ms
type=back_forth
frame=0,0,146,0,15,45,10,39
frame=0,1,920,47,19,44,12,39
frame=0,2,977,138,20,42,9,38
frame=0,3,940,47,16,44,5,39
frame=0,4,162,0,15,45,3,39
frame=0,5,957,47,19,44,5,37
frame=0,6,400,226,20,40,9,34
frame=0,7,977,47,16,44,9,37
frame=1,0,178,0,15,45,10,39
frame=1,1,994,47,19,44,12,39
frame=1,2,998,138,20,42,9,38
frame=1,3,0,93,16,44,5,39
frame=1,4,194,0,15,45,3,39
frame=1,5,17,93,19,44,5,37
frame=1,6,421,226,20,40,9,34
frame=1,7,37,93,16,44,9,37
frame=2,0,210,0,15,45,10,40
frame=2,1,54,93,19,44,12,40
frame=2,2,593,183,20,41,9,38
frame=2,3,74,93,16,44,5,40
frame=2,4,226,0,15,45,3,40
frame=2,5,242,0,19,45,5,38
frame=2,6,614,183,20,41,9,35
frame=2,7,262,0,16,45,9,38
frame=3,0,279,0,15,45,10,39
frame=3,1,91,93,19,44,12,39
frame=3,2,0,183,20,42,9,38
frame=3,3,111,93,16,44,5,39
frame=3,4,0,0,15,46,3,40
frame=3,5,128,93,19,44,5,37
frame=3,6,442,226,20,40,9,34
frame=3,7,148,93,16,44,9,37

[run]
frames=8
duration=640ms
type=looped
frame=0,0,263,138,23,43,10,40
frame=0,1,287,138,22,43,12,39
frame=0,2,21,183,20,42,9,37
frame=0,3,165,93,21,44,10,39
frame=0,4,295,0,23,45,11,40
frame=0,5,42,183,22,42,8,39
frame=0,6,692,226,20,38,9,36
frame=0,7,635,183,21,41,9,39
frame=1,0,187,93,28,44,11,40
frame=1,1,65,183,28,42,13,38
frame=1,2,310,138,20,43,9,37
frame=1,3,216,93,19,44,10,38
frame=1,4,94,183,28,42,15,40
frame=1,5,657,183,28,41,13,39
frame=1,6,612,226,20,39,9,36
frame=1,7,331,138,19,43,7,39
frame=2,0,123,183,31,42,12,39
frame=2,1,686,183,30,41,13,38
frame=2,2,155,183,20,42,9,36
frame=2,3,351,138,20,43,11,38
frame=2,4,463,226,31,40,17,39
frame=2,5,372,138,30,43,15,38
frame=2,6,403,138,20,43,9,36
frame=2,7,319,0,20,45,7,38
frame=3,0,236,93,29,44,11,40
frame=3,1,495,226,29,40,13,38
frame=3,2,717,183,20,41,9,37
frame=3,3,738,183,19,41,10,38
frame=3,4,176,183,29,42,16,40
frame=3,5,266,93,29,44,14,39
frame=3,6,206,183,20,42,9,36
frame=3,7,340,0,19,45,7,39
frame=4,0,360,0,23,45,10,40
frame=4,1,296,93,24,44,12,39
frame=4,2,227,183,20,42,9,37
frame=4,3,424,138,19,43,8,39
frame=4,4,444,138,23,43,11,40
frame=4,5,758,183,24,41,10,39
frame=4,6,713,226,20,38,9,36
frame=4,7,248,183,19,42,9,39
frame=5,0,268,183,26,42,9,40
frame=5,1,321,93,23,44,11,38
frame=5,2,468,138,20,43,9,37
frame=5,3,295,183,26,42,13,38
frame=5,4,345,93,26,44,15,40
frame=5,5,489,138,23,43,10,39
frame=5,6,633,226,20,39,9,36
frame=5,7,783,183,26,41,11,39
frame=6,0,525,226,30,40,11,39
frame=6,1,513,138,24,43,11,38
frame=6,2,322,183,20,42,9,36
frame=6,3,810,183,29,41,15,38
frame=6,4,343,183,30,42,17,39
frame=6,5,384,0,24,45,11,38
frame=6,6,538,138,20,43,9,36
frame=6,7,559,138,29,43,12,38
frame=7,0,374,183,27,42,9,40
frame=7,1,840,183,23,41,11,38
frame=7,2,864,183,20,41,9,37
frame=7,3,556,226,27,40,14,38
frame=7,4,372,93,27,44,16,40
frame=7,5,409,0,23,45,10,39
frame=7,6,402,183,20,42,9,36
frame=7,7,400,93,27,44,11,39

[swing]
frames=6
duration=600ms
type=play_once
frame=0,0,433,0,21,45,13,39
frame=0,1,455,0,21,45,12,39
frame=0,2,423,183,20,42,9,37
frame=0,3,589,138,20,43,7,39
frame=0,4,428,93,21,44,6,40
frame=0,5,477,0,21,45,7,38
frame=0,6,610,138,20,43,9,36
frame=0,7,450,93,20,44,11,38
frame=1,0,499,0,22,45,15,39
frame=1,1,471,93,24,44,14,38
frame=1,2,631,138,20,43,9,38
frame=1,3,652,138,20,43,6,39
frame=1,4,673,138,22,43,5,39
frame=1,5,522,0,24,45,8,38
frame=1,6,496,93,20,44,9,36
frame=1,7,547,0,20,45,12,39
frame=2,0,568,0,21,45,14,39
frame=2,1,517,93,23,44,13,38
frame=2,2,590,0,20,45,9,40
frame=2,3,696,138,20,43,6,39
frame=2,4,717,138,21,43,5,39
frame=2,5,541,93,23,44,8,37
frame=2,6,611,0,20,45,9,37
frame=2,7,632,0,20,45,12,39
frame=3,0,653,0,20,45,13,39
frame=3,1,674,0,20,45,13,39
frame=3,2,444,183,21,42,10,37
frame=3,3,466,183,21,42,7,38
frame=3,4,565,93,20,44,5,40
frame=3,5,16,0,20,46,5,39
frame=3,6,586,93,21,44,9,36
frame=3,7,608,93,21,44,12,38
frame=4,0,695,0,21,45,13,39
frame=4,1,717,0,18,45,11,39
frame=4,2,739,138,20,43,10,38
frame=4,3,885,183,22,41,8,37
frame=4,4,760,138,21,43,6,39
frame=4,5,37,0,18,46,5,39
frame=4,6,736,0,20,45,8,37
frame=4,7,782,138,22,43,12,37
frame=5,0,757,0,21,45,13,39
frame=5,1,779,0,21,45,12,39
frame=5,2,488,183,20,42,9,37
frame=5,3,805,138,20,43,7,39
frame=5,4,630,93,21,44,6,40
frame=5,5,801,0,21,45,7,38
frame=5,6,826,138,20,43,9,36
frame=5,7,652,93,20,44,11,38

[hit]
frames=2
duration=300ms
type=play_once
frame=0,0,823,0,15,45,10,40
frame=0,1,673,93,20,44,12,40
frame=0,2,908,183,20,41,9,38
frame=0,3,694,93,16,44,5,40
frame=0,4,839,0,15,45,3,40
frame=0,5,855,0,20,45,6,38
frame=0,6,929,183,20,41,9,35
frame=0,7,876,0,16,45,9,38
frame=1,0,893,0,15,45,10,40
frame=1,1,711,93,20,44,12,40
frame=1,2,950,183,20,41,9,38
frame=1,3,732,93,16,44,5,40
frame=1,4,909,0,15,45,3,40
frame=1,5,925,0,20,45,6,38
frame=1,6,971,183,20,41,9,35
frame=1,7,946,0,16,45,9,38

[block]
frames=2
duration=300ms
type=play_once
frame=0,0,963,0,14,45,9,40
frame=0,1,749,93,19,44,10,40
frame=0,2,992,183,20,41,9,38
frame=0,3,769,93,17,44,6,40
frame=0,4,978,0,14,45,3,40
frame=0,5,993,0,19,45,7,38
frame=0,6,0,226,20,41,9,35
frame=0,7,0,47,17,45,9,38
frame=1,0,18,47,18,45,12,39
frame=1,1,847,138,23,43,14,38
frame=1,2,21,226,20,41,9,37
frame=1,3,871,138,21,43,7,38
frame=1,4,37,47,18,45,4,39
frame=1,5,56,47,23,45,7,38
frame=1,6,42,226,20,41,9,35
frame=1,7,80,47,21,45,12,38

[cast]
frames=4
duration=600ms
type=play_once
frame=0,0,102,47,20,45,15,40
frame=0,1,787,93,23,44,16,40
frame=0,2,63,226,20,41,9,38
frame=0,3,811,93,23,44,5,40
frame=0,4,123,47,20,45,3,40
frame=0,5,144,47,23,45,5,38
frame=0,6,84,226,20,41,9,35
frame=0,7,168,47,23,45,16,38
frame=1,0,192,47,19,45,14,40
frame=1,1,835,93,24,44,15,40
frame=1,2,893,138,20,43,9,40
frame=1,3,860,93,24,44,7,40
frame=1,4,212,47,19,45,3,40
frame=1,5,232,47,24,45,7,39
frame=1,6,509,183,20,42,9,36
frame=1,7,257,47,24,45,15,39
frame=2,0,282,47,19,45,14,40
frame=2,1,885,93,24,44,15,40
frame=2,2,914,138,20,43,9,40
frame=2,3,910,93,24,44,7,40
frame=2,4,302,47,19,45,3,40
frame=2,5,322,47,24,45,7,39
frame=2,6,530,183,20,42,9,36
frame=2,7,347,47,24,45,15,39
frame=3,0,372,47,20,45,15,40
frame=3,1,935,93,23,44,16,40
frame=3,2,105,226,20,41,9,38
frame=3,3,959,93,23,44,5,40
frame=3,4,393,47,20,45,3,40
frame=3,5,414,47,23,45,5,38
frame=3,6,126,226,20,41,9,35
frame=3,7,438,47,23,45,16,38

[shoot]
frames=4
duration=600ms
type=play_once
frame=0,0,462,47,20,45,15,40
frame=0,1,983,93,23,44,16,40
frame=0,2,147,226,20,41,9,38
frame=0,3,0,138,23,44,5,40
frame=0,4,483,47,20,45,3,40
frame=0,5,504,47,23,45,5,38
frame=0,6,168,226,20,41,9,35
frame=0,7,528,47,23,45,16,38
frame=1,0,552,47,19,45,14,40
frame=1,1,24,138,24,44,15,40
frame=1,2,935,138,20,43,9,40
frame=1,3,49,138,24,44,7,40
frame=1,4,572,47,19,45,3,40
frame=1,5,592,47,24,45,7,39
frame=1,6,551,183,20,42,9,36
frame=1,7,617,47,24,45,15,39
frame=2,0,642,47,19,45,14,40
frame=2,1,74,138,24,44,15,40
frame=2,2,956,138,20,43,9,40
frame=2,3,99,138,24,44,7,40
frame=2,4,662,47,19,45,3,40
frame=2,5,682,47,24,45,7,39
frame=2,6,572,183,20,42,9,36
frame=2,7,707,47,24,45,15,39
frame=3,0,732,47,20,45,15,40
frame=3,1,124,138,23,44,16,40
frame=3,2,189,226,20,41,9,38
frame=3,3,148,138,23,44,5,40
frame=3,4,753,47,20,45,3,40
frame=3,5,774,47,23,45,5,38
frame=3,6,210,226,20,41,9,35
frame=3,7,798,47,23,45,16,38

[die]
frames=6
duration=900ms
type=play_once
frame=0,0,822,47,14,45,9,40
frame=0,1,172,138,19,44,11,40
frame=0,2,231,226,20,41,9,38
frame=0,3,192,138,17,44,6,40
frame=0,4,837,47,14,45,3,40
frame=0,5,852,47,19,45,6,38
frame=0,6,252,226,20,41,9,35
frame=0,7,872,47,17,45,9,38
frame=1,0,210,138,15,44,5,40
frame=1,1,273,226,19,41,7,37
frame=1,2,734,226,20,38,9,35
frame=1,3,293,226,19,41,11,37
frame=1,4,226,138,15,44,8,40
frame=1,5,56,0,19,46,10,41
frame=1,6,242,138,20,44,9,39
frame=1,7,76,0,19,46,6,41
frame=2,0,584,226,27,40,4,37
frame=2,1,785,226,28,32,6,29
frame=2,2,898,226,20,29,9,26
frame=2,3,755,226,29,33,21,29
frame=2,4,313,226,27,41,21,37
frame=2,5,96,0,28,46,20,43
frame=2,6,125,0,20,46,9,43
frame=2,7,890,47,29,45,6,42
frame=3,0,856,226,41,30,3,26
frame=3,1,378,268,37,18,4,14
frame=3,2,510,268,20,16,9,11
frame=3,3,340,268,37,20,31,15
frame=3,4,814,226,41,31,36,26
frame=3,5,341,226,37,41,31,37
frame=3,6,379,226,20,41,9,39
frame=3,7,654,226,37,39,4,37
frame=4,0,531,268,46,15,0,8
frame=4,1,84,268,41,25,2,5
frame=4,2,963,226,21,28,10,4
frame=4,3,126,268,42,25,37,5
frame=4,4,416,268,46,18,44,11
frame=4,5,0,268,41,26,37,21
frame=4,6,919,226,21,29,9,26
frame=4,7,254,268,42,23,3,20
frame=5,0,578,268,46,15,0,8
frame=5,1,169,268,41,25,2,5
frame=5,2,985,226,21,28,10,4
frame=5,3,211,268,42,25,37,5
frame=5,4,463,268,46,18,44,11
frame=5,5,42,268,41,26,37,21
frame=5,6,941,226,21,29,9,26
frame=5,7,297,268,42,23,3,20
