image=custom_npc_goblin_charger.png

[stance]
frames=4
duration=800ms
type=back_forth
frame=0,0,773,52,15,45,10,39
frame=0,1,844,145,19,44,12,39
frame=0,2,942,0,20,46,9,42
frame=0,3,196,0,16,48,5,43
frame=0,4,526,0,15,47,3,41
frame=0,5,789,52,19,45,5,38
frame=0,6,949,236,20,40,9,34
frame=0,7,864,145,16,44,9,37
frame=1,0,809,52,15,45,10,39
frame=1,1,881,145,19,44,12,39
frame=1,2,963,0,20,46,9,42
frame=1,3,213,0,16,48,5,43
frame=1,4,542,0,15,47,3,41
frame=1,5,901,145,19,44,5,37
frame=1,6,970,236,20,40,9,34
frame=1,7,921,145,16,44,9,37
frame=2,0,825,52,15,45,10,40
frame=2,1,938,145,19,44,12,40
frame=2,2,841,52,20,45,9,42
frame=2,3,230,0,16,48,5,44
frame=2,4,558,0,15,47,3,42
frame=2,5,862,52,19,45,5,38
frame=2,6,634,236,20,41,9,35
frame=2,7,882,52,16,45,9,38
frame=3,0,899,52,15,45,10,39
frame=3,1,958,145,19,44,12,39
frame=3,2,984,0,20,46,9,42
frame=3,3,247,0,16,48,5,43
frame=3,4,574,0,15,47,3,41
frame=3,5,915,52,19,45,5,38
frame=3,6,991,236,20,40,9,34
frame=3,7,978,145,16,44,9,37

[run]
frames=8
duration=640ms
type=looped
frame=0,0,864,191,24,43,11,40
frame=0,1,889,191,23,43,13,39
frame=0,2,0,52,20,46,9,41
frame=0,3,264,0,21,48,10,43
frame=0,4,286,0,24,48,11,43
frame=0,5,913,191,23,43,8,40
frame=0,6,90,280,20,39,9,37
frame=0,7,655,236,21,41,9,39
frame=1,0,0,191,31,44,14,40
frame=1,1,374,236,29,42,14,38
frame=1,2,21,52,20,46,9,40
frame=1,3,311,0,19,48,10,42
frame=1,4,935,52,31,45,15,43
frame=1,5,937,191,29,43,13,41
frame=1,6,404,236,20,42,9,39
frame=1,7,967,191,19,43,7,39
frame=2,0,425,236,34,42,15,39
frame=2,1,677,236,32,41,15,38
frame=2,2,967,52,20,45,9,39
frame=2,3,42,52,20,46,11,41
frame=2,4,987,191,34,43,17,42
frame=2,5,63,52,32,46,15,41
frame=2,6,96,52,20,46,9,39
frame=2,7,988,52,20,45,7,38
frame=3,0,32,191,32,44,14,40
frame=3,1,0,280,30,40,14,38
frame=3,2,65,191,20,44,9,40
frame=3,3,0,99,19,45,10,42
frame=3,4,20,99,32,45,16,43
frame=3,5,117,52,30,46,14,41
frame=3,6,53,99,20,45,9,39
frame=3,7,74,99,19,45,7,39
frame=4,0,94,99,24,45,11,40
frame=4,1,86,191,25,44,13,39
frame=4,2,148,52,20,46,9,41
frame=4,3,590,0,19,47,8,43
frame=4,4,169,52,24,46,11,43
frame=4,5,460,236,25,42,10,40
frame=4,6,111,280,20,39,9,37
frame=4,7,486,236,19,42,9,39
frame=5,0,506,236,26,42,9,40
frame=5,1,119,99,23,45,11,39
frame=5,2,331,0,20,48,9,42
frame=5,3,610,0,26,47,13,43
frame=5,4,194,52,26,46,15,42
frame=5,5,0,236,23,43,10,39
frame=5,6,132,280,20,39,9,36
frame=5,7,710,236,26,41,11,39
frame=6,0,31,280,30,40,11,39
frame=6,1,24,236,24,43,11,38
frame=6,2,637,0,20,47,9,41
frame=6,3,143,99,29,45,15,42
frame=6,4,112,191,30,44,17,41
frame=6,5,173,99,24,45,11,38
frame=6,6,49,236,20,43,9,36
frame=6,7,70,236,29,43,12,38
frame=7,0,533,236,27,42,9,40
frame=7,1,561,236,23,42,11,39
frame=7,2,221,52,20,46,9,42
frame=7,3,198,99,27,45,14,43
frame=7,4,242,52,27,46,16,42
frame=7,5,226,99,23,45,10,39
frame=7,6,585,236,20,42,9,36
frame=7,7,143,191,27,44,11,39

[swing]
frames=6
duration=600ms
type=play_once
frame=0,0,250,99,21,45,13,39
frame=0,1,270,52,21,46,12,40
frame=0,2,352,0,20,48,9,43
frame=0,3,373,0,20,48,7,44
frame=0,4,658,0,21,47,6,43
frame=0,5,292,52,21,46,7,39
frame=0,6,100,236,20,43,9,36
frame=0,7,171,191,20,44,11,38
frame=1,0,272,99,26,45,19,39
frame=1,1,192,191,26,44,16,38
frame=1,2,299,99,20,45,9,40
frame=1,3,680,0,22,47,7,43
frame=1,4,96,0,26,49,5,45
frame=1,5,0,0,26,51,8,44
frame=1,6,53,0,20,50,9,42
frame=1,7,320,99,22,45,13,39
frame=2,0,343,99,28,45,20,39
frame=2,1,219,191,25,44,15,38
frame=2,2,372,99,21,45,10,40
frame=2,3,394,99,27,45,11,41
frame=2,4,394,0,28,48,6,44
frame=2,5,27,0,25,51,8,44
frame=2,6,74,0,21,50,9,42
frame=2,7,422,99,27,45,14,39
frame=3,0,450,99,20,45,13,39
frame=3,1,314,52,21,46,14,40
frame=3,2,123,0,21,49,10,44
frame=3,3,145,0,21,49,7,45
frame=3,4,703,0,20,47,5,43
frame=3,5,336,52,21,46,5,39
frame=3,6,245,191,21,44,9,36
frame=3,7,267,191,21,44,12,38
frame=4,0,471,99,23,45,14,39
frame=4,1,495,99,26,45,19,39
frame=4,2,121,236,24,43,14,38
frame=4,3,289,191,22,44,8,40
frame=4,4,146,236,23,43,7,39
frame=4,5,358,52,26,46,5,39
frame=4,6,522,99,24,45,8,37
frame=4,7,170,236,22,43,12,37
frame=5,0,547,99,21,45,13,39
frame=5,1,385,52,21,46,12,40
frame=5,2,423,0,20,48,9,43
frame=5,3,444,0,20,48,7,44
frame=5,4,724,0,21,47,6,43
frame=5,5,407,52,21,46,7,39
frame=5,6,193,236,20,43,9,36
frame=5,7,312,191,20,44,11,38

[hit]
frames=2
duration=300ms
type=play_once
frame=0,0,569,99,15,45,10,40
frame=0,1,333,191,20,44,12,40
frame=0,2,585,99,20,45,9,42
frame=0,3,465,0,16,48,5,44
frame=0,4,746,0,15,47,3,42
frame=0,5,606,99,20,45,6,38
frame=0,6,737,236,20,41,9,35
frame=0,7,627,99,16,45,9,38
frame=1,0,644,99,15,45,10,40
frame=1,1,354,191,20,44,12,40
frame=1,2,660,99,20,45,9,42
frame=1,3,482,0,16,48,5,44
frame=1,4,762,0,15,47,3,42
frame=1,5,681,99,20,45,6,38
frame=1,6,758,236,20,41,9,35
frame=1,7,702,99,16,45,9,38

[block]
frames=2
duration=300ms
type=play_once
frame=0,0,719,99,14,45,9,40
frame=0,1,375,191,21,44,12,40
frame=0,2,734,99,20,45,9,42
frame=0,3,778,0,17,47,6,43
frame=0,4,429,52,14,46,3,41
frame=0,5,755,99,21,45,7,38
frame=0,6,779,236,20,41,9,35
frame=0,7,777,99,17,45,9,38
frame=1,0,795,99,27,45,17,39
frame=1,1,214,236,26,43,17,38
frame=1,2,800,236,20,41,9,37
frame=1,3,241,236,25,43,11,38
frame=1,4,823,99,27,45,8,39
frame=1,5,499,0,26,48,7,41
frame=1,6,851,99,20,45,9,39
frame=1,7,872,99,25,45,12,38

[cast]
frames=4
duration=600ms
type=play_once
frame=0,0,898,99,24,45,19,40
frame=0,1,397,191,25,44,18,40
frame=0,2,821,236,20,41,9,38
frame=0,3,423,191,24,44,6,40
frame=0,4,444,52,24,46,3,41
frame=0,5,796,0,25,47,5,40
frame=0,6,448,191,20,44,9,38
frame=0,7,923,99,24,45,16,38
frame=1,0,948,99,31,45,20,40
frame=1,1,469,191,28,44,19,40
frame=1,2,980,99,20,45,9,42
frame=1,3,469,52,29,46,12,42
frame=1,4,0,145,31,45,9,40
frame=1,5,32,145,28,45,7,39
frame=1,6,267,236,20,43,9,37
frame=1,7,61,145,29,45,15,39
frame=2,0,91,145,31,45,20,40
frame=2,1,498,191,28,44,19,40
frame=2,2,123,145,20,45,9,42
frame=2,3,499,52,29,46,12,42
frame=2,4,144,145,31,45,9,40
frame=2,5,176,145,28,45,7,39
frame=2,6,288,236,20,43,9,37
frame=2,7,205,145,29,45,15,39
frame=3,0,235,145,24,45,19,40
frame=3,1,527,191,25,44,18,40
frame=3,2,842,236,20,41,9,38
frame=3,3,553,191,24,44,6,40
frame=3,4,529,52,24,46,3,41
frame=3,5,822,0,25,47,5,40
frame=3,6,578,191,20,44,9,38
frame=3,7,260,145,24,45,16,38

[shoot]
frames=4
duration=600ms
type=play_once
frame=0,0,285,145,24,45,19,40
frame=0,1,599,191,25,44,18,40
frame=0,2,863,236,20,41,9,38
frame=0,3,625,191,24,44,6,40
frame=0,4,554,52,24,46,3,41
frame=0,5,848,0,25,47,5,40
frame=0,6,650,191,20,44,9,38
frame=0,7,310,145,24,45,16,38
frame=1,0,335,145,31,45,20,40
frame=1,1,671,191,28,44,19,40
frame=1,2,367,145,20,45,9,42
frame=1,3,579,52,29,46,12,42
frame=1,4,388,145,31,45,9,40
frame=1,5,420,145,28,45,7,39
frame=1,6,309,236,20,43,9,37
frame=1,7,449,145,29,45,15,39
frame=2,0,479,145,31,45,20,40
frame=2,1,700,191,28,44,19,40
frame=2,2,511,145,20,45,9,42
frame=2,3,609,52,29,46,12,42
frame=2,4,532,145,31,45,9,40
frame=2,5,564,145,28,45,7,39
frame=2,6,330,236,20,43,9,37
frame=2,7,593,145,29,45,15,39
frame=3,0,623,145,24,45,19,40
frame=3,1,729,191,25,44,18,40
frame=3,2,884,236,20,41,9,38
frame=3,3,755,191,24,44,6,40
frame=3,4,639,52,24,46,3,41
frame=3,5,874,0,25,47,5,40
frame=3,6,780,191,20,44,9,38
frame=3,7,648,145,24,45,16,38

[die]
frames=6
duration=900ms
type=play_once
frame=0,0,673,145,19,45,14,40
frame=0,1,801,191,23,44,15,40
frame=0,2,693,145,20,45,9,42
frame=0,3,664,52,17,46,6,42
frame=0,4,714,145,19,45,3,40
frame=0,5,734,145,23,45,6,38
frame=0,6,905,236,20,41,9,35
frame=0,7,758,145,17,45,9,38
frame=1,0,825,191,15,44,5,40
frame=1,1,926,236,22,41,10,37
frame=1,2,351,236,22,43,11,40
frame=1,3,682,52,19,46,11,42
frame=1,4,900,0,15,47,8,43
frame=1,5,702,52,22,46,10,41
frame=1,6,841,191,22,44,9,39
frame=1,7,725,52,19,46,6,41
frame=2,0,62,280,27,40,4,37
frame=2,1,267,280,28,32,6,29
frame=2,2,296,280,25,32,14,29
frame=2,3,153,280,29,39,21,35
frame=2,4,745,52,27,46,21,42
frame=2,5,167,0,28,49,20,46
frame=2,6,916,0,25,47,9,44
frame=2,7,776,145,29,45,6,42
frame=3,0,322,280,41,30,3,26
frame=3,1,980,280,37,18,4,14
frame=3,2,94,321,27,17,16,12
frame=3,3,938,280,41,22,35,17
frame=3,4,225,280,41,36,36,31
frame=3,5,806,145,37,45,31,41
frame=3,6,606,236,27,42,9,40
frame=3,7,183,280,41,39,4,37
frame=4,0,748,280,46,24,0,13
frame=4,1,484,280,41,27,2,5
frame=4,2,424,280,29,28,18,4
frame=4,3,652,280,47,25,42,5
frame=4,4,0,321,46,18,44,11
frame=4,5,526,280,41,27,37,22
frame=4,6,364,280,29,29,9,26
frame=4,7,795,280,47,24,3,21
frame=5,0,843,280,46,24,0,13
frame=5,1,568,280,41,27,2,5
frame=5,2,454,280,29,28,18,4
frame=5,3,700,280,47,25,42,5
frame=5,4,47,321,46,18,44,11
frame=5,5,610,280,41,27,37,22
frame=5,6,394,280,29,29,9,26
frame=5,7,890,280,47,24,3,21
