image=custom_npc_hollowed_warden.png

[stance]
frames=4
duration=1600ms
type=back_forth
frame=0,0,155,1005,47,123,32,116
frame=0,1,94,745,48,129,27,123
frame=0,2,634,612,44,130,19,127
frame=0,3,937,473,40,132,18,127
frame=0,4,90,876,47,127,13,121
frame=0,5,203,1005,48,123,19,115
frame=0,6,200,1254,44,118,23,110
frame=0,7,220,1130,40,122,20,111
frame=1,0,680,876,47,124,32,116
frame=1,1,143,745,48,129,27,123
frame=1,2,314,612,44,131,19,127
frame=1,3,978,473,40,132,18,126
frame=1,4,138,876,47,127,13,121
frame=1,5,261,1130,48,122,19,114
frame=1,6,245,1254,44,118,23,110
frame=1,7,252,1005,40,123,20,111
frame=2,0,728,876,46,124,31,117
frame=2,1,559,745,48,128,27,123
frame=2,2,359,612,44,131,19,128
frame=2,3,0,612,40,132,18,127
frame=2,4,608,745,46,128,13,122
frame=2,5,293,1005,48,123,19,115
frame=2,6,290,1254,44,118,23,111
frame=2,7,342,1005,40,123,20,112
frame=3,0,383,1005,47,123,32,116
frame=3,1,192,745,48,129,27,123
frame=3,2,679,612,44,130,19,127
frame=3,3,41,612,40,132,18,127
frame=3,4,186,876,47,127,13,121
frame=3,5,431,1005,48,123,19,115
frame=3,6,335,1254,44,118,23,110
frame=3,7,310,1130,40,122,20,111

[run]
frames=8
duration=900ms
type=looped
frame=0,0,480,1005,59,123,42,116
frame=0,1,768,473,54,134,33,127
frame=0,2,692,329,44,138,19,133
frame=0,3,613,473,48,135,19,130
frame=0,4,451,876,59,125,15,119
frame=0,5,954,1254,54,116,19,108
frame=0,6,185,1492,44,109,23,102
frame=0,7,285,1376,48,113,27,105
frame=1,0,540,1005,61,123,41,115
frame=1,1,404,612,52,131,31,126
frame=1,2,602,329,44,139,19,131
frame=1,3,662,473,49,135,19,127
frame=1,4,602,1005,61,123,18,117
frame=1,5,334,1376,52,113,19,107
frame=1,6,230,1492,44,109,23,101
frame=1,7,83,1376,49,114,28,105
frame=2,0,775,876,66,124,41,114
frame=2,1,457,612,53,131,30,124
frame=2,2,647,329,44,139,19,129
frame=2,3,350,473,50,136,19,126
frame=2,4,351,1130,66,122,23,116
frame=2,5,862,1376,53,111,21,105
frame=2,6,916,1376,44,111,23,100
frame=2,7,133,1376,50,114,29,104
frame=3,0,664,1005,68,123,41,115
frame=3,1,82,612,55,132,31,126
frame=3,2,341,329,44,140,19,131
frame=3,3,401,473,49,136,19,127
frame=3,4,764,1130,68,121,25,117
frame=3,5,387,1376,55,113,22,107
frame=3,6,961,1376,44,111,23,101
frame=3,7,184,1376,49,114,28,105
frame=4,0,733,1005,59,123,42,116
frame=4,1,138,612,54,132,33,127
frame=4,2,737,329,44,138,19,133
frame=4,3,80,473,48,137,19,130
frame=4,4,842,876,59,124,15,119
frame=4,5,443,1376,54,113,19,108
frame=4,6,275,1492,44,109,23,102
frame=4,7,498,1376,48,113,27,105
frame=5,0,418,1130,63,122,43,115
frame=5,1,712,473,55,135,35,127
frame=5,2,92,329,45,142,20,134
frame=5,3,451,473,48,136,20,131
frame=5,4,291,876,63,126,18,121
frame=5,5,380,1254,55,118,18,109
frame=5,6,0,1492,45,111,23,103
frame=5,7,711,1376,48,112,26,105
frame=6,0,833,1130,68,121,43,114
frame=6,1,500,473,56,136,36,126
frame=6,2,0,329,45,143,20,133
frame=6,3,782,329,49,138,21,131
frame=6,4,902,876,68,124,23,121
frame=6,5,436,1254,56,118,18,109
frame=6,6,547,1376,45,113,23,102
frame=6,7,760,1376,49,112,26,104
frame=7,0,482,1130,70,122,43,115
frame=7,1,557,473,55,136,35,127
frame=7,2,46,329,45,143,20,134
frame=7,3,129,473,51,137,23,131
frame=7,4,511,876,70,125,25,121
frame=7,5,493,1254,55,118,18,109
frame=7,6,593,1376,45,113,23,103
frame=7,7,810,1376,51,112,26,105

[swing]
frames=9
duration=900ms
type=play_once
hit=300ms
frame=0,0,386,329,61,140,45,133
frame=0,1,832,329,55,138,33,133
frame=0,2,888,329,43,138,19,136
frame=0,3,138,329,50,141,15,139
frame=0,4,778,175,61,145,14,142
frame=0,5,869,0,55,153,20,143
frame=0,6,121,175,43,152,22,140
frame=0,7,671,175,50,146,33,136
frame=1,0,511,612,77,131,39,124
frame=1,1,582,876,46,125,24,121
frame=1,2,234,876,56,127,34,126
frame=1,3,932,329,83,138,49,137
frame=1,4,552,0,77,157,36,154
frame=1,5,135,0,46,172,20,161
frame=1,6,266,0,56,168,20,155
frame=1,7,400,175,83,149,32,139
frame=2,0,241,745,79,129,38,122
frame=2,1,553,1130,46,122,24,118
frame=2,2,0,1005,59,124,38,123
frame=2,3,181,473,86,137,53,136
frame=2,4,630,0,79,157,39,154
frame=2,5,44,0,46,173,20,162
frame=2,6,323,0,59,168,19,155
frame=2,7,530,175,86,148,31,137
frame=3,0,351,1799,132,89,108,82
frame=3,1,320,1492,114,108,93,104
frame=3,2,655,745,49,128,25,127
frame=3,3,902,1130,87,121,24,120
frame=3,4,45,1705,132,92,22,89
frame=3,5,484,1799,114,89,19,78
frame=3,6,921,1705,49,90,22,77
frame=3,7,0,1890,87,88,61,78
frame=4,0,579,1604,111,95,83,79
frame=4,1,88,1890,121,88,94,84
frame=4,2,444,1979,71,87,51,86
frame=4,3,502,2068,50,86,20,85
frame=4,4,828,2068,111,85,26,82
frame=4,5,0,1799,121,90,25,79
frame=4,6,639,1376,71,113,18,81
frame=4,7,234,1376,50,114,28,77
frame=5,0,516,1979,129,87,95,80
frame=5,1,210,1890,121,88,97,84
frame=5,2,178,1705,65,92,43,90
frame=5,3,939,1604,67,93,27,92
frame=5,4,0,2156,129,85,32,82
frame=5,5,599,1799,121,89,22,78
frame=5,6,721,1799,65,89,20,76
frame=5,7,244,1705,67,92,38,77
frame=6,0,787,1799,122,89,90,82
frame=6,1,435,1492,102,107,81,102
frame=6,2,629,876,50,125,26,123
frame=6,3,0,1254,79,121,30,119
frame=6,4,691,1604,122,94,30,91
frame=6,5,122,1799,102,90,19,80
frame=6,6,578,1705,50,91,22,79
frame=6,7,225,1799,79,90,47,80
frame=7,0,102,1492,82,110,65,103
frame=7,1,724,612,72,130,54,125
frame=7,2,448,329,44,140,19,137
frame=7,3,823,473,61,134,21,132
frame=7,4,0,1376,82,115,15,112
frame=7,5,0,1604,72,100,16,90
frame=7,6,0,1705,44,93,23,82
frame=7,7,312,1705,61,92,38,83
frame=8,0,793,1005,47,123,32,116
frame=8,1,705,745,48,128,27,123
frame=8,2,797,612,44,130,19,127
frame=8,3,321,745,42,129,18,127
frame=8,4,60,1005,47,124,13,121
frame=8,5,841,1005,48,123,19,114
frame=8,6,155,1254,44,120,23,110
frame=8,7,600,1130,42,122,22,111

[swing2]
frames=9
duration=900ms
type=play_once
hit=300ms
frame=0,0,308,175,47,150,28,144
frame=0,1,213,175,52,151,30,146
frame=0,2,356,175,43,150,19,147
frame=0,3,266,175,41,151,16,149
frame=0,4,165,175,47,152,17,148
frame=0,5,772,0,52,156,20,147
frame=0,6,825,0,43,156,22,145
frame=0,7,925,0,41,153,23,144
frame=1,0,0,175,58,153,27,147
frame=1,1,840,175,42,145,20,140
frame=1,2,189,329,43,141,19,139
frame=1,3,617,175,53,147,27,145
frame=1,4,493,0,58,158,29,154
frame=1,5,182,0,42,171,20,161
frame=1,6,91,0,43,173,22,162
frame=1,7,439,0,53,165,24,156
frame=2,0,59,175,61,153,28,147
frame=2,1,977,175,40,144,19,139
frame=2,2,493,329,43,140,19,138
frame=2,3,722,175,55,146,29,144
frame=2,4,710,0,61,157,31,153
frame=2,5,225,0,40,171,19,161
frame=2,6,0,0,43,174,22,162
frame=2,7,383,0,55,166,24,157
frame=3,0,130,2156,138,85,108,76
frame=3,1,646,1979,100,87,76,82
frame=3,2,747,1979,46,87,20,86
frame=3,3,317,2242,109,83,30,81
frame=3,4,578,2327,138,79,28,74
frame=3,5,269,2156,100,85,22,69
frame=3,6,73,1604,46,98,24,68
frame=3,7,332,1890,109,88,77,70
frame=4,0,553,2068,137,86,108,77
frame=4,1,442,1890,100,88,77,83
frame=4,2,543,1890,45,88,19,87
frame=4,3,671,2156,108,84,29,82
frame=4,4,135,2327,137,80,27,75
frame=4,5,780,2156,100,84,21,70
frame=4,6,120,1604,45,98,24,69
frame=4,7,794,1979,108,87,77,71
frame=5,0,691,2068,136,86,108,77
frame=5,1,589,1890,100,88,77,83
frame=5,2,910,1799,45,89,19,88
frame=5,3,881,2156,108,84,29,82
frame=5,4,273,2327,136,80,26,75
frame=5,5,370,2156,100,85,21,71
frame=5,6,166,1604,45,98,24,70
frame=5,7,690,1890,108,88,77,72
frame=6,0,0,2068,136,87,108,78
frame=6,1,799,1890,99,88,77,84
frame=6,2,305,1799,45,90,19,89
frame=6,3,427,2242,108,83,29,82
frame=6,4,674,2242,136,81,26,76
frame=6,5,471,2156,99,85,20,72
frame=6,6,212,1604,45,98,24,71
frame=6,7,899,1890,108,88,77,73
frame=7,0,137,2068,135,87,108,78
frame=7,1,0,1979,99,88,77,84
frame=7,2,629,1705,45,91,19,90
frame=7,3,0,2242,108,84,29,83
frame=7,4,811,2242,135,81,25,77
frame=7,5,109,2242,99,84,20,72
frame=7,6,258,1604,45,98,24,72
frame=7,7,100,1979,108,88,77,74
frame=8,0,209,1979,134,88,108,79
frame=8,1,344,1979,99,88,77,84
frame=8,2,374,1705,45,92,19,91
frame=8,3,209,2242,107,84,29,83
frame=8,4,0,2327,134,81,24,77
frame=8,5,571,2156,99,85,20,73
frame=8,6,304,1604,45,98,24,73
frame=8,7,273,2068,107,87,76,74

[cast]
frames=9
duration=900ms
type=play_once
hit=300ms
frame=0,0,308,175,47,150,28,144
frame=0,1,213,175,52,151,30,146
frame=0,2,356,175,43,150,19,147
frame=0,3,266,175,41,151,16,149
frame=0,4,165,175,47,152,17,148
frame=0,5,772,0,52,156,20,147
frame=0,6,825,0,43,156,22,145
frame=0,7,925,0,41,153,23,144
frame=1,0,0,175,58,153,27,147
frame=1,1,840,175,42,145,20,140
frame=1,2,189,329,43,141,19,139
frame=1,3,617,175,53,147,27,145
frame=1,4,493,0,58,158,29,154
frame=1,5,182,0,42,171,20,161
frame=1,6,91,0,43,173,22,162
frame=1,7,439,0,53,165,24,156
frame=2,0,59,175,61,153,28,147
frame=2,1,977,175,40,144,19,139
frame=2,2,493,329,43,140,19,138
frame=2,3,722,175,55,146,29,144
frame=2,4,710,0,61,157,31,153
frame=2,5,225,0,40,171,19,161
frame=2,6,0,0,43,174,22,162
frame=2,7,383,0,55,166,24,157
frame=3,0,130,2156,138,85,108,76
frame=3,1,646,1979,100,87,76,82
frame=3,2,747,1979,46,87,20,86
frame=3,3,317,2242,109,83,30,81
frame=3,4,578,2327,138,79,28,74
frame=3,5,269,2156,100,85,22,69
frame=3,6,73,1604,46,98,24,68
frame=3,7,332,1890,109,88,77,70
frame=4,0,553,2068,137,86,108,77
frame=4,1,442,1890,100,88,77,83
frame=4,2,543,1890,45,88,19,87
frame=4,3,671,2156,108,84,29,82
frame=4,4,135,2327,137,80,27,75
frame=4,5,780,2156,100,84,21,70
frame=4,6,120,1604,45,98,24,69
frame=4,7,794,1979,108,87,77,71
frame=5,0,691,2068,136,86,108,77
frame=5,1,589,1890,100,88,77,83
frame=5,2,910,1799,45,89,19,88
frame=5,3,881,2156,108,84,29,82
frame=5,4,273,2327,136,80,26,75
frame=5,5,370,2156,100,85,21,71
frame=5,6,166,1604,45,98,24,70
frame=5,7,690,1890,108,88,77,72
frame=6,0,0,2068,136,87,108,78
frame=6,1,799,1890,99,88,77,84
frame=6,2,305,1799,45,90,19,89
frame=6,3,427,2242,108,83,29,82
frame=6,4,674,2242,136,81,26,76
frame=6,5,471,2156,99,85,20,72
frame=6,6,212,1604,45,98,24,71
frame=6,7,899,1890,108,88,77,73
frame=7,0,137,2068,135,87,108,78
frame=7,1,0,1979,99,88,77,84
frame=7,2,629,1705,45,91,19,90
frame=7,3,0,2242,108,84,29,83
frame=7,4,811,2242,135,81,25,77
frame=7,5,109,2242,99,84,20,72
frame=7,6,258,1604,45,98,24,72
frame=7,7,100,1979,108,88,77,74
frame=8,0,209,1979,134,88,108,79
frame=8,1,344,1979,99,88,77,84
frame=8,2,374,1705,45,92,19,91
frame=8,3,209,2242,107,84,29,83
frame=8,4,0,2327,134,81,24,77
frame=8,5,571,2156,99,85,20,73
frame=8,6,304,1604,45,98,24,73
frame=8,7,273,2068,107,87,76,74

[shoot]
frames=9
duration=900ms
type=play_once
hit=300ms
frame=0,0,308,175,47,150,28,144
frame=0,1,213,175,52,151,30,146
frame=0,2,356,175,43,150,19,147
frame=0,3,266,175,41,151,16,149
frame=0,4,165,175,47,152,17,148
frame=0,5,772,0,52,156,20,147
frame=0,6,825,0,43,156,22,145
frame=0,7,925,0,41,153,23,144
frame=1,0,0,175,58,153,27,147
frame=1,1,840,175,42,145,20,140
frame=1,2,189,329,43,141,19,139
frame=1,3,617,175,53,147,27,145
frame=1,4,493,0,58,158,29,154
frame=1,5,182,0,42,171,20,161
frame=1,6,91,0,43,173,22,162
frame=1,7,439,0,53,165,24,156
frame=2,0,59,175,61,153,28,147
frame=2,1,977,175,40,144,19,139
frame=2,2,493,329,43,140,19,138
frame=2,3,722,175,55,146,29,144
frame=2,4,710,0,61,157,31,153
frame=2,5,225,0,40,171,19,161
frame=2,6,0,0,43,174,22,162
frame=2,7,383,0,55,166,24,157
frame=3,0,130,2156,138,85,108,76
frame=3,1,646,1979,100,87,76,82
frame=3,2,747,1979,46,87,20,86
frame=3,3,317,2242,109,83,30,81
frame=3,4,578,2327,138,79,28,74
frame=3,5,269,2156,100,85,22,69
frame=3,6,73,1604,46,98,24,68
frame=3,7,332,1890,109,88,77,70
frame=4,0,553,2068,137,86,108,77
frame=4,1,442,1890,100,88,77,83
frame=4,2,543,1890,45,88,19,87
frame=4,3,671,2156,108,84,29,82
frame=4,4,135,2327,137,80,27,75
frame=4,5,780,2156,100,84,21,70
frame=4,6,120,1604,45,98,24,69
frame=4,7,794,1979,108,87,77,71
frame=5,0,691,2068,136,86,108,77
frame=5,1,589,1890,100,88,77,83
frame=5,2,910,1799,45,89,19,88
frame=5,3,881,2156,108,84,29,82
frame=5,4,273,2327,136,80,26,75
frame=5,5,370,2156,100,85,21,71
frame=5,6,166,1604,45,98,24,70
frame=5,7,690,1890,108,88,77,72
frame=6,0,0,2068,136,87,108,78
frame=6,1,799,1890,99,88,77,84
frame=6,2,305,1799,45,90,19,89
frame=6,3,427,2242,108,83,29,82
frame=6,4,674,2242,136,81,26,76
frame=6,5,471,2156,99,85,20,72
frame=6,6,212,1604,45,98,24,71
frame=6,7,899,1890,108,88,77,73
frame=7,0,137,2068,135,87,108,78
frame=7,1,0,1979,99,88,77,84
frame=7,2,629,1705,45,91,19,90
frame=7,3,0,2242,108,84,29,83
frame=7,4,811,2242,135,81,25,77
frame=7,5,109,2242,99,84,20,72
frame=7,6,258,1604,45,98,24,72
frame=7,7,100,1979,108,88,77,74
frame=8,0,209,1979,134,88,108,79
frame=8,1,344,1979,99,88,77,84
frame=8,2,374,1705,45,92,19,91
frame=8,3,209,2242,107,84,29,83
frame=8,4,0,2327,134,81,24,77
frame=8,5,571,2156,99,85,20,73
frame=8,6,304,1604,45,98,24,73
frame=8,7,273,2068,107,87,76,74

[hit]
frames=2
duration=300ms
type=play_once
frame=0,0,890,1005,46,123,31,116
frame=0,1,364,745,48,129,27,123
frame=0,2,842,612,44,130,19,127
frame=0,3,193,612,39,132,17,127
frame=0,4,754,745,46,128,13,122
frame=0,5,937,1005,48,123,19,115
frame=0,6,549,1254,44,118,23,111
frame=0,7,643,1130,39,122,20,111
frame=1,0,0,1130,46,123,31,116
frame=1,1,413,745,48,129,27,123
frame=1,2,887,612,44,130,19,127
frame=1,3,233,612,39,132,17,127
frame=1,4,801,745,46,128,13,122
frame=1,5,47,1130,48,123,19,115
frame=1,6,594,1254,44,118,23,111
frame=1,7,683,1130,39,122,20,111

[block]
frames=2
duration=300ms
type=play_once
frame=0,0,890,1005,46,123,31,116
frame=0,1,364,745,48,129,27,123
frame=0,2,842,612,44,130,19,127
frame=0,3,193,612,39,132,17,127
frame=0,4,754,745,46,128,13,122
frame=0,5,937,1005,48,123,19,115
frame=0,6,549,1254,44,118,23,111
frame=0,7,643,1130,39,122,20,111
frame=1,0,0,1130,46,123,31,116
frame=1,1,413,745,48,129,27,123
frame=1,2,887,612,44,130,19,127
frame=1,3,233,612,39,132,17,127
frame=1,4,801,745,46,128,13,122
frame=1,5,47,1130,48,123,19,115
frame=1,6,594,1254,44,118,23,111
frame=1,7,683,1130,39,122,20,111

[die]
frames=8
duration=1400ms
type=play_once
frame=0,0,108,1005,46,124,31,117
frame=0,1,848,745,48,128,27,123
frame=0,2,589,612,44,131,19,128
frame=0,3,273,612,40,132,17,127
frame=0,4,897,745,46,128,13,122
frame=0,5,96,1130,48,123,19,115
frame=0,6,639,1254,44,118,23,111
frame=0,7,723,1130,40,122,21,111
frame=1,0,80,1254,74,121,58,108
frame=1,1,537,329,64,140,43,126
frame=1,2,883,175,44,145,19,133
frame=1,3,233,329,62,141,20,127
frame=1,4,145,1130,74,123,14,110
frame=1,5,748,1492,64,103,19,92
frame=1,6,420,1705,44,92,23,84
frame=1,7,930,1492,62,102,40,91
frame=2,0,538,1492,104,106,80,92
frame=2,1,0,473,79,138,57,119
frame=2,2,484,175,45,149,20,130
frame=2,3,268,473,81,137,22,118
frame=2,4,643,1492,104,105,22,91
frame=2,5,855,2327,79,77,20,69
frame=2,6,935,2327,45,76,23,70
frame=2,7,717,2327,81,78,57,70
frame=3,0,675,1705,120,91,95,79
frame=3,1,0,876,89,128,66,112
frame=3,2,296,329,44,141,19,124
frame=3,3,355,876,95,126,24,110
frame=3,4,381,2068,120,87,23,77
frame=3,5,296,2409,89,74,21,64
frame=3,6,251,2409,44,75,23,64
frame=3,7,386,2409,95,74,69,64
frame=4,0,814,1604,124,94,105,90
frame=4,1,0,745,93,130,74,126
frame=4,2,928,175,48,145,19,141
frame=4,3,462,745,96,129,18,125
frame=4,4,796,1705,124,91,17,89
frame=4,5,813,2409,93,67,17,61
frame=4,6,907,2409,48,67,27,59
frame=4,7,482,2409,96,69,76,62
frame=5,0,536,2242,137,83,128,74
frame=5,1,684,1254,107,118,95,122
frame=5,2,885,473,51,134,19,141
frame=5,3,792,1254,106,117,10,122
frame=5,4,0,2409,135,76,7,74
frame=5,5,464,2486,107,54,10,44
frame=5,6,572,2486,51,54,30,36
frame=5,7,239,2486,106,63,94,44
frame=6,0,0,2486,121,66,128,35
frame=6,1,813,1492,116,103,115,89
frame=6,2,899,1254,54,117,19,113
frame=6,3,350,1604,113,98,2,92
frame=6,4,624,2486,119,53,-9,33
frame=6,5,122,2486,116,64,-1,24
frame=6,6,410,2327,54,80,33,20
frame=6,7,579,2409,113,69,109,24
frame=7,0,693,2409,119,69,128,29
frame=7,1,464,1604,114,96,117,72
frame=7,2,46,1492,55,111,19,97
frame=7,3,465,1705,112,92,0,76
frame=7,4,346,2486,117,59,-11,30
frame=7,5,136,2409,114,76,-5,22
frame=7,6,799,2327,55,78,34,18
frame=7,7,465,2327,112,80,110,22
