image=custom_npc_lightworker.png

[stance]
frames=4
duration=1500ms
type=back_forth
frame=0,0,540,0,37,75,23,66
frame=0,1,485,154,35,71,22,66
frame=0,2,681,299,28,69,14,66
frame=0,3,521,154,34,71,11,66
frame=0,4,669,79,37,72,12,66
frame=0,5,556,154,35,71,11,64
frame=0,6,932,0,28,74,12,63
frame=0,7,64,0,34,77,21,64
frame=1,0,473,0,37,76,23,66
frame=1,1,592,154,35,71,22,66
frame=1,2,710,299,28,69,14,66
frame=1,3,628,154,35,71,11,66
frame=1,4,707,79,37,72,12,66
frame=1,5,664,154,35,71,11,64
frame=1,6,578,0,28,75,12,63
frame=1,7,99,0,35,77,22,63
frame=2,0,607,0,37,75,23,66
frame=2,1,700,154,35,71,22,66
frame=2,2,739,299,29,69,14,66
frame=2,3,736,154,34,71,11,66
frame=2,4,771,154,37,71,12,66
frame=2,5,745,79,35,72,11,65
frame=2,6,645,0,29,75,13,64
frame=2,7,135,0,34,77,21,64
frame=3,0,675,0,37,75,23,66
frame=3,1,809,154,35,71,22,66
frame=3,2,769,299,28,69,14,66
frame=3,3,845,154,34,71,11,66
frame=3,4,781,79,37,72,12,66
frame=3,5,880,154,35,71,11,64
frame=3,6,961,0,28,74,12,63
frame=3,7,170,0,34,77,21,64

[run]
frames=8
duration=760ms
type=looped
frame=0,0,916,154,38,71,23,66
frame=0,1,819,79,37,72,24,67
frame=0,2,955,154,29,71,14,67
frame=0,3,985,154,39,71,18,67
frame=0,4,0,227,38,71,13,66
frame=0,5,39,227,37,71,11,64
frame=0,6,798,299,29,69,13,63
frame=0,7,251,371,39,68,19,64
frame=1,0,184,299,40,70,25,66
frame=1,1,77,227,41,71,26,67
frame=1,2,490,79,29,73,14,67
frame=1,3,520,79,38,73,17,66
frame=1,4,119,227,40,71,13,66
frame=1,5,828,299,41,69,13,64
frame=1,6,870,299,29,69,13,62
frame=1,7,225,299,38,70,19,63
frame=2,0,900,299,44,69,25,66
frame=2,1,857,79,44,72,26,66
frame=2,2,990,0,29,74,14,66
frame=2,3,0,79,38,74,17,66
frame=2,4,160,227,44,71,17,66
frame=2,5,291,371,44,68,16,63
frame=2,6,205,227,29,71,13,62
frame=2,7,235,227,38,71,19,63
frame=3,0,264,299,45,70,25,66
frame=3,1,902,79,44,72,26,67
frame=3,2,39,79,29,74,14,67
frame=3,3,559,79,38,73,17,66
frame=3,4,310,299,45,70,18,66
frame=3,5,945,299,44,69,16,64
frame=3,6,356,299,29,70,13,62
frame=3,7,274,227,38,71,19,63
frame=4,0,313,227,38,71,23,66
frame=4,1,947,79,37,72,24,67
frame=4,2,352,227,29,71,14,67
frame=4,3,985,79,39,72,18,67
frame=4,4,382,227,38,71,13,66
frame=4,5,336,371,37,68,11,64
frame=4,6,990,299,29,69,13,63
frame=4,7,421,227,39,71,19,64
frame=5,0,0,154,38,72,21,66
frame=5,1,69,79,36,74,23,67
frame=5,2,598,79,29,73,14,67
frame=5,3,386,299,41,70,20,66
frame=5,4,428,299,38,70,15,66
frame=5,5,461,227,36,71,11,64
frame=5,6,0,371,29,69,13,62
frame=5,7,374,371,41,68,19,63
frame=6,0,39,154,40,72,21,66
frame=6,1,106,79,35,74,22,66
frame=6,2,142,79,29,74,14,66
frame=6,3,80,154,42,72,20,66
frame=6,4,30,371,40,69,17,66
frame=6,5,467,299,35,70,11,63
frame=6,6,498,227,29,71,13,62
frame=6,7,416,371,42,68,20,63
frame=7,0,528,227,41,71,21,66
frame=7,1,172,79,37,74,23,67
frame=7,2,210,79,29,74,14,67
frame=7,3,570,227,41,71,20,66
frame=7,4,503,299,41,70,18,66
frame=7,5,123,154,37,72,12,64
frame=7,6,545,299,29,70,13,62
frame=7,7,459,371,41,68,19,63

[hit]
frames=2
duration=300ms
type=play_once
frame=0,0,713,0,37,75,23,66
frame=0,1,612,227,35,71,22,66
frame=0,2,71,371,28,69,14,66
frame=0,3,648,227,34,71,11,66
frame=0,4,161,154,37,72,12,66
frame=0,5,683,227,35,71,11,64
frame=0,6,240,79,28,74,12,63
frame=0,7,205,0,34,77,21,64
frame=1,0,751,0,37,75,23,66
frame=1,1,719,227,35,71,22,66
frame=1,2,100,371,28,69,14,66
frame=1,3,755,227,34,71,11,66
frame=1,4,199,154,37,72,12,66
frame=1,5,790,227,35,71,11,64
frame=1,6,269,79,28,74,12,63
frame=1,7,240,0,34,77,21,64

[block]
frames=2
duration=300ms
type=play_once
frame=0,0,789,0,37,75,23,66
frame=0,1,826,227,35,71,22,66
frame=0,2,129,371,28,69,14,66
frame=0,3,862,227,34,71,11,66
frame=0,4,237,154,37,72,12,66
frame=0,5,897,227,35,71,11,64
frame=0,6,298,79,28,74,12,63
frame=0,7,275,0,34,77,21,64
frame=1,0,827,0,37,75,23,66
frame=1,1,933,227,35,71,22,66
frame=1,2,158,371,28,69,14,66
frame=1,3,969,227,34,71,11,66
frame=1,4,275,154,37,72,12,66
frame=1,5,0,299,35,71,11,64
frame=1,6,327,79,28,74,12,63
frame=1,7,310,0,34,77,21,64

[die]
frames=6
duration=1000ms
type=play_once
frame=0,0,865,0,37,75,23,66
frame=0,1,36,299,35,71,22,66
frame=0,2,187,371,28,69,14,66
frame=0,3,72,299,34,71,11,66
frame=0,4,313,154,37,72,12,66
frame=0,5,107,299,35,71,11,64
frame=0,6,356,79,28,74,12,63
frame=0,7,345,0,34,77,21,64
frame=1,0,628,79,40,73,23,66
frame=1,1,575,299,41,70,26,65
frame=1,2,683,371,28,67,14,64
frame=1,3,216,371,34,69,13,65
frame=1,4,143,299,40,71,15,66
frame=1,5,351,154,41,72,13,66
frame=1,6,380,0,28,77,12,66
frame=1,7,0,0,34,78,19,66
frame=2,0,501,371,62,68,29,64
frame=2,1,0,441,59,61,30,57
frame=2,2,274,441,28,57,14,54
frame=2,3,60,441,44,61,27,57
frame=2,4,564,371,62,68,31,64
frame=2,5,385,79,59,74,27,70
frame=2,6,903,0,28,75,12,72
frame=2,7,445,79,44,74,15,70
frame=3,0,303,441,79,57,20,53
frame=3,1,854,441,70,45,23,41
frame=3,2,750,441,28,50,14,47
frame=3,3,631,441,55,53,45,49
frame=3,4,447,441,79,55,57,52
frame=3,5,712,371,70,67,45,66
frame=3,6,393,154,28,72,12,72
frame=3,7,627,371,55,68,8,66
frame=4,0,779,441,74,49,1,45
frame=4,1,783,371,64,65,5,41
frame=4,2,511,0,28,76,14,43
frame=4,3,422,154,62,72,56,49
frame=4,4,170,441,74,60,71,56
frame=4,5,105,441,64,61,57,59
frame=4,6,527,441,28,55,12,56
frame=4,7,687,441,62,53,4,51
frame=5,0,556,441,74,54,0,44
frame=5,1,617,299,63,70,4,37
frame=5,2,35,0,28,78,14,36
frame=5,3,409,0,63,77,57,44
frame=5,4,848,371,74,65,72,55
frame=5,5,923,371,63,64,57,62
frame=5,6,245,441,28,60,12,61
frame=5,7,383,441,63,56,4,54
