image=custom_npc_lowshade_guard.png

[stance]
frames=4
duration=1800ms
type=back_forth
frame=0,0,123,649,27,83,16,77
frame=0,1,650,386,34,87,19,82
frame=0,2,483,201,30,91,14,88
frame=0,3,31,104,35,95,13,90
frame=0,4,997,104,27,92,9,87
frame=0,5,926,294,34,88,13,81
frame=0,6,907,902,30,81,14,75
frame=0,7,244,475,35,85,20,78
frame=1,0,151,649,27,83,16,77
frame=1,1,685,386,34,87,19,82
frame=1,2,514,201,30,91,14,88
frame=1,3,67,104,35,95,13,90
frame=1,4,510,104,27,93,9,87
frame=1,5,961,294,34,88,13,81
frame=1,6,938,902,30,81,14,75
frame=1,7,280,475,35,85,20,78
frame=2,0,339,902,27,82,16,77
frame=2,1,0,386,35,88,19,83
frame=2,2,545,201,30,91,14,88
frame=2,3,103,104,35,95,13,90
frame=2,4,538,104,27,93,9,88
frame=2,5,36,386,35,88,14,81
frame=2,6,367,902,30,82,14,76
frame=2,7,316,475,35,85,20,78
frame=3,0,179,649,27,83,16,77
frame=3,1,720,386,34,87,19,82
frame=3,2,576,201,30,91,14,88
frame=3,3,139,104,35,95,13,90
frame=3,4,0,201,27,92,9,87
frame=3,5,72,386,34,88,13,81
frame=3,6,969,902,30,81,14,75
frame=3,7,352,475,35,85,20,78

[run]
frames=8
duration=680ms
type=looped
frame=0,0,207,649,36,83,21,78
frame=0,1,100,294,38,90,23,84
frame=0,2,851,0,30,96,14,91
frame=0,3,882,0,35,96,13,92
frame=0,4,607,201,36,91,13,86
frame=0,5,388,475,38,85,13,78
frame=0,6,31,1068,30,80,14,74
frame=0,7,244,649,35,83,20,78
frame=1,0,0,986,38,81,21,77
frame=1,1,455,294,40,89,23,84
frame=1,2,747,0,30,97,14,90
frame=1,3,422,0,37,98,13,91
frame=1,4,644,201,38,91,15,86
frame=1,5,398,902,40,82,15,77
frame=1,6,39,986,30,81,14,74
frame=1,7,427,475,37,85,22,77
frame=2,0,439,902,47,82,25,77
frame=2,1,496,294,43,89,23,83
frame=2,2,225,0,30,99,14,90
frame=2,3,186,0,38,100,13,91
frame=2,4,139,294,47,90,20,85
frame=2,5,487,902,43,82,18,77
frame=2,6,531,902,30,82,14,73
frame=2,7,64,563,38,84,23,77
frame=3,0,70,986,45,81,21,77
frame=3,1,540,294,44,89,23,84
frame=3,2,460,0,30,98,14,90
frame=3,3,491,0,38,98,14,91
frame=3,4,585,294,45,89,22,86
frame=3,5,562,902,44,82,19,77
frame=3,6,280,649,30,83,14,74
frame=3,7,465,475,38,85,22,77
frame=4,0,311,649,36,83,21,78
frame=4,1,631,294,38,89,23,84
frame=4,2,918,0,30,96,14,91
frame=4,3,530,0,35,98,13,92
frame=4,4,187,294,36,90,13,86
frame=4,5,348,649,38,83,13,78
frame=4,6,62,1068,30,80,14,74
frame=4,7,504,475,35,85,20,78
frame=5,0,387,649,38,83,21,77
frame=5,1,683,201,38,91,23,84
frame=5,2,778,0,30,97,14,90
frame=5,3,949,0,35,96,15,91
frame=5,4,224,294,38,90,15,86
frame=5,5,103,563,38,84,13,77
frame=5,6,116,986,30,81,14,74
frame=5,7,426,649,35,83,18,77
frame=6,0,607,902,47,82,25,77
frame=6,1,28,201,39,92,23,83
frame=6,2,256,0,30,99,14,90
frame=6,3,809,0,41,97,18,91
frame=6,4,755,386,47,87,20,85
frame=6,5,142,563,39,84,14,77
frame=6,6,655,902,30,82,14,73
frame=6,7,462,649,41,83,21,77
frame=7,0,147,986,45,81,21,77
frame=7,1,68,201,40,92,23,84
frame=7,2,566,0,30,98,14,90
frame=7,3,985,0,39,96,19,91
frame=7,4,670,294,45,89,22,86
frame=7,5,540,475,40,85,15,77
frame=7,6,504,649,30,83,14,74
frame=7,7,535,649,39,83,18,77

[swing]
frames=6
duration=600ms
type=play_once
frame=0,0,575,649,31,83,20,77
frame=0,1,803,386,34,87,19,82
frame=0,2,722,201,30,91,14,88
frame=0,3,566,104,35,93,13,90
frame=0,4,263,294,31,90,9,87
frame=0,5,716,294,34,89,13,81
frame=0,6,182,563,30,84,14,75
frame=0,7,581,475,35,85,20,78
frame=1,0,607,649,62,83,49,77
frame=1,1,602,104,59,93,43,88
frame=1,2,0,0,30,103,14,99
frame=1,3,287,0,44,99,15,96
frame=1,4,670,649,62,83,11,80
frame=1,5,733,649,59,83,14,76
frame=1,6,686,902,30,82,14,74
frame=1,7,213,563,44,84,27,77
frame=2,0,793,649,89,83,69,77
frame=2,1,258,563,73,84,57,79
frame=2,2,417,104,30,94,14,91
frame=2,3,107,386,64,88,21,85
frame=2,4,93,1068,89,80,18,77
frame=2,5,883,649,73,83,14,75
frame=2,6,193,986,30,81,14,72
frame=2,7,957,649,64,83,41,76
frame=3,0,0,734,91,83,78,77
frame=3,1,92,734,76,83,63,80
frame=3,2,172,386,30,88,14,87
frame=3,3,224,986,66,81,16,80
frame=3,4,183,1068,91,80,11,77
frame=3,5,169,734,76,83,11,74
frame=3,6,291,986,30,81,14,70
frame=3,7,246,734,66,83,48,74
frame=4,0,313,734,68,83,58,77
frame=4,1,109,201,63,92,49,88
frame=4,2,31,0,30,103,14,101
frame=4,3,597,0,49,98,13,96
frame=4,4,322,986,68,81,8,78
frame=4,5,332,563,63,84,12,75
frame=4,6,717,902,30,82,14,72
frame=4,7,396,563,49,84,34,76
frame=5,0,382,734,31,83,20,77
frame=5,1,838,386,34,87,19,82
frame=5,2,753,201,30,91,14,88
frame=5,3,662,104,35,93,13,90
frame=5,4,295,294,31,90,9,87
frame=5,5,751,294,34,89,13,81
frame=5,6,446,563,30,84,14,75
frame=5,7,617,475,35,85,20,78

[cast]
frames=6
duration=600ms
type=play_once
frame=0,0,414,734,31,83,20,77
frame=0,1,873,386,34,87,19,82
frame=0,2,784,201,30,91,14,88
frame=0,3,698,104,35,93,13,90
frame=0,4,327,294,31,90,9,87
frame=0,5,786,294,34,89,13,81
frame=0,6,477,563,30,84,14,75
frame=0,7,653,475,35,85,20,78
frame=1,0,446,734,62,83,49,77
frame=1,1,734,104,59,93,43,88
frame=1,2,62,0,30,103,14,99
frame=1,3,332,0,44,99,15,96
frame=1,4,509,734,62,83,11,80
frame=1,5,572,734,59,83,14,76
frame=1,6,748,902,30,82,14,74
frame=1,7,508,563,44,84,27,77
frame=2,0,632,734,89,83,69,77
frame=2,1,553,563,73,84,57,79
frame=2,2,448,104,30,94,14,91
frame=2,3,203,386,64,88,21,85
frame=2,4,275,1068,89,80,18,77
frame=2,5,722,734,73,83,14,75
frame=2,6,391,986,30,81,14,72
frame=2,7,796,734,64,83,41,76
frame=3,0,861,734,91,83,78,77
frame=3,1,0,818,76,83,63,80
frame=3,2,268,386,30,88,14,87
frame=3,3,422,986,66,81,16,80
frame=3,4,365,1068,91,80,11,77
frame=3,5,77,818,76,83,11,74
frame=3,6,489,986,30,81,14,70
frame=3,7,154,818,66,83,48,74
frame=4,0,221,818,68,83,58,77
frame=4,1,173,201,63,92,49,88
frame=4,2,93,0,30,103,14,101
frame=4,3,647,0,49,98,13,96
frame=4,4,520,986,68,81,8,78
frame=4,5,627,563,63,84,12,75
frame=4,6,779,902,30,82,14,72
frame=4,7,691,563,49,84,34,76
frame=5,0,290,818,31,83,20,77
frame=5,1,908,386,34,87,19,82
frame=5,2,815,201,30,91,14,88
frame=5,3,794,104,35,93,13,90
frame=5,4,359,294,31,90,9,87
frame=5,5,821,294,34,89,13,81
frame=5,6,741,563,30,84,14,75
frame=5,7,689,475,35,85,20,78

[shoot]
frames=6
duration=600ms
type=play_once
frame=0,0,322,818,31,83,20,77
frame=0,1,943,386,34,87,19,82
frame=0,2,846,201,30,91,14,88
frame=0,3,830,104,35,93,13,90
frame=0,4,391,294,31,90,9,87
frame=0,5,856,294,34,89,13,81
frame=0,6,772,563,30,84,14,75
frame=0,7,725,475,35,85,20,78
frame=1,0,354,818,62,83,49,77
frame=1,1,866,104,59,93,43,88
frame=1,2,124,0,30,103,14,99
frame=1,3,377,0,44,99,15,96
frame=1,4,417,818,62,83,11,80
frame=1,5,480,818,59,83,14,76
frame=1,6,810,902,30,82,14,74
frame=1,7,803,563,44,84,27,77
frame=2,0,540,818,89,83,69,77
frame=2,1,848,563,73,84,57,79
frame=2,2,479,104,30,94,14,91
frame=2,3,299,386,64,88,21,85
frame=2,4,457,1068,89,80,18,77
frame=2,5,630,818,73,83,14,75
frame=2,6,589,986,30,81,14,72
frame=2,7,704,818,64,83,41,76
frame=3,0,769,818,91,83,78,77
frame=3,1,861,818,76,83,63,80
frame=3,2,364,386,30,88,14,87
frame=3,3,620,986,66,81,16,80
frame=3,4,547,1068,91,80,11,77
frame=3,5,938,818,76,83,11,74
frame=3,6,687,986,30,81,14,70
frame=3,7,0,902,66,83,48,74
frame=4,0,67,902,68,83,58,77
frame=4,1,237,201,63,92,49,88
frame=4,2,155,0,30,103,14,101
frame=4,3,697,0,49,98,13,96
frame=4,4,718,986,68,81,8,78
frame=4,5,922,563,63,84,12,75
frame=4,6,841,902,30,82,14,72
frame=4,7,0,649,49,84,34,76
frame=5,0,136,902,31,83,20,77
frame=5,1,978,386,34,87,19,82
frame=5,2,877,201,30,91,14,88
frame=5,3,926,104,35,93,13,90
frame=5,4,423,294,31,90,9,87
frame=5,5,891,294,34,89,13,81
frame=5,6,50,649,30,84,14,75
frame=5,7,761,475,35,85,20,78

[hit]
frames=2
duration=300ms
type=play_once
frame=0,0,168,902,27,83,16,77
frame=0,1,0,475,34,87,19,82
frame=0,2,908,201,30,91,14,88
frame=0,3,175,104,35,95,13,90
frame=0,4,301,201,27,92,9,87
frame=0,5,395,386,34,88,13,81
frame=0,6,787,986,30,81,14,75
frame=0,7,797,475,35,85,20,78
frame=1,0,196,902,27,83,16,77
frame=1,1,35,475,34,87,19,82
frame=1,2,939,201,30,91,14,88
frame=1,3,211,104,35,95,13,90
frame=1,4,329,201,27,92,9,87
frame=1,5,430,386,34,88,13,81
frame=1,6,818,986,30,81,14,75
frame=1,7,833,475,35,85,20,78

[block]
frames=2
duration=300ms
type=play_once
frame=0,0,224,902,27,83,16,77
frame=0,1,70,475,34,87,19,82
frame=0,2,970,201,30,91,14,88
frame=0,3,247,104,35,95,13,90
frame=0,4,357,201,27,92,9,87
frame=0,5,465,386,34,88,13,81
frame=0,6,849,986,30,81,14,75
frame=0,7,869,475,35,85,20,78
frame=1,0,252,902,27,83,16,77
frame=1,1,105,475,34,87,19,82
frame=1,2,0,294,30,91,14,88
frame=1,3,283,104,35,95,13,90
frame=1,4,385,201,27,92,9,87
frame=1,5,500,386,34,88,13,81
frame=1,6,880,986,30,81,14,75
frame=1,7,905,475,35,85,20,78

[die]
frames=6
duration=1000ms
type=play_once
frame=0,0,280,902,27,83,16,77
frame=0,1,140,475,34,87,19,82
frame=0,2,31,294,30,91,14,88
frame=0,3,319,104,35,95,13,90
frame=0,4,413,201,27,92,9,87
frame=0,5,535,386,34,88,13,81
frame=0,6,911,986,30,81,14,75
frame=0,7,941,475,35,85,20,78
frame=1,0,872,902,34,82,18,77
frame=1,1,81,649,41,84,21,79
frame=1,2,175,475,30,86,14,83
frame=1,3,62,294,37,91,16,87
frame=1,4,962,104,34,93,14,88
frame=1,5,441,201,41,92,18,86
frame=1,6,570,386,30,88,14,82
frame=1,7,206,475,37,86,19,80
frame=2,0,639,1068,63,80,23,76
frame=2,1,148,1150,61,71,24,67
frame=2,2,350,1150,30,64,14,61
frame=2,3,210,1150,48,71,34,67
frame=2,4,0,563,63,85,38,81
frame=2,5,355,104,61,95,35,91
frame=2,6,0,104,30,96,14,93
frame=2,7,601,386,48,88,12,84
frame=3,0,259,1150,90,66,15,62
frame=3,1,161,1223,76,45,19,41
frame=3,2,307,1223,30,42,14,39
frame=3,3,238,1223,68,45,59,41
frame=3,4,381,1150,90,64,73,61
frame=3,5,703,1068,76,80,55,79
frame=3,6,308,902,30,83,14,83
frame=3,7,942,986,68,81,7,79
frame=4,0,0,1223,88,47,1,37
frame=4,1,0,1150,72,72,4,34
frame=4,2,0,1068,30,81,14,37
frame=4,3,73,1150,74,72,68,42
frame=4,4,896,1150,88,52,85,48
frame=4,5,750,1150,72,55,66,54
frame=4,6,472,1150,30,62,14,63
frame=4,7,675,1150,74,57,4,55
frame=5,0,589,1150,85,59,0,36
frame=5,1,883,1068,72,75,4,31
frame=5,2,852,1068,30,76,14,32
frame=5,3,780,1068,71,80,65,39
frame=5,4,503,1150,85,60,83,47
frame=5,5,823,1150,72,55,66,53
frame=5,6,985,1150,30,52,14,53
frame=5,7,89,1223,71,47,4,45
