image=custom_npc_spider.png

[stance]
frames=4
duration=900ms
type=back_forth
frame=0,0,850,408,36,46,15,29
frame=0,1,0,360,63,47,31,30
frame=0,2,940,592,61,37,30,27
frame=0,3,615,114,64,48,31,30
frame=0,4,64,360,36,47,19,29
frame=0,5,101,360,63,47,30,30
frame=0,6,0,635,61,37,29,27
frame=0,7,680,114,64,48,31,30
frame=1,0,165,360,37,47,16,30
frame=1,1,745,114,63,48,31,30
frame=1,2,62,635,62,37,30,27
frame=1,3,203,360,63,47,31,30
frame=1,4,809,114,37,48,19,30
frame=1,5,847,114,63,48,30,30
frame=1,6,125,635,62,37,30,27
frame=1,7,911,114,63,48,30,30
frame=2,0,267,360,37,47,16,29
frame=2,1,0,164,63,48,30,30
frame=2,2,188,635,61,37,30,26
frame=2,3,64,164,63,48,30,30
frame=2,4,305,360,37,47,19,29
frame=2,5,128,164,63,48,31,29
frame=2,6,500,592,61,38,29,27
frame=2,7,192,164,63,48,31,30
frame=3,0,887,408,36,46,15,29
frame=3,1,343,360,63,47,31,30
frame=3,2,250,635,61,37,30,27
frame=3,3,256,164,64,48,31,30
frame=3,4,407,360,36,47,19,29
frame=3,5,444,360,63,47,30,30
frame=3,6,312,635,61,37,29,27
frame=3,7,321,164,64,48,31,30

[run]
frames=8
duration=560ms
type=looped
frame=0,0,924,408,36,46,15,29
frame=0,1,961,408,63,46,31,31
frame=0,2,182,592,66,39,32,29
frame=0,3,386,164,66,48,32,30
frame=0,4,508,360,36,47,19,29
frame=0,5,0,456,63,46,30,31
frame=0,6,249,592,66,39,32,29
frame=0,7,453,164,66,48,32,30
frame=1,0,545,360,45,47,21,30
frame=1,1,758,456,65,44,33,31
frame=1,2,67,711,67,34,32,28
frame=1,3,591,360,65,47,35,31
frame=1,4,520,164,45,48,22,30
frame=1,5,657,360,65,47,30,31
frame=1,6,817,503,67,43,33,30
frame=1,7,0,114,65,49,28,30
frame=2,0,723,360,48,47,23,30
frame=2,1,66,114,63,49,33,30
frame=2,2,885,503,62,43,29,29
frame=2,3,566,164,63,48,33,31
frame=2,4,630,164,48,48,23,30
frame=2,5,679,164,63,48,28,31
frame=2,6,948,503,62,43,31,29
frame=2,7,130,114,63,49,28,30
frame=3,0,772,360,45,47,22,30
frame=3,1,194,114,65,49,35,30
frame=3,2,0,548,66,43,31,30
frame=3,3,818,360,65,47,33,31
frame=3,4,743,164,45,48,21,30
frame=3,5,884,360,65,47,28,31
frame=3,6,884,673,66,35,33,28
frame=3,7,824,456,65,44,30,31
frame=4,0,64,456,36,46,15,29
frame=4,1,789,164,67,48,33,30
frame=4,2,316,592,66,39,32,29
frame=4,3,101,456,62,46,30,31
frame=4,4,950,360,36,47,19,29
frame=4,5,857,164,67,48,32,30
frame=4,6,383,592,66,39,32,29
frame=4,7,164,456,62,46,30,31
frame=5,0,925,164,45,48,21,30
frame=5,1,0,408,65,47,28,31
frame=5,2,951,673,66,35,33,28
frame=5,3,890,456,64,44,30,31
frame=5,4,66,408,45,47,22,30
frame=5,5,260,114,65,49,35,30
frame=5,6,67,548,66,43,31,30
frame=5,7,112,408,64,47,32,31
frame=6,0,971,164,48,48,23,30
frame=6,1,0,213,64,48,29,31
frame=6,2,134,548,62,43,31,29
frame=6,3,326,114,64,49,29,30
frame=6,4,177,408,48,47,23,30
frame=6,5,391,114,64,49,33,30
frame=6,6,197,548,62,43,29,29
frame=6,7,65,213,64,48,33,31
frame=7,0,130,213,45,48,22,30
frame=7,1,226,408,65,47,30,31
frame=7,2,260,548,66,43,33,30
frame=7,3,456,114,64,49,28,30
frame=7,4,292,408,45,47,21,30
frame=7,5,955,456,65,44,33,31
frame=7,6,0,711,66,35,31,28
frame=7,7,338,408,64,47,34,31

[swing]
frames=5
duration=500ms
type=play_once
frame=0,0,227,456,36,46,15,29
frame=0,1,176,213,63,48,31,30
frame=0,2,98,673,60,36,29,26
frame=0,3,240,213,62,48,30,30
frame=0,4,403,408,36,47,19,29
frame=0,5,303,213,63,48,30,30
frame=0,6,374,635,60,37,29,27
frame=0,7,367,213,62,48,30,30
frame=1,0,440,60,39,52,21,33
frame=1,1,600,0,64,53,35,36
frame=1,2,562,592,62,38,30,29
frame=1,3,665,0,64,53,27,36
frame=1,4,480,60,39,52,16,33
frame=1,5,0,503,64,44,27,29
frame=1,6,318,711,62,32,30,25
frame=1,7,65,503,64,44,35,29
frame=2,0,183,0,38,58,21,39
frame=2,1,222,0,60,58,33,41
frame=2,2,327,548,60,43,29,35
frame=2,3,0,0,60,59,25,42
frame=2,4,283,0,38,58,15,39
frame=2,5,388,548,60,43,25,28
frame=2,6,135,711,60,33,29,26
frame=2,7,449,548,60,43,33,28
frame=3,0,520,60,39,52,21,33
frame=3,1,730,0,64,53,35,36
frame=3,2,625,592,62,38,30,29
frame=3,3,795,0,64,53,27,36
frame=3,4,560,60,39,52,16,33
frame=3,5,130,503,64,44,27,29
frame=3,6,381,711,62,32,30,25
frame=3,7,195,503,64,44,35,29
frame=4,0,264,456,36,46,15,29
frame=4,1,430,213,63,48,31,30
frame=4,2,159,673,60,36,29,26
frame=4,3,494,213,62,48,30,30
frame=4,4,440,408,36,47,19,29
frame=4,5,557,213,63,48,30,30
frame=4,6,435,635,60,37,29,27
frame=4,7,621,213,62,48,30,30

[cast]
frames=5
duration=500ms
type=play_once
frame=0,0,301,456,36,46,15,29
frame=0,1,684,213,63,48,31,30
frame=0,2,220,673,60,36,29,26
frame=0,3,748,213,62,48,30,30
frame=0,4,477,408,36,47,19,29
frame=0,5,811,213,63,48,30,30
frame=0,6,496,635,60,37,29,27
frame=0,7,875,213,62,48,30,30
frame=1,0,600,60,39,52,21,33
frame=1,1,860,0,64,53,35,36
frame=1,2,688,592,62,38,30,29
frame=1,3,925,0,64,53,27,36
frame=1,4,640,60,39,52,16,33
frame=1,5,260,503,64,44,27,29
frame=1,6,444,711,62,32,30,25
frame=1,7,325,503,64,44,35,29
frame=2,0,322,0,38,58,21,39
frame=2,1,361,0,60,58,33,41
frame=2,2,510,548,60,43,29,35
frame=2,3,61,0,60,59,25,42
frame=2,4,422,0,38,58,15,39
frame=2,5,571,548,60,43,25,28
frame=2,6,196,711,60,33,29,26
frame=2,7,632,548,60,43,33,28
frame=3,0,680,60,39,52,21,33
frame=3,1,0,60,64,53,35,36
frame=3,2,751,592,62,38,30,29
frame=3,3,65,60,64,53,27,36
frame=3,4,720,60,39,52,16,33
frame=3,5,390,503,64,44,27,29
frame=3,6,507,711,62,32,30,25
frame=3,7,455,503,64,44,35,29
frame=4,0,338,456,36,46,15,29
frame=4,1,938,213,63,48,31,30
frame=4,2,281,673,60,36,29,26
frame=4,3,0,262,62,48,30,30
frame=4,4,514,408,36,47,19,29
frame=4,5,63,262,63,48,30,30
frame=4,6,557,635,60,37,29,27
frame=4,7,127,262,62,48,30,30

[shoot]
frames=5
duration=500ms
type=play_once
frame=0,0,375,456,36,46,15,29
frame=0,1,190,262,63,48,31,30
frame=0,2,342,673,60,36,29,26
frame=0,3,254,262,62,48,30,30
frame=0,4,551,408,36,47,19,29
frame=0,5,317,262,63,48,30,30
frame=0,6,618,635,60,37,29,27
frame=0,7,381,262,62,48,30,30
frame=1,0,760,60,39,52,21,33
frame=1,1,130,60,64,53,35,36
frame=1,2,814,592,62,38,30,29
frame=1,3,195,60,64,53,27,36
frame=1,4,800,60,39,52,16,33
frame=1,5,520,503,64,44,27,29
frame=1,6,570,711,62,32,30,25
frame=1,7,585,503,64,44,35,29
frame=2,0,461,0,38,58,21,39
frame=2,1,500,0,60,58,33,41
frame=2,2,693,548,60,43,29,35
frame=2,3,122,0,60,59,25,42
frame=2,4,561,0,38,58,15,39
frame=2,5,754,548,60,43,25,28
frame=2,6,257,711,60,33,29,26
frame=2,7,815,548,60,43,33,28
frame=3,0,840,60,39,52,21,33
frame=3,1,260,60,64,53,35,36
frame=3,2,877,592,62,38,30,29
frame=3,3,325,60,64,53,27,36
frame=3,4,880,60,39,52,16,33
frame=3,5,650,503,64,44,27,29
frame=3,6,633,711,62,32,30,25
frame=3,7,715,503,64,44,35,29
frame=4,0,412,456,36,46,15,29
frame=4,1,444,262,63,48,31,30
frame=4,2,403,673,60,36,29,26
frame=4,3,508,262,62,48,30,30
frame=4,4,588,408,36,47,19,29
frame=4,5,571,262,63,48,30,30
frame=4,6,679,635,60,37,29,27
frame=4,7,635,262,62,48,30,30

[hit]
frames=2
duration=300ms
type=play_once
frame=0,0,449,456,36,46,15,29
frame=0,1,698,262,63,48,31,30
frame=0,2,464,673,60,36,29,26
frame=0,3,762,262,62,48,30,30
frame=0,4,625,408,36,47,19,29
frame=0,5,825,262,63,48,30,30
frame=0,6,740,635,60,37,29,27
frame=0,7,889,262,62,48,30,30
frame=1,0,486,456,36,46,15,29
frame=1,1,952,262,64,48,31,30
frame=1,2,525,673,60,36,29,26
frame=1,3,0,311,62,48,30,30
frame=1,4,662,408,36,47,19,29
frame=1,5,63,311,64,48,31,30
frame=1,6,801,635,60,37,29,27
frame=1,7,128,311,62,48,30,30

[block]
frames=2
duration=300ms
type=play_once
frame=0,0,523,456,36,46,15,29
frame=0,1,191,311,63,48,31,30
frame=0,2,586,673,60,36,29,26
frame=0,3,255,311,62,48,30,30
frame=0,4,699,408,36,47,19,29
frame=0,5,318,311,63,48,30,30
frame=0,6,862,635,60,37,29,27
frame=0,7,382,311,62,48,30,30
frame=1,0,560,456,36,46,15,29
frame=1,1,445,311,64,48,31,30
frame=1,2,647,673,60,36,29,26
frame=1,3,510,311,62,48,30,30
frame=1,4,736,408,36,47,19,29
frame=1,5,573,311,64,48,31,30
frame=1,6,923,635,60,37,29,27
frame=1,7,638,311,62,48,30,30

[die]
frames=6
duration=900ms
type=play_once
frame=0,0,597,456,36,46,15,29
frame=0,1,701,311,63,48,31,30
frame=0,2,708,673,60,36,29,26
frame=0,3,765,311,62,48,30,30
frame=0,4,773,408,36,47,19,29
frame=0,5,828,311,63,48,30,30
frame=0,6,0,673,60,37,29,27
frame=0,7,892,311,62,48,30,30
frame=1,0,955,311,36,48,15,34
frame=1,1,920,60,49,52,24,36
frame=1,2,521,114,46,49,25,35
frame=1,3,450,592,49,39,24,31
frame=1,4,769,673,36,36,19,31
frame=1,5,132,592,49,41,23,33
frame=1,6,568,114,46,49,19,35
frame=1,7,390,60,49,53,23,36
frame=2,0,962,548,36,42,15,28
frame=2,1,672,456,42,45,24,32
frame=2,2,0,592,35,42,25,36
frame=2,3,876,548,42,43,25,38
frame=2,4,61,673,36,37,19,36
frame=2,5,919,548,42,43,16,38
frame=2,6,36,592,35,42,8,36
frame=2,7,715,456,42,45,15,32
frame=3,0,786,711,36,29,15,11
frame=3,1,806,673,37,36,23,16
frame=3,2,72,592,29,42,24,22
frame=3,3,810,408,39,47,25,29
frame=3,4,780,503,36,44,19,29
frame=3,5,634,456,37,46,12,28
frame=3,6,102,592,29,42,3,22
frame=3,7,844,673,39,36,12,16
frame=4,0,164,747,36,25,15,4
frame=4,1,823,711,44,28,22,4
frame=4,2,868,711,44,28,22,3
frame=4,3,696,711,44,30,22,7
frame=4,4,90,747,36,27,19,7
frame=4,5,913,711,44,28,20,7
frame=4,6,328,747,44,21,20,4
frame=4,7,238,747,44,23,20,4
frame=5,0,201,747,36,25,15,4
frame=5,1,958,711,44,28,22,4
frame=5,2,0,747,44,28,22,3
frame=5,3,741,711,44,30,22,7
frame=5,4,127,747,36,27,19,7
frame=5,5,45,747,44,28,20,7
frame=5,6,373,747,44,21,20,4
frame=5,7,283,747,44,23,20,4
