image=custom_npc_stooped.png

[stance]
frames=4
duration=1400ms
type=back_forth
frame=0,0,400,345,45,60,38,53
frame=0,1,60,149,44,65,35,60
frame=0,2,105,149,29,65,13,62
frame=0,3,875,149,34,64,7,59
frame=0,4,446,345,45,60,5,53
frame=0,5,564,528,44,54,7,46
frame=0,6,815,694,29,49,14,42
frame=0,7,180,585,34,53,25,45
frame=1,0,902,407,45,59,38,52
frame=1,1,910,149,44,64,35,59
frame=1,2,957,79,29,66,13,62
frame=1,3,955,149,34,64,7,59
frame=1,4,492,345,45,60,5,53
frame=1,5,609,528,44,54,7,46
frame=1,6,845,694,29,49,14,42
frame=1,7,184,640,34,52,25,44
frame=2,0,543,281,45,61,38,54
frame=2,1,135,149,44,65,35,60
frame=2,2,987,79,29,66,12,63
frame=2,3,903,216,34,63,7,59
frame=2,4,538,345,45,60,5,53
frame=2,5,654,528,44,54,7,46
frame=2,6,649,694,29,50,15,43
frame=2,7,215,585,34,53,25,45
frame=3,0,584,345,45,60,38,53
frame=3,1,180,149,44,65,35,60
frame=3,2,225,149,29,65,13,62
frame=3,3,990,149,34,64,7,59
frame=3,4,630,345,45,60,5,53
frame=3,5,699,528,44,54,7,46
frame=3,6,875,694,29,49,14,42
frame=3,7,250,585,34,53,25,45

[run]
frames=8
duration=1100ms
type=looped
frame=0,0,948,407,47,59,38,53
frame=0,1,255,149,44,65,35,60
frame=0,2,0,149,29,66,13,63
frame=0,3,0,216,36,64,9,60
frame=0,4,676,345,47,60,7,53
frame=0,5,744,528,44,54,7,46
frame=0,6,905,694,29,49,14,43
frame=0,7,36,694,36,51,25,45
frame=1,0,0,468,48,59,36,53
frame=1,1,37,216,47,64,34,59
frame=1,2,876,0,29,69,14,63
frame=1,3,762,79,35,67,7,60
frame=1,4,589,281,48,61,10,54
frame=1,5,219,640,47,52,11,46
frame=1,6,73,694,29,51,13,43
frame=1,7,285,585,35,53,26,45
frame=2,0,330,468,50,57,35,52
frame=2,1,300,149,49,65,34,59
frame=2,2,906,0,29,69,14,62
frame=2,3,249,79,36,68,8,60
frame=2,4,638,281,50,61,13,54
frame=2,5,321,585,49,53,13,46
frame=2,6,103,694,29,51,13,42
frame=2,7,371,585,36,53,26,44
frame=3,0,97,468,50,58,36,53
frame=3,1,85,216,48,64,34,59
frame=3,2,936,0,29,69,14,63
frame=3,3,798,79,35,67,7,60
frame=3,4,724,345,50,60,12,54
frame=3,5,408,585,48,53,12,46
frame=3,6,267,640,29,52,13,43
frame=3,7,789,528,35,54,26,45
frame=4,0,775,345,47,60,38,53
frame=4,1,134,216,45,64,35,60
frame=4,2,30,149,29,66,13,63
frame=4,3,350,149,34,65,7,60
frame=4,4,49,468,47,59,7,53
frame=4,5,297,640,45,52,8,46
frame=4,6,935,694,29,49,14,43
frame=4,7,457,585,34,53,25,45
frame=5,0,689,281,53,61,41,54
frame=5,1,834,79,44,67,35,60
frame=5,2,286,79,29,68,12,62
frame=5,3,180,216,37,64,11,59
frame=5,4,381,468,53,57,10,52
frame=5,5,492,585,44,53,7,45
frame=5,6,133,694,29,51,15,43
frame=5,7,343,640,37,52,24,46
frame=6,0,743,281,57,61,42,54
frame=6,1,316,79,45,68,35,60
frame=6,2,966,0,28,69,11,62
frame=6,3,218,216,39,64,13,58
frame=6,4,435,468,57,57,13,52
frame=6,5,825,528,45,54,8,45
frame=6,6,163,694,28,51,15,42
frame=6,7,381,640,39,52,24,45
frame=7,0,823,345,55,60,41,54
frame=7,1,879,79,45,67,35,60
frame=7,2,362,79,29,68,12,62
frame=7,3,258,216,38,64,12,59
frame=7,4,493,468,55,57,12,52
frame=7,5,871,528,45,54,8,45
frame=7,6,421,640,29,52,15,43
frame=7,7,451,640,38,52,24,46

[swing]
frames=6
duration=800ms
type=play_once
frame=0,0,879,345,47,60,40,52
frame=0,1,938,216,46,63,37,58
frame=0,2,297,216,29,64,13,61
frame=0,3,801,281,34,61,7,58
frame=0,4,549,468,47,57,5,52
frame=0,5,537,585,46,53,7,44
frame=0,6,192,694,29,51,14,41
frame=0,7,490,640,34,52,25,44
frame=1,0,836,281,46,61,40,53
frame=1,1,392,79,48,68,40,63
frame=1,2,96,0,31,77,17,74
frame=1,3,128,0,32,77,6,74
frame=1,4,0,79,46,69,4,64
frame=1,5,927,345,48,60,6,50
frame=1,6,584,585,31,53,12,43
frame=1,7,917,528,32,54,24,45
frame=2,0,441,79,30,68,25,60
frame=2,1,472,79,31,68,23,63
frame=2,2,786,0,29,70,16,68
frame=2,3,474,0,35,73,9,71
frame=2,4,291,0,30,76,3,71
frame=2,5,0,0,31,78,6,68
frame=2,6,384,0,29,75,11,64
frame=2,7,47,79,35,69,24,60
frame=3,0,148,468,48,58,43,50
frame=3,1,0,281,52,63,44,58
frame=3,2,684,0,33,71,20,69
frame=3,3,582,0,33,72,6,70
frame=3,4,327,216,48,64,3,59
frame=3,5,927,468,52,56,6,46
frame=3,6,525,640,33,52,11,41
frame=3,7,559,640,33,52,25,43
frame=4,0,980,468,34,56,28,48
frame=4,1,883,281,37,61,29,56
frame=4,2,394,281,29,62,15,59
frame=4,3,976,345,33,60,6,57
frame=4,4,343,528,34,55,4,50
frame=4,5,593,640,37,52,6,42
frame=4,6,374,747,29,47,12,37
frame=4,7,167,747,33,48,25,39
frame=5,0,0,407,47,60,40,52
frame=5,1,53,281,46,63,37,58
frame=5,2,376,216,29,64,13,61
frame=5,3,921,281,34,61,7,58
frame=5,4,597,468,47,57,5,52
frame=5,5,616,585,46,53,7,44
frame=5,6,222,694,29,51,14,41
frame=5,7,631,640,34,52,25,44

[cast]
frames=6
duration=800ms
type=play_once
frame=0,0,48,407,47,60,40,52
frame=0,1,100,281,46,63,37,58
frame=0,2,406,216,29,64,13,61
frame=0,3,956,281,34,61,7,58
frame=0,4,645,468,47,57,5,52
frame=0,5,663,585,46,53,7,44
frame=0,6,252,694,29,51,14,41
frame=0,7,666,640,34,52,25,44
frame=1,0,0,345,46,61,40,53
frame=1,1,504,79,48,68,40,63
frame=1,2,161,0,31,77,17,74
frame=1,3,193,0,32,77,6,74
frame=1,4,83,79,46,69,4,64
frame=1,5,96,407,48,60,6,50
frame=1,6,710,585,31,53,12,43
frame=1,7,950,528,32,54,24,45
frame=2,0,553,79,30,68,25,60
frame=2,1,584,79,31,68,23,63
frame=2,2,816,0,29,70,16,68
frame=2,3,510,0,35,73,9,71
frame=2,4,322,0,30,76,3,71
frame=2,5,32,0,31,78,6,68
frame=2,6,414,0,29,75,11,64
frame=2,7,130,79,35,69,24,60
frame=3,0,197,468,48,58,43,50
frame=3,1,147,281,52,63,44,58
frame=3,2,718,0,33,71,20,69
frame=3,3,616,0,33,72,6,70
frame=3,4,436,216,48,64,3,59
frame=3,5,0,528,52,56,6,46
frame=3,6,701,640,33,52,11,41
frame=3,7,735,640,33,52,25,43
frame=4,0,53,528,34,56,28,48
frame=4,1,47,345,37,61,29,56
frame=4,2,424,281,29,62,15,59
frame=4,3,145,407,33,60,6,57
frame=4,4,378,528,34,55,4,50
frame=4,5,769,640,37,52,6,42
frame=4,6,404,747,29,47,12,37
frame=4,7,201,747,33,48,25,39
frame=5,0,179,407,47,60,40,52
frame=5,1,200,281,46,63,37,58
frame=5,2,485,216,29,64,13,61
frame=5,3,85,345,34,61,7,58
frame=5,4,693,468,47,57,5,52
frame=5,5,742,585,46,53,7,44
frame=5,6,282,694,29,51,14,41
frame=5,7,807,640,34,52,25,44

[shoot]
frames=6
duration=800ms
type=play_once
frame=0,0,227,407,47,60,40,52
frame=0,1,247,281,46,63,37,58
frame=0,2,515,216,29,64,13,61
frame=0,3,120,345,34,61,7,58
frame=0,4,741,468,47,57,5,52
frame=0,5,789,585,46,53,7,44
frame=0,6,312,694,29,51,14,41
frame=0,7,842,640,34,52,25,44
frame=1,0,155,345,46,61,40,53
frame=1,1,616,79,48,68,40,63
frame=1,2,226,0,31,77,17,74
frame=1,3,258,0,32,77,6,74
frame=1,4,166,79,46,69,4,64
frame=1,5,275,407,48,60,6,50
frame=1,6,836,585,31,53,12,43
frame=1,7,983,528,32,54,24,45
frame=2,0,665,79,30,68,25,60
frame=2,1,696,79,31,68,23,63
frame=2,2,846,0,29,70,16,68
frame=2,3,546,0,35,73,9,71
frame=2,4,353,0,30,76,3,71
frame=2,5,64,0,31,78,6,68
frame=2,6,444,0,29,75,11,64
frame=2,7,213,79,35,69,24,60
frame=3,0,246,468,48,58,43,50
frame=3,1,294,281,52,63,44,58
frame=3,2,752,0,33,71,20,69
frame=3,3,650,0,33,72,6,70
frame=3,4,545,216,48,64,3,59
frame=3,5,88,528,52,56,6,46
frame=3,6,877,640,33,52,11,41
frame=3,7,911,640,33,52,25,43
frame=4,0,141,528,34,56,28,48
frame=4,1,202,345,37,61,29,56
frame=4,2,454,281,29,62,15,59
frame=4,3,324,407,33,60,6,57
frame=4,4,413,528,34,55,4,50
frame=4,5,945,640,37,52,6,42
frame=4,6,434,747,29,47,12,37
frame=4,7,235,747,33,48,25,39
frame=5,0,358,407,47,60,40,52
frame=5,1,347,281,46,63,37,58
frame=5,2,594,216,29,64,13,61
frame=5,3,240,345,34,61,7,58
frame=5,4,789,468,47,57,5,52
frame=5,5,868,585,46,53,7,44
frame=5,6,342,694,29,51,14,41
frame=5,7,983,640,34,52,25,44

[hit]
frames=2
duration=300ms
type=play_once
frame=0,0,406,407,45,60,38,53
frame=0,1,385,149,44,65,35,60
frame=0,2,430,149,29,65,13,62
frame=0,3,624,216,34,64,7,59
frame=0,4,452,407,45,60,5,53
frame=0,5,0,585,44,54,7,46
frame=0,6,965,694,29,49,14,42
frame=0,7,915,585,34,53,25,45
frame=1,0,498,407,45,60,38,53
frame=1,1,460,149,44,65,35,60
frame=1,2,505,149,29,65,13,62
frame=1,3,659,216,34,64,7,59
frame=1,4,544,407,45,60,5,53
frame=1,5,45,585,44,54,7,46
frame=1,6,995,694,29,49,14,42
frame=1,7,950,585,34,53,25,45

[block]
frames=2
duration=300ms
type=play_once
frame=0,0,590,407,45,60,38,53
frame=0,1,535,149,44,65,35,60
frame=0,2,580,149,29,65,13,62
frame=0,3,694,216,34,64,7,59
frame=0,4,636,407,45,60,5,53
frame=0,5,90,585,44,54,7,46
frame=0,6,0,747,29,49,14,42
frame=0,7,985,585,34,53,25,45
frame=1,0,682,407,45,60,38,53
frame=1,1,610,149,44,65,35,60
frame=1,2,655,149,29,65,13,62
frame=1,3,729,216,34,64,7,59
frame=1,4,728,407,45,60,5,53
frame=1,5,135,585,44,54,7,46
frame=1,6,30,747,29,49,14,42
frame=1,7,0,640,34,53,25,45

[die]
frames=7
duration=1100ms
type=play_once
frame=0,0,774,407,44,60,37,53
frame=0,1,685,149,43,65,34,60
frame=0,2,729,149,28,65,13,62
frame=0,3,764,216,33,64,7,59
frame=0,4,819,407,44,60,5,53
frame=0,5,35,640,43,53,7,45
frame=0,6,60,747,28,49,13,42
frame=0,7,79,640,33,53,24,45
frame=1,0,837,468,44,57,37,49
frame=1,1,275,345,43,61,34,55
frame=1,2,484,281,28,62,13,58
frame=1,3,319,345,33,61,7,55
frame=1,4,882,468,44,57,5,49
frame=1,5,89,747,43,49,7,41
frame=1,6,603,747,28,46,13,38
frame=1,7,133,747,33,49,24,41
frame=2,0,176,528,48,56,42,49
frame=2,1,353,345,46,61,38,56
frame=2,2,513,281,29,62,13,59
frame=2,3,864,407,37,60,7,55
frame=2,4,448,528,48,55,4,48
frame=2,5,464,747,46,47,6,40
frame=2,6,632,747,29,46,14,37
frame=2,7,511,747,37,47,28,40
frame=3,0,225,528,58,56,55,51
frame=3,1,758,149,53,65,47,62
frame=3,2,925,79,31,67,13,66
frame=3,3,798,216,46,64,5,61
frame=3,4,284,528,58,56,1,51
frame=3,5,549,747,53,47,4,41
frame=3,6,662,747,31,46,16,36
frame=3,7,269,747,46,48,39,41
frame=4,0,372,694,70,51,69,46
frame=4,1,812,149,62,65,57,62
frame=4,2,728,79,33,68,13,67
frame=4,3,845,216,57,64,3,61
frame=4,4,443,694,70,51,-1,46
frame=4,5,81,797,62,41,3,28
frame=4,6,694,747,33,45,18,20
frame=4,7,316,747,57,48,52,28
frame=5,0,934,747,79,43,78,24
frame=5,1,514,694,68,51,63,46
frame=5,2,295,468,34,58,13,55
frame=5,3,583,694,65,51,3,46
frame=5,4,144,797,79,40,-1,24
frame=5,5,728,747,68,44,3,8
frame=5,6,113,640,34,53,19,5
frame=5,7,679,694,65,50,60,7
frame=6,0,0,797,80,43,78,16
frame=6,1,797,747,69,44,63,39
frame=6,2,0,694,35,52,13,49
frame=6,3,867,747,66,44,4,39
frame=6,4,224,797,80,38,0,16
frame=6,5,745,694,69,50,4,7
frame=6,6,148,640,35,53,20,5
frame=6,7,497,528,66,55,60,7
