image=custom_adventurer.png

[stance]
frames=4
duration=800ms
type=back_forth
frame=0,0,61,601,27,68,17,63
frame=0,1,23,740,34,67,21,62
frame=0,2,58,740,29,67,14,64
frame=0,3,0,172,28,72,11,67
frame=0,4,877,172,27,71,8,66
frame=0,5,431,317,34,70,11,63
frame=0,6,460,460,29,69,13,63
frame=0,7,466,317,28,70,15,63
frame=1,0,490,460,27,69,17,63
frame=1,1,88,740,34,67,21,62
frame=1,2,89,601,29,68,14,64
frame=1,3,29,172,28,72,11,67
frame=1,4,905,172,27,71,8,65
frame=1,5,495,317,34,70,11,63
frame=1,6,518,460,29,69,13,63
frame=1,7,530,317,28,70,15,63
frame=2,0,119,601,27,68,17,63
frame=2,1,123,740,34,67,21,62
frame=2,2,158,740,29,67,14,64
frame=2,3,58,172,28,72,11,67
frame=2,4,933,172,27,71,8,66
frame=2,5,961,172,34,71,11,64
frame=2,6,559,317,29,70,13,64
frame=2,7,996,172,28,71,15,64
frame=3,0,147,601,27,68,17,63
frame=3,1,188,740,34,67,21,62
frame=3,2,223,740,29,67,14,64
frame=3,3,0,172,28,72,11,67
frame=3,4,0,245,27,71,8,66
frame=3,5,589,317,34,70,11,63
frame=3,6,548,460,29,69,13,63
frame=3,7,624,317,28,70,15,63

[run]
frames=10
duration=660ms
type=looped
frame=0,0,882,944,37,64,23,59
frame=0,1,317,1076,34,61,20,60
frame=0,2,323,1011,31,63,16,60
frame=0,3,253,740,31,67,11,63
frame=0,4,355,1011,37,63,12,61
frame=0,5,760,809,34,66,12,59
frame=0,6,653,317,31,70,13,59
frame=0,7,578,460,31,69,18,59
frame=1,0,795,809,29,66,18,59
frame=1,1,393,1011,32,63,19,59
frame=1,2,992,1011,31,62,16,60
frame=1,3,426,1011,31,63,11,62
frame=1,4,920,944,29,64,9,60
frame=1,5,825,809,32,66,11,59
frame=1,6,858,809,31,66,13,58
frame=1,7,285,740,31,67,18,58
frame=2,0,317,740,33,67,18,59
frame=2,1,685,317,34,70,21,60
frame=2,2,720,317,30,70,15,61
frame=2,3,751,317,31,70,13,63
frame=2,4,890,809,33,66,13,61
frame=2,5,458,1011,34,63,11,59
frame=2,6,0,1076,30,62,13,58
frame=2,7,950,944,31,64,16,59
frame=3,0,924,809,40,66,19,60
frame=3,1,28,245,36,71,22,61
frame=3,2,512,95,29,73,14,63
frame=3,3,87,172,35,72,17,65
frame=3,4,982,944,40,64,19,62
frame=3,5,965,809,36,66,12,59
frame=3,6,0,877,29,66,13,59
frame=3,7,0,1011,35,64,16,60
frame=4,0,36,1011,39,64,21,61
frame=4,1,175,601,37,68,22,61
frame=4,2,783,317,28,70,13,63
frame=4,3,610,460,36,69,15,65
frame=4,4,30,877,39,66,16,63
frame=4,5,647,460,37,69,13,60
frame=4,6,812,317,28,70,13,60
frame=4,7,70,877,36,66,19,60
frame=5,0,31,1076,37,62,23,60
frame=5,1,76,1011,37,64,22,60
frame=5,2,107,877,28,66,13,63
frame=5,3,351,740,35,67,12,65
frame=5,4,387,740,37,67,12,62
frame=5,5,685,460,37,69,13,59
frame=5,6,841,317,28,70,13,59
frame=5,7,136,877,35,66,21,59
frame=6,0,493,1011,32,63,21,59
frame=6,1,352,1076,37,61,22,60
frame=6,2,114,1011,28,64,13,62
frame=6,3,213,601,26,68,11,64
frame=6,4,723,460,32,69,9,62
frame=6,5,425,740,37,67,13,58
frame=6,6,172,877,28,66,13,58
frame=6,7,201,877,26,66,13,59
frame=7,0,143,1011,34,64,19,59
frame=7,1,463,740,37,67,22,60
frame=7,2,65,245,29,71,14,62
frame=7,3,282,95,26,74,11,64
frame=7,4,756,460,34,69,13,61
frame=7,5,178,1011,37,64,13,59
frame=7,6,69,1076,29,62,13,58
frame=7,7,526,1011,26,63,13,59
frame=8,0,99,1076,39,62,18,60
frame=8,1,240,601,40,68,21,61
frame=8,2,123,172,30,72,15,62
frame=8,3,309,95,30,74,12,64
frame=8,4,281,601,39,68,19,62
frame=8,5,130,944,40,65,17,60
frame=8,6,228,877,30,66,13,59
frame=8,7,501,740,30,67,16,60
frame=9,0,553,1011,39,63,21,60
frame=9,1,171,944,37,65,19,61
frame=9,2,321,601,30,68,15,61
frame=9,3,95,245,31,71,11,64
frame=9,4,209,944,39,65,16,62
frame=9,5,259,877,37,66,16,60
frame=9,6,870,317,30,70,13,60
frame=9,7,791,460,31,69,18,60

[swing]
frames=8
duration=640ms
type=play_once
hit=160ms
frame=0,0,823,460,56,69,23,63
frame=0,1,352,601,22,68,9,61
frame=0,2,297,877,57,66,41,59
frame=0,3,249,944,77,65,50,60
frame=0,4,127,245,56,71,31,66
frame=0,5,679,0,22,78,11,70
frame=0,6,542,95,57,73,14,65
frame=0,7,901,317,77,70,25,64
frame=1,0,0,389,74,70,25,63
frame=1,1,880,460,37,69,14,61
frame=1,2,355,877,32,66,18,59
frame=1,3,216,1011,69,64,45,59
frame=1,4,388,877,74,66,47,60
frame=1,5,905,0,37,76,21,68
frame=1,6,702,0,32,77,12,69
frame=1,7,184,245,69,71,22,65
frame=2,0,375,601,61,68,49,61
frame=2,1,75,389,45,70,35,63
frame=2,2,254,245,29,71,13,64
frame=2,3,437,601,48,68,10,63
frame=2,4,463,877,61,66,10,61
frame=2,5,121,389,45,70,8,59
frame=2,6,167,389,29,70,14,58
frame=2,7,486,601,48,68,36,59
frame=3,0,918,460,40,69,22,62
frame=3,1,284,245,47,71,16,64
frame=3,2,197,389,38,70,11,64
frame=3,3,532,740,32,67,10,62
frame=3,4,327,944,40,65,16,60
frame=3,5,959,460,47,69,29,58
frame=3,6,332,245,38,71,25,58
frame=3,7,0,531,32,69,20,60
frame=4,0,33,531,47,69,22,62
frame=4,1,371,245,42,71,16,64
frame=4,2,236,389,27,70,11,64
frame=4,3,565,740,32,67,10,62
frame=4,4,368,944,47,65,23,60
frame=4,5,81,531,42,69,24,58
frame=4,6,414,245,27,71,14,58
frame=4,7,124,531,32,69,20,60
frame=5,0,264,389,33,70,22,63
frame=5,1,298,389,31,70,16,63
frame=5,2,330,389,31,70,11,64
frame=5,3,598,740,32,67,10,62
frame=5,4,525,877,33,66,9,61
frame=5,5,362,389,31,70,13,59
frame=5,6,442,245,31,71,18,58
frame=5,7,157,531,32,69,20,60
frame=6,0,190,531,30,69,21,62
frame=6,1,154,172,30,72,17,66
frame=6,2,474,245,28,71,12,66
frame=6,3,631,740,27,67,9,63
frame=6,4,535,601,30,68,7,62
frame=6,5,503,245,30,71,11,61
frame=6,6,534,245,28,71,14,61
frame=6,7,221,531,27,69,16,62
frame=7,0,566,601,27,68,17,63
frame=7,1,594,601,34,68,21,63
frame=7,2,659,740,29,67,14,64
frame=7,3,185,172,28,72,11,67
frame=7,4,563,245,27,71,8,66
frame=7,5,394,389,34,70,11,63
frame=7,6,429,389,29,70,13,64
frame=7,7,591,245,28,71,15,64

[swing2]
frames=8
duration=680ms
type=play_once
hit=170ms
frame=0,0,735,0,47,77,13,72
frame=0,1,340,95,29,74,10,69
frame=0,2,689,740,33,67,16,64
frame=0,3,459,389,45,70,29,68
frame=0,4,421,0,47,81,32,76
frame=0,5,34,0,29,93,17,86
frame=0,6,0,0,33,94,15,87
frame=0,7,144,0,45,86,14,80
frame=1,0,620,245,47,71,13,67
frame=1,1,629,601,32,68,8,64
frame=1,2,139,1076,31,62,14,59
frame=1,3,593,1011,41,63,26,61
frame=1,4,505,389,47,70,32,66
frame=1,5,76,95,32,75,22,69
frame=1,6,370,95,31,74,15,68
frame=1,7,943,0,41,76,13,70
frame=2,0,559,877,57,66,42,58
frame=2,1,214,172,53,72,43,63
frame=2,2,600,95,35,73,20,65
frame=2,3,249,531,44,69,13,63
frame=2,4,635,1011,57,63,13,58
frame=2,5,416,944,53,65,8,53
frame=2,6,693,1011,35,63,13,50
frame=2,7,171,1076,44,62,29,53
frame=3,0,470,944,40,65,26,57
frame=3,1,268,172,38,72,28,63
frame=3,2,636,95,36,73,20,65
frame=3,3,553,389,41,70,13,63
frame=3,4,729,1011,40,63,12,57
frame=3,5,770,1011,38,63,8,51
frame=3,6,216,1076,36,62,14,48
frame=3,7,390,1076,41,61,26,51
frame=4,0,511,944,40,65,26,57
frame=4,1,307,172,39,72,29,63
frame=4,2,673,95,36,73,20,65
frame=4,3,595,389,41,70,13,63
frame=4,4,809,1011,40,63,12,57
frame=4,5,850,1011,39,63,8,51
frame=4,6,890,1011,36,63,14,49
frame=4,7,432,1076,41,61,26,51
frame=5,0,723,740,52,67,40,59
frame=5,1,668,245,51,71,40,63
frame=5,2,347,172,32,72,17,65
frame=5,3,662,601,36,68,11,63
frame=5,4,552,944,52,65,10,59
frame=5,5,776,740,51,67,9,55
frame=5,6,617,877,32,66,13,53
frame=5,7,286,1011,36,64,23,55
frame=6,0,699,601,40,68,31,62
frame=6,1,294,531,43,69,31,63
frame=6,2,109,95,30,75,15,70
frame=6,3,710,95,30,73,10,69
frame=6,4,740,601,40,68,7,62
frame=6,5,637,389,43,70,10,61
frame=6,6,338,531,30,69,13,60
frame=6,7,781,601,30,68,18,61
frame=7,0,566,601,27,68,17,63
frame=7,1,594,601,34,68,21,63
frame=7,2,659,740,29,67,14,64
frame=7,3,185,172,28,72,11,67
frame=7,4,563,245,27,71,8,66
frame=7,5,394,389,34,70,11,63
frame=7,6,429,389,29,70,13,64
frame=7,7,591,245,28,71,15,64

[swing3]
frames=8
duration=600ms
type=play_once
hit=150ms
frame=0,0,681,389,41,70,24,63
frame=0,1,369,531,47,69,34,61
frame=0,2,828,740,44,67,30,59
frame=0,3,650,877,42,66,19,60
frame=0,4,873,740,41,67,15,61
frame=0,5,720,245,47,71,11,63
frame=0,6,380,172,44,72,12,64
frame=0,7,417,531,42,69,21,64
frame=1,0,460,531,43,69,24,62
frame=1,1,812,601,44,68,31,60
frame=1,2,915,740,44,67,30,59
frame=1,3,605,944,40,65,19,59
frame=1,4,693,877,43,66,17,60
frame=1,5,768,245,44,71,11,63
frame=1,6,425,172,44,72,12,64
frame=1,7,723,389,40,70,19,64
frame=2,0,857,601,64,68,52,60
frame=2,1,469,0,34,81,26,73
frame=2,2,504,0,31,81,11,74
frame=2,3,504,531,61,69,11,63
frame=2,4,927,1011,64,63,10,58
frame=2,5,960,740,34,67,6,55
frame=2,6,922,601,31,68,18,53
frame=2,7,737,877,61,66,48,56
frame=3,0,954,601,63,68,52,60
frame=3,1,536,0,31,80,23,72
frame=3,2,568,0,35,80,11,73
frame=3,3,0,671,64,68,11,62
frame=3,4,253,1076,63,62,9,57
frame=3,5,799,877,31,66,6,53
frame=3,6,0,809,35,67,22,52
frame=3,7,36,809,64,67,51,56
frame=4,0,954,601,63,68,52,60
frame=4,1,536,0,31,80,23,72
frame=4,2,568,0,35,80,11,73
frame=4,3,0,671,64,68,11,62
frame=4,4,253,1076,63,62,9,57
frame=4,5,799,877,31,66,6,53
frame=4,6,0,809,35,67,22,52
frame=4,7,36,809,64,67,51,56
frame=5,0,566,531,58,69,48,61
frame=5,1,331,0,37,83,28,75
frame=5,2,190,0,27,85,11,78
frame=5,3,741,95,52,73,9,68
frame=5,4,646,944,58,65,8,59
frame=5,5,65,671,37,68,7,56
frame=5,6,625,531,27,69,14,55
frame=5,7,103,671,52,68,41,58
frame=6,0,156,671,34,68,25,62
frame=6,1,402,95,36,74,24,68
frame=6,2,604,0,28,79,13,74
frame=6,3,783,0,25,77,9,73
frame=6,4,813,245,34,71,7,65
frame=6,5,764,389,36,70,10,61
frame=6,6,801,389,28,70,13,61
frame=6,7,191,671,25,68,14,61
frame=7,0,566,601,27,68,17,63
frame=7,1,594,601,34,68,21,63
frame=7,2,659,740,29,67,14,64
frame=7,3,185,172,28,72,11,67
frame=7,4,563,245,27,71,8,66
frame=7,5,394,389,34,70,11,63
frame=7,6,429,389,29,70,13,64
frame=7,7,591,245,28,71,15,64

[hit]
frames=2
duration=300ms
type=play_once
frame=0,0,217,671,27,68,17,63
frame=0,1,101,809,34,67,21,62
frame=0,2,136,809,30,67,14,64
frame=0,3,470,172,28,72,11,67
frame=0,4,848,245,27,71,8,66
frame=0,5,876,245,34,71,11,64
frame=0,6,830,389,30,70,14,64
frame=0,7,911,245,28,71,15,64
frame=1,0,245,671,27,68,17,63
frame=1,1,101,809,34,67,21,62
frame=1,2,167,809,30,67,14,64
frame=1,3,499,172,28,72,11,67
frame=1,4,940,245,27,71,8,66
frame=1,5,968,245,34,71,11,64
frame=1,6,861,389,30,70,14,64
frame=1,7,0,317,28,71,15,64

[block]
frames=2
duration=300ms
type=play_once
frame=0,0,273,671,23,68,13,63
frame=0,1,198,809,31,67,18,62
frame=0,2,705,944,30,65,14,62
frame=0,3,892,389,24,70,11,65
frame=0,4,917,389,23,70,8,65
frame=0,5,29,317,31,71,11,64
frame=0,6,941,389,30,70,14,64
frame=0,7,61,317,24,71,11,64
frame=1,0,297,671,29,68,16,62
frame=1,1,327,671,34,68,20,62
frame=1,2,831,877,29,66,14,62
frame=1,3,362,671,34,68,16,62
frame=1,4,653,531,29,69,11,63
frame=1,5,528,172,34,72,12,65
frame=1,6,86,317,29,71,13,65
frame=1,7,116,317,34,71,16,64

[cast]
frames=6
duration=600ms
type=play_once
hit=300ms
frame=0,0,397,671,28,68,16,62
frame=0,1,426,671,32,68,19,63
frame=0,2,861,877,28,66,13,62
frame=0,3,459,671,36,68,15,63
frame=0,4,496,671,28,68,10,62
frame=0,5,683,531,32,69,11,62
frame=0,6,716,531,28,69,13,62
frame=0,7,745,531,36,69,19,62
frame=1,0,525,671,28,68,15,61
frame=1,1,554,671,32,68,19,62
frame=1,2,230,809,28,67,13,63
frame=1,3,587,671,35,68,15,62
frame=1,4,782,531,28,69,11,61
frame=1,5,623,671,32,68,11,59
frame=1,6,890,877,28,66,13,58
frame=1,7,656,671,35,68,18,59
frame=2,0,692,671,29,68,16,60
frame=2,1,722,671,32,68,19,62
frame=2,2,259,809,28,67,13,63
frame=2,3,755,671,35,68,15,62
frame=2,4,791,671,29,68,11,60
frame=2,5,821,671,32,68,11,59
frame=2,6,919,877,28,66,13,58
frame=2,7,854,671,35,68,18,59
frame=3,0,140,95,28,75,14,71
frame=3,1,169,95,39,75,26,72
frame=3,2,794,95,51,73,25,71
frame=3,3,633,0,45,79,17,77
frame=3,4,218,0,28,85,12,81
frame=3,5,104,0,39,88,11,80
frame=3,6,369,0,51,83,24,75
frame=3,7,0,95,45,76,26,69
frame=4,0,46,95,29,76,14,72
frame=4,1,209,95,39,75,25,72
frame=4,2,0,460,53,70,26,68
frame=4,3,809,0,47,77,20,75
frame=4,4,247,0,29,84,13,80
frame=4,5,64,0,39,89,12,81
frame=4,6,277,0,53,84,25,76
frame=4,7,857,0,47,77,25,70
frame=5,0,566,601,27,68,17,63
frame=5,1,594,601,34,68,21,63
frame=5,2,659,740,29,67,14,64
frame=5,3,185,172,28,72,11,67
frame=5,4,563,245,27,71,8,66
frame=5,5,394,389,34,70,11,63
frame=5,6,429,389,29,70,13,64
frame=5,7,591,245,28,71,15,64

[shoot]
frames=7
duration=700ms
type=play_once
hit=300ms
frame=0,0,811,531,38,69,25,63
frame=0,1,151,317,36,71,25,65
frame=0,2,563,172,40,72,26,66
frame=0,3,288,809,39,67,14,63
frame=0,4,890,671,38,68,11,63
frame=0,5,604,172,36,72,9,64
frame=0,6,641,172,40,72,12,64
frame=0,7,54,460,39,70,23,64
frame=1,0,850,531,30,69,15,63
frame=1,1,929,671,34,68,22,61
frame=1,2,328,809,39,67,26,61
frame=1,3,368,809,34,67,17,62
frame=1,4,881,531,30,69,13,64
frame=1,5,188,317,34,71,10,63
frame=1,6,846,95,39,73,11,65
frame=1,7,94,460,34,70,15,64
frame=2,0,912,531,30,69,15,63
frame=2,1,964,671,34,68,22,61
frame=2,2,948,877,39,66,26,60
frame=2,3,403,809,34,67,17,62
frame=2,4,943,531,30,69,13,64
frame=2,5,223,317,34,71,10,63
frame=2,6,886,95,39,73,11,65
frame=2,7,129,460,34,70,15,64
frame=3,0,974,531,30,69,14,63
frame=3,1,438,809,41,67,27,60
frame=3,2,0,944,42,66,28,59
frame=3,3,258,317,33,71,17,66
frame=3,4,926,95,30,73,14,68
frame=3,5,682,172,41,72,12,65
frame=3,6,724,172,42,72,12,65
frame=3,7,164,460,33,70,14,65
frame=4,0,0,601,30,69,14,63
frame=4,1,480,809,39,67,25,60
frame=4,2,736,944,41,65,27,58
frame=4,3,198,460,33,70,17,65
frame=4,4,767,172,30,72,14,67
frame=4,5,292,317,39,71,12,64
frame=4,6,798,172,41,72,12,65
frame=4,7,232,460,33,70,14,65
frame=5,0,31,601,29,69,16,63
frame=5,1,520,809,38,67,24,61
frame=5,2,778,944,36,65,21,60
frame=5,3,815,944,30,65,14,61
frame=5,4,559,809,29,67,11,62
frame=5,5,332,317,38,71,12,64
frame=5,6,840,172,36,72,13,65
frame=5,7,266,460,30,70,14,64
frame=6,0,566,601,27,68,17,63
frame=6,1,594,601,34,68,21,63
frame=6,2,589,809,29,67,14,64
frame=6,3,185,172,28,72,11,67
frame=6,4,563,245,27,71,8,66
frame=6,5,394,389,34,70,11,63
frame=6,6,297,460,29,70,13,64
frame=6,7,591,245,28,71,15,64

[die]
frames=6
duration=900ms
type=play_once
frame=0,0,999,671,22,68,12,63
frame=0,1,619,809,30,67,17,62
frame=0,2,43,944,30,66,14,63
frame=0,3,327,460,28,70,11,65
frame=0,4,0,740,22,68,8,63
frame=0,5,371,317,30,71,11,64
frame=0,6,356,460,30,70,14,64
frame=0,7,402,317,28,71,15,64
frame=1,0,650,809,28,67,7,63
frame=1,1,474,1076,30,61,10,57
frame=1,2,505,1076,30,61,15,58
frame=1,3,679,809,29,67,18,63
frame=1,4,387,460,28,70,19,66
frame=1,5,957,95,30,73,18,68
frame=1,6,439,95,30,74,13,70
frame=1,7,988,95,29,73,9,68
frame=2,0,536,1076,50,58,6,55
frame=2,1,839,1076,41,46,8,43
frame=2,2,957,1076,32,44,17,41
frame=2,3,648,1076,43,54,33,50
frame=2,4,709,809,50,67,42,63
frame=2,5,470,95,41,74,31,71
frame=2,6,249,95,32,75,13,74
frame=2,7,416,460,43,70,8,68
frame=3,0,376,1139,70,38,4,35
frame=3,1,796,1139,55,27,6,23
frame=3,2,852,1139,35,27,20,19
frame=3,3,583,1139,60,31,52,26
frame=3,4,768,1076,70,50,64,45
frame=3,5,74,944,55,66,47,62
frame=3,6,846,944,35,65,13,64
frame=3,7,587,1076,60,58,6,56
frame=4,0,888,1139,75,27,-1,13
frame=4,1,196,1139,59,42,3,8
frame=4,2,730,1076,37,51,22,7
frame=4,3,0,1139,67,44,62,9
frame=4,4,644,1139,75,31,74,17
frame=4,5,256,1139,59,41,54,36
frame=4,6,881,1076,37,46,13,43
frame=4,7,447,1139,67,35,3,33
frame=5,0,0,1184,75,27,-1,13
frame=5,1,136,1139,59,43,3,8
frame=5,2,692,1076,37,52,22,7
frame=5,3,68,1139,67,44,62,9
frame=5,4,720,1139,75,30,74,16
frame=5,5,316,1139,59,41,54,36
frame=5,6,919,1076,37,46,13,43
frame=5,7,515,1139,67,35,3,33
