image=custom_gear_buckler.png

[stance]
frames=4
duration=800ms
type=back_forth
frame=0,0,124,106,10,12,14,48
frame=0,1,114,133,1,1,80,112
frame=0,2,0,0,7,15,-10,46
frame=0,3,430,16,12,14,-9,40
frame=0,4,135,106,15,12,-1,35
frame=0,5,443,16,12,14,8,35
frame=0,6,8,0,7,15,15,39
frame=0,7,16,0,10,15,19,44
frame=1,0,151,106,10,12,14,48
frame=1,1,114,133,1,1,80,112
frame=1,2,456,16,7,14,-10,45
frame=1,3,464,16,12,14,-9,40
frame=1,4,201,77,15,13,-1,35
frame=1,5,477,16,12,14,8,35
frame=1,6,490,16,7,14,15,38
frame=1,7,498,16,10,14,19,43
frame=2,0,127,120,11,11,14,48
frame=2,1,114,133,1,1,80,112
frame=2,2,0,32,7,14,-10,46
frame=2,3,217,77,12,13,-9,40
frame=2,4,230,77,15,13,-1,36
frame=2,5,246,77,13,13,9,35
frame=2,6,27,0,7,15,15,39
frame=2,7,8,32,10,14,19,44
frame=3,0,124,106,10,12,14,48
frame=3,1,114,133,1,1,80,112
frame=3,2,0,0,7,15,-10,46
frame=3,3,430,16,12,14,-9,40
frame=3,4,162,106,15,12,-1,35
frame=3,5,19,32,12,14,8,35
frame=3,6,8,0,7,15,15,39
frame=3,7,16,0,10,15,19,44

[run]
frames=10
duration=660ms
type=looped
frame=0,0,35,0,14,15,21,46
frame=0,1,486,120,5,7,9,49
frame=0,2,400,120,6,9,-9,43
frame=0,3,32,32,11,14,-13,42
frame=0,4,260,77,15,13,-8,35
frame=0,5,44,32,13,14,2,32
frame=0,6,50,0,8,15,13,34
frame=0,7,58,32,10,14,22,39
frame=1,0,69,32,14,14,19,44
frame=1,1,114,133,1,1,80,112
frame=1,2,84,32,6,14,-9,45
frame=1,3,91,32,11,14,-12,40
frame=1,4,178,106,14,12,-7,33
frame=1,5,103,32,13,14,4,31
frame=1,6,59,0,7,15,13,33
frame=1,7,67,0,9,15,21,39
frame=2,0,117,32,10,14,15,44
frame=2,1,114,133,1,1,80,112
frame=2,2,77,0,6,15,-10,43
frame=2,3,128,32,11,14,-10,37
frame=2,4,276,77,14,13,-3,32
frame=2,5,140,32,12,14,7,31
frame=2,6,153,32,6,14,14,34
frame=2,7,84,0,9,15,19,40
frame=3,0,469,120,4,8,10,43
frame=3,1,139,120,5,11,-8,41
frame=3,2,94,0,7,15,-10,41
frame=3,3,160,32,12,14,-6,36
frame=3,4,291,77,15,13,3,32
frame=3,5,173,32,11,14,11,34
frame=3,6,102,0,6,15,15,38
frame=3,7,109,0,9,15,16,43
frame=4,0,21,133,3,6,-6,41
frame=4,1,145,120,8,11,-8,41
frame=4,2,119,0,7,15,-10,40
frame=4,3,307,77,14,13,-2,35
frame=4,4,322,77,14,13,7,33
frame=4,5,185,32,11,14,14,36
frame=4,6,127,0,6,15,15,41
frame=4,7,197,32,7,14,14,45
frame=5,0,407,120,5,9,-6,42
frame=5,1,193,106,8,12,-9,41
frame=5,2,134,0,7,15,-10,39
frame=5,3,337,77,13,13,-1,34
frame=5,4,351,77,15,13,9,33
frame=5,5,205,32,10,14,15,36
frame=5,6,216,32,6,14,15,41
frame=5,7,367,77,5,13,12,44
frame=6,0,492,120,3,7,-6,40
frame=6,1,202,106,8,12,-8,40
frame=6,2,223,32,7,14,-10,38
frame=6,3,373,77,14,13,-2,33
frame=6,4,388,77,14,13,7,32
frame=6,5,231,32,11,14,14,35
frame=6,6,243,32,6,14,15,39
frame=6,7,250,32,7,14,14,43
frame=7,0,474,120,4,8,10,42
frame=7,1,154,120,5,11,-8,40
frame=7,2,142,0,7,15,-10,40
frame=7,3,258,32,12,14,-6,35
frame=7,4,211,106,15,12,3,31
frame=7,5,271,32,11,14,11,33
frame=7,6,150,0,6,15,15,37
frame=7,7,157,0,9,15,16,42
frame=8,0,283,32,10,14,15,45
frame=8,1,114,133,1,1,80,112
frame=8,2,167,0,6,15,-10,44
frame=8,3,294,32,11,14,-10,38
frame=8,4,403,77,15,13,-2,33
frame=8,5,306,32,12,14,7,32
frame=8,6,319,32,6,14,14,35
frame=8,7,174,0,9,15,19,41
frame=9,0,326,32,14,14,19,46
frame=9,1,114,133,1,1,80,112
frame=9,2,341,32,6,14,-9,47
frame=9,3,348,32,11,14,-12,42
frame=9,4,419,77,14,13,-7,35
frame=9,5,434,77,13,13,4,32
frame=9,6,184,0,7,15,13,35
frame=9,7,192,0,9,15,21,40

[swing]
frames=8
duration=640ms
type=play_once
hit=160ms
frame=0,0,227,106,15,12,23,56
frame=0,1,496,120,8,7,6,61
frame=0,2,360,32,6,14,-13,58
frame=0,3,202,0,12,15,-17,51
frame=0,4,448,77,15,13,-10,42
frame=0,5,215,0,11,15,3,39
frame=0,6,227,0,6,15,17,42
frame=0,7,367,32,12,14,27,49
frame=1,0,464,77,14,13,25,54
frame=1,1,413,120,13,9,12,60
frame=1,2,234,0,7,15,-8,60
frame=1,3,380,32,11,14,-16,53
frame=1,4,392,32,14,14,-13,45
frame=1,5,407,32,13,14,-1,39
frame=1,6,421,32,7,14,13,40
frame=1,7,242,0,11,15,25,47
frame=2,0,429,32,10,14,19,48
frame=2,1,114,133,1,1,80,112
frame=2,2,254,0,7,15,-12,48
frame=2,3,440,32,12,14,-14,41
frame=2,4,479,77,15,13,-6,34
frame=2,5,453,32,12,14,6,32
frame=2,6,262,0,7,15,17,36
frame=2,7,466,32,11,14,24,42
frame=3,0,160,120,7,11,-4,44
frame=3,1,478,32,6,14,-11,44
frame=3,2,270,0,9,15,-11,39
frame=3,3,485,32,14,14,-2,34
frame=3,4,0,47,15,14,9,33
frame=3,5,280,0,8,15,15,36
frame=3,6,495,77,8,13,18,40
frame=3,7,25,133,5,6,14,39
frame=4,0,334,120,7,10,-5,43
frame=4,1,16,47,6,14,-11,43
frame=4,2,23,47,10,14,-10,38
frame=4,3,34,47,14,14,-1,34
frame=4,4,49,47,14,14,10,33
frame=4,5,289,0,8,15,15,37
frame=4,6,64,47,9,14,18,42
frame=4,7,31,133,4,6,13,39
frame=5,0,92,133,4,4,-3,42
frame=5,1,504,77,7,13,-10,45
frame=5,2,298,0,6,15,-14,41
frame=5,3,74,47,13,14,-7,35
frame=5,4,88,47,15,14,5,32
frame=5,5,104,47,11,14,15,34
frame=5,6,305,0,6,15,18,40
frame=5,7,427,120,9,9,17,45
frame=6,0,79,133,4,5,11,46
frame=6,1,168,120,6,11,-8,44
frame=6,2,116,47,6,14,-13,43
frame=6,3,123,47,13,14,-8,37
frame=6,4,0,92,15,13,2,33
frame=6,5,137,47,11,14,12,34
frame=6,6,312,0,6,15,17,39
frame=6,7,149,47,10,14,19,44
frame=7,0,243,106,10,12,14,48
frame=7,1,114,133,1,1,80,112
frame=7,2,319,0,7,15,-10,46
frame=7,3,16,92,12,13,-9,40
frame=7,4,29,92,15,13,-1,36
frame=7,5,45,92,12,13,8,35
frame=7,6,327,0,7,15,15,39
frame=7,7,160,47,10,14,19,44

[swing2]
frames=8
duration=680ms
type=play_once
hit=170ms
frame=0,0,171,47,14,14,5,74
frame=0,1,335,0,12,15,-6,72
frame=0,2,348,0,6,15,-13,67
frame=0,3,186,47,12,14,-5,61
frame=0,4,199,47,14,14,7,59
frame=0,5,214,47,12,14,16,62
frame=0,6,227,47,6,14,17,67
frame=0,7,58,92,11,13,15,72
frame=1,0,254,106,15,12,-3,71
frame=1,1,355,0,12,15,-13,66
frame=1,2,368,0,6,15,-14,59
frame=1,3,234,47,11,14,0,54
frame=1,4,70,92,15,13,16,55
frame=1,5,246,47,12,14,23,61
frame=1,6,375,0,6,15,18,69
frame=1,7,86,92,11,13,9,72
frame=2,0,259,47,14,14,32,47
frame=2,1,106,133,3,3,14,51
frame=2,2,274,47,6,14,-11,54
frame=2,3,281,47,12,14,-22,46
frame=2,4,98,92,15,13,-19,34
frame=2,5,294,47,12,14,-4,28
frame=2,6,382,0,6,15,15,29
frame=2,7,389,0,11,15,32,37
frame=3,0,307,47,12,14,28,42
frame=3,1,114,133,1,1,80,112
frame=3,2,401,0,6,15,-11,47
frame=3,3,320,47,11,14,-20,39
frame=3,4,114,92,15,13,-15,29
frame=3,5,332,47,12,14,-1,24
frame=3,6,408,0,6,15,15,26
frame=3,7,345,47,9,14,29,33
frame=4,0,355,47,12,14,28,43
frame=4,1,114,133,1,1,80,112
frame=4,2,415,0,6,15,-11,48
frame=4,3,368,47,11,14,-20,40
frame=4,4,380,47,15,14,-15,30
frame=4,5,396,47,12,14,-1,24
frame=4,6,422,0,6,15,15,26
frame=4,7,429,0,9,15,29,34
frame=5,0,409,47,11,14,24,45
frame=5,1,114,133,1,1,80,112
frame=5,2,439,0,6,15,-11,48
frame=5,3,421,47,12,14,-17,40
frame=5,4,434,47,14,14,-12,32
frame=5,5,449,47,12,14,1,27
frame=5,6,446,0,6,15,15,30
frame=5,7,453,0,10,15,27,37
frame=6,0,462,47,10,14,17,47
frame=6,1,114,133,1,1,80,112
frame=6,2,464,0,6,15,-11,47
frame=6,3,473,47,12,14,-12,41
frame=6,4,270,106,14,12,-5,34
frame=6,5,486,47,12,14,6,33
frame=6,6,471,0,7,15,15,36
frame=6,7,479,0,10,15,22,42
frame=7,0,243,106,10,12,14,48
frame=7,1,114,133,1,1,80,112
frame=7,2,319,0,7,15,-10,46
frame=7,3,16,92,12,13,-9,40
frame=7,4,29,92,15,13,-1,36
frame=7,5,45,92,12,13,8,35
frame=7,6,327,0,7,15,15,39
frame=7,7,160,47,10,14,19,44

[swing3]
frames=8
duration=600ms
type=play_once
hit=150ms
frame=0,0,130,92,14,13,25,55
frame=0,1,145,92,12,13,13,61
frame=0,2,175,120,8,11,-6,61
frame=0,3,490,0,10,15,-16,55
frame=0,4,158,92,14,13,-13,46
frame=0,5,499,47,13,14,-2,41
frame=0,6,501,0,8,15,12,42
frame=0,7,0,16,10,15,24,48
frame=1,0,0,62,14,14,25,55
frame=1,1,15,62,14,14,14,60
frame=1,2,184,120,8,11,-4,61
frame=1,3,11,16,9,15,-15,56
frame=1,4,173,92,14,13,-13,47
frame=1,5,30,62,14,14,-2,42
frame=1,6,21,16,8,15,10,42
frame=1,7,30,16,9,15,22,47
frame=2,0,285,106,6,12,2,39
frame=2,1,188,92,8,13,-1,40
frame=2,2,45,62,10,14,-4,39
frame=2,3,193,120,14,11,-2,34
frame=2,4,292,106,14,12,2,32
frame=2,5,197,92,10,13,7,32
frame=2,6,56,62,7,14,12,34
frame=2,7,97,133,3,4,14,31
frame=3,0,208,92,7,13,3,39
frame=3,1,64,62,8,14,0,40
frame=3,2,216,92,10,13,-4,38
frame=3,3,307,106,14,12,-2,34
frame=3,4,322,106,14,12,2,32
frame=3,5,73,62,9,14,6,32
frame=3,6,83,62,7,14,12,34
frame=3,7,110,133,3,3,14,31
frame=4,0,208,92,7,13,3,39
frame=4,1,64,62,8,14,0,40
frame=4,2,216,92,10,13,-4,38
frame=4,3,307,106,14,12,-2,34
frame=4,4,322,106,14,12,2,32
frame=4,5,73,62,9,14,6,32
frame=4,6,83,62,7,14,12,34
frame=4,7,110,133,3,3,14,31
frame=5,0,101,133,4,4,1,33
frame=5,1,227,92,7,13,-3,41
frame=5,2,91,62,9,14,-6,40
frame=5,3,337,106,14,12,-4,35
frame=5,4,352,106,14,12,1,32
frame=5,5,101,62,11,14,8,32
frame=5,6,113,62,8,14,13,35
frame=5,7,367,106,6,12,16,37
frame=6,0,479,120,6,8,13,45
frame=6,1,114,133,1,1,80,112
frame=6,2,40,16,7,15,-9,44
frame=6,3,235,92,13,13,-7,38
frame=6,4,374,106,15,12,0,33
frame=6,5,122,62,11,14,8,34
frame=6,6,134,62,7,14,14,37
frame=6,7,142,62,9,14,18,42
frame=7,0,243,106,10,12,14,48
frame=7,1,114,133,1,1,80,112
frame=7,2,319,0,7,15,-10,46
frame=7,3,16,92,12,13,-9,40
frame=7,4,29,92,15,13,-1,36
frame=7,5,45,92,12,13,8,35
frame=7,6,327,0,7,15,15,39
frame=7,7,160,47,10,14,19,44

[hit]
frames=2
duration=300ms
type=play_once
frame=0,0,390,106,8,12,11,49
frame=0,1,342,120,5,10,-9,45
frame=0,2,48,16,7,15,-12,45
frame=0,3,56,16,12,15,-8,39
frame=0,4,152,62,15,14,2,35
frame=0,5,168,62,12,14,12,35
frame=0,6,69,16,7,15,17,40
frame=0,7,181,62,10,14,18,45
frame=1,0,390,106,8,12,11,49
frame=1,1,208,120,5,11,-9,45
frame=1,2,77,16,7,15,-12,45
frame=1,3,56,16,12,15,-8,39
frame=1,4,192,62,15,14,2,35
frame=1,5,208,62,12,14,12,35
frame=1,6,85,16,7,15,17,40
frame=1,7,181,62,10,14,18,45

[block]
frames=2
duration=300ms
type=play_once
frame=0,0,437,120,4,9,8,45
frame=0,1,249,92,7,13,-9,45
frame=0,2,93,16,7,15,-12,41
frame=0,3,221,62,11,14,-6,36
frame=0,4,257,92,15,13,5,33
frame=0,5,233,62,12,14,14,35
frame=0,6,101,16,7,15,17,40
frame=0,7,246,62,7,14,15,45
frame=1,0,254,62,14,14,18,61
frame=1,1,399,106,14,12,8,64
frame=1,2,269,62,8,14,-7,62
frame=1,3,278,62,9,14,-12,57
frame=1,4,273,92,14,13,-6,51
frame=1,5,288,92,14,13,4,48
frame=1,6,288,62,8,14,13,50
frame=1,7,109,16,9,15,19,56

[cast]
frames=6
duration=600ms
type=play_once
hit=300ms
frame=0,0,297,62,12,14,18,57
frame=0,1,505,120,5,7,-2,58
frame=0,2,119,16,7,15,-10,57
frame=0,3,303,92,11,13,-12,50
frame=0,4,414,106,15,12,-5,44
frame=0,5,315,92,13,13,6,42
frame=0,6,310,62,8,14,15,45
frame=0,7,127,16,11,15,21,51
frame=1,0,319,62,9,14,17,53
frame=1,1,36,133,7,6,0,56
frame=1,2,329,62,7,14,-10,53
frame=1,3,329,92,11,13,-11,47
frame=1,4,214,120,15,11,-4,40
frame=1,5,430,106,13,12,6,39
frame=1,6,337,62,9,14,15,42
frame=1,7,139,16,10,15,20,48
frame=2,0,347,62,8,14,17,53
frame=2,1,84,133,7,5,1,55
frame=2,2,150,16,7,15,-10,53
frame=2,3,444,106,12,12,-11,46
frame=2,4,230,120,14,11,-5,40
frame=2,5,457,106,13,12,6,38
frame=2,6,158,16,9,15,15,42
frame=2,7,168,16,11,15,21,48
frame=3,0,356,62,13,14,13,73
frame=3,1,180,16,7,15,-9,72
frame=3,2,370,62,11,14,-18,65
frame=3,3,471,106,14,12,-15,55
frame=3,4,341,92,13,13,-2,49
frame=3,5,382,62,8,14,14,51
frame=3,6,188,16,11,15,27,58
frame=3,7,200,16,14,15,27,67
frame=4,0,355,92,14,13,11,73
frame=4,1,215,16,7,15,-11,72
frame=4,2,370,92,11,13,-19,64
frame=4,3,486,106,14,12,-14,54
frame=4,4,0,120,14,12,1,49
frame=4,5,391,62,8,14,16,52
frame=4,6,400,62,11,14,28,59
frame=4,7,412,62,14,14,26,68
frame=5,0,243,106,10,12,14,48
frame=5,1,114,133,1,1,80,112
frame=5,2,319,0,7,15,-10,46
frame=5,3,16,92,12,13,-9,40
frame=5,4,29,92,15,13,-1,36
frame=5,5,45,92,12,13,8,35
frame=5,6,327,0,7,15,15,39
frame=5,7,160,47,10,14,19,44

[shoot]
frames=7
duration=700ms
type=play_once
hit=300ms
frame=0,0,382,92,14,13,26,61
frame=0,1,348,120,12,10,12,67
frame=0,2,223,16,7,15,-8,67
frame=0,3,427,62,11,14,-17,60
frame=0,4,397,92,14,13,-14,51
frame=0,5,439,62,14,14,-1,46
frame=0,6,454,62,7,14,13,47
frame=0,7,462,62,11,14,26,53
frame=1,0,412,92,11,13,16,61
frame=1,1,245,120,15,11,10,64
frame=1,2,15,120,12,12,-1,63
frame=1,3,474,62,6,14,-10,60
frame=1,4,231,16,12,15,-6,56
frame=1,5,244,16,15,15,3,53
frame=1,6,481,62,12,14,11,53
frame=1,7,260,16,6,15,14,57
frame=2,0,494,62,11,14,15,61
frame=2,1,261,120,14,11,10,63
frame=2,2,28,120,13,12,0,63
frame=2,3,267,16,8,15,-8,60
frame=2,4,276,16,11,15,-6,56
frame=2,5,288,16,15,15,3,53
frame=2,6,0,77,13,14,11,53
frame=2,7,304,16,8,15,14,57
frame=3,0,42,120,12,12,12,55
frame=3,1,361,120,13,10,13,57
frame=3,2,0,133,11,7,10,59
frame=3,3,276,120,12,11,3,60
frame=3,4,14,77,12,14,-2,59
frame=3,5,313,16,13,15,-2,57
frame=3,6,27,77,15,14,3,54
frame=3,7,43,77,12,14,7,54
frame=4,0,424,92,12,13,10,53
frame=4,1,442,120,12,9,12,54
frame=4,2,44,133,11,6,11,55
frame=4,3,56,133,5,6,-3,54
frame=4,4,437,92,11,13,-1,58
frame=4,5,327,16,13,15,-1,56
frame=4,6,56,77,15,14,2,53
frame=4,7,72,77,13,14,6,52
frame=5,0,449,92,11,13,18,50
frame=5,1,455,120,13,9,13,53
frame=5,2,62,133,5,6,-4,54
frame=5,3,86,77,9,14,-9,52
frame=5,4,341,16,11,15,-9,47
frame=5,5,353,16,15,15,0,43
frame=5,6,369,16,14,15,10,42
frame=5,7,384,16,9,15,16,45
frame=6,0,243,106,10,12,14,48
frame=6,1,114,133,1,1,80,112
frame=6,2,319,0,7,15,-10,46
frame=6,3,16,92,12,13,-9,40
frame=6,4,29,92,15,13,-1,36
frame=6,5,45,92,12,13,8,35
frame=6,6,327,0,7,15,15,39
frame=6,7,160,47,10,14,19,44

[die]
frames=6
duration=900ms
type=play_once
frame=0,0,390,106,8,12,11,49
frame=0,1,342,120,5,10,-9,45
frame=0,2,48,16,7,15,-12,45
frame=0,3,56,16,12,15,-8,39
frame=0,4,152,62,15,14,2,35
frame=0,5,168,62,12,14,12,35
frame=0,6,69,16,7,15,17,40
frame=0,7,181,62,10,14,18,45
frame=1,0,375,120,11,10,5,49
frame=1,1,114,133,1,1,80,112
frame=1,2,55,120,7,12,-8,40
frame=1,3,96,77,11,14,-2,39
frame=1,4,63,120,15,12,8,37
frame=1,5,461,92,13,13,14,40
frame=1,6,108,77,7,14,13,44
frame=1,7,394,16,10,15,11,48
frame=2,0,405,16,14,15,-9,47
frame=2,1,68,133,10,6,-11,40
frame=2,2,12,133,8,7,-5,35
frame=2,3,475,92,10,13,10,34
frame=2,4,79,120,15,12,22,38
frame=2,5,289,120,14,11,22,44
frame=2,6,486,92,9,13,11,50
frame=2,7,420,16,9,15,-2,51
frame=3,0,116,77,12,14,-29,37
frame=3,1,387,120,12,10,-24,24
frame=3,2,496,92,10,13,-1,18
frame=3,3,129,77,7,14,23,21
frame=3,4,304,120,13,11,40,31
frame=3,5,95,120,15,12,34,44
frame=3,6,0,106,11,13,9,51
frame=3,7,137,77,7,14,-18,48
frame=4,0,12,106,11,13,-45,15
frame=4,1,318,120,15,11,-30,-3
frame=4,2,24,106,13,13,3,-11
frame=4,3,145,77,7,14,36,-4
frame=4,4,153,77,11,14,54,13
frame=4,5,38,106,15,13,43,31
frame=4,6,54,106,13,13,8,39
frame=4,7,165,77,7,14,-31,33
frame=5,0,68,106,11,13,-45,15
frame=5,1,111,120,15,12,-30,-3
frame=5,2,80,106,13,13,3,-11
frame=5,3,173,77,7,14,36,-4
frame=5,4,181,77,11,14,54,13
frame=5,5,94,106,15,13,43,31
frame=5,6,110,106,13,13,8,39
frame=5,7,193,77,7,14,-31,33
