image=custom_gear_chain_coif.png

[stance]
frames=4
duration=800ms
type=back_forth
frame=0,0,327,0,12,19,5,62
frame=0,1,197,101,14,18,6,62
frame=0,2,0,178,16,17,7,62
frame=0,3,212,101,14,18,6,62
frame=0,4,340,0,12,19,5,62
frame=0,5,227,101,13,18,6,62
frame=0,6,17,178,16,17,7,62
frame=0,7,241,101,13,18,5,62
frame=1,0,353,0,13,19,6,62
frame=1,1,255,101,14,18,6,62
frame=1,2,34,178,16,17,7,62
frame=1,3,270,101,14,18,6,62
frame=1,4,367,0,13,19,5,62
frame=1,5,381,0,14,19,6,62
frame=1,6,51,178,16,17,7,62
frame=1,7,396,0,13,19,5,62
frame=2,0,0,0,12,20,5,63
frame=2,1,285,101,15,18,6,62
frame=2,2,68,178,16,17,7,62
frame=2,3,410,0,15,19,7,63
frame=2,4,426,0,12,19,5,62
frame=2,5,439,0,14,19,7,63
frame=2,6,85,178,16,17,7,63
frame=2,7,454,0,14,19,5,63
frame=3,0,327,0,12,19,5,62
frame=3,1,301,101,14,18,6,62
frame=3,2,102,178,16,17,7,62
frame=3,3,212,101,14,18,6,62
frame=3,4,469,0,12,19,5,62
frame=3,5,227,101,13,18,6,62
frame=3,6,119,178,16,17,7,62
frame=3,7,241,101,13,18,5,62

[run]
frames=10
duration=660ms
type=looped
frame=0,0,482,0,12,19,8,59
frame=0,1,495,0,14,19,8,60
frame=0,2,316,101,17,18,8,61
frame=0,3,0,21,15,19,5,61
frame=0,4,16,21,12,19,2,59
frame=0,5,334,101,14,18,4,58
frame=0,6,136,178,17,17,7,58
frame=0,7,29,21,14,19,7,58
frame=1,0,44,21,12,19,8,58
frame=1,1,57,21,14,19,8,59
frame=1,2,154,178,17,17,8,60
frame=1,3,72,21,15,19,5,60
frame=1,4,13,0,12,20,2,59
frame=1,5,88,21,14,19,4,58
frame=1,6,172,178,17,17,7,57
frame=1,7,349,101,15,18,8,57
frame=2,0,103,21,12,19,8,59
frame=2,1,116,21,14,19,8,60
frame=2,2,190,178,16,17,7,60
frame=2,3,131,21,15,19,5,60
frame=2,4,147,21,12,19,2,59
frame=2,5,160,21,14,19,4,58
frame=2,6,207,178,16,17,7,57
frame=2,7,175,21,14,19,7,58
frame=3,0,190,21,12,19,8,60
frame=3,1,203,21,15,19,8,61
frame=3,2,224,178,16,17,7,61
frame=3,3,219,21,14,19,4,61
frame=3,4,26,0,12,20,2,60
frame=3,5,234,21,14,19,5,59
frame=3,6,241,178,16,17,7,58
frame=3,7,249,21,13,19,7,59
frame=4,0,263,21,12,19,8,60
frame=4,1,276,21,15,19,8,61
frame=4,2,365,101,17,18,7,62
frame=4,3,292,21,14,19,4,61
frame=4,4,39,0,12,20,2,60
frame=4,5,307,21,14,19,5,59
frame=4,6,258,178,17,17,8,59
frame=4,7,383,101,14,18,8,59
frame=5,0,52,0,12,20,8,60
frame=5,1,322,21,15,19,8,61
frame=5,2,398,101,17,18,7,61
frame=5,3,416,101,14,18,4,60
frame=5,4,338,21,12,19,2,59
frame=5,5,351,21,14,19,5,58
frame=5,6,276,178,17,17,8,58
frame=5,7,431,101,14,18,8,58
frame=6,0,65,0,12,20,8,59
frame=6,1,366,21,15,19,8,60
frame=6,2,294,178,17,17,7,60
frame=6,3,446,101,14,18,4,59
frame=6,4,382,21,12,19,2,58
frame=6,5,461,101,15,18,5,57
frame=6,6,312,178,17,17,8,57
frame=6,7,395,21,14,19,8,58
frame=7,0,410,21,12,19,8,59
frame=7,1,423,21,15,19,8,60
frame=7,2,330,178,16,17,7,60
frame=7,3,439,21,14,19,4,60
frame=7,4,78,0,12,20,2,59
frame=7,5,454,21,14,19,5,58
frame=7,6,347,178,16,17,7,57
frame=7,7,469,21,13,19,7,58
frame=8,0,483,21,12,19,8,60
frame=8,1,496,21,14,19,8,61
frame=8,2,364,178,16,17,7,61
frame=8,3,0,41,15,19,5,61
frame=8,4,16,41,12,19,2,60
frame=8,5,29,41,14,19,4,59
frame=8,6,381,178,16,17,7,58
frame=8,7,477,101,14,18,7,58
frame=9,0,44,41,12,19,8,60
frame=9,1,57,41,14,19,8,61
frame=9,2,492,101,17,18,8,62
frame=9,3,72,41,15,19,5,61
frame=9,4,88,41,12,19,2,60
frame=9,5,0,121,14,18,4,59
frame=9,6,398,178,17,17,7,59
frame=9,7,101,41,14,19,7,59

[swing]
frames=8
duration=640ms
type=play_once
hit=160ms
frame=0,0,91,0,13,20,2,63
frame=0,1,15,121,14,18,3,61
frame=0,2,416,178,16,17,6,60
frame=0,3,30,121,15,18,8,60
frame=0,4,116,41,13,19,9,61
frame=0,5,105,0,13,20,9,63
frame=0,6,433,178,16,17,8,64
frame=0,7,130,41,15,19,5,64
frame=1,0,119,0,13,20,1,63
frame=1,1,146,41,14,19,2,61
frame=1,2,450,178,16,17,5,59
frame=1,3,46,121,16,18,8,59
frame=1,4,161,41,13,19,10,60
frame=1,5,175,41,13,19,10,62
frame=1,6,63,121,16,18,9,64
frame=1,7,189,41,16,19,6,64
frame=2,0,133,0,13,20,12,61
frame=2,1,206,41,15,19,10,63
frame=2,2,80,121,17,18,7,64
frame=2,3,222,41,14,19,2,63
frame=2,4,98,121,13,18,-1,60
frame=2,5,112,121,15,18,3,58
frame=2,6,258,214,17,16,8,57
frame=2,7,128,121,14,18,10,58
frame=3,0,237,41,13,19,13,62
frame=3,1,251,41,16,19,10,64
frame=3,2,143,121,16,18,5,64
frame=3,3,268,41,15,19,0,62
frame=3,4,284,41,13,19,-2,59
frame=3,5,160,121,16,18,4,57
frame=3,6,467,178,16,17,9,57
frame=3,7,298,41,15,19,13,59
frame=4,0,314,41,13,19,12,62
frame=4,1,328,41,16,19,10,64
frame=4,2,177,121,16,18,5,64
frame=4,3,147,0,14,20,0,62
frame=4,4,345,41,13,19,-1,59
frame=4,5,194,121,16,18,4,57
frame=4,6,276,214,16,16,9,57
frame=4,7,359,41,14,19,12,59
frame=5,0,374,41,13,19,12,61
frame=5,1,211,121,15,18,10,63
frame=5,2,227,121,16,18,6,64
frame=5,3,388,41,14,19,1,62
frame=5,4,403,41,13,19,-1,60
frame=5,5,244,121,15,18,3,58
frame=5,6,293,214,16,16,8,57
frame=5,7,417,41,14,19,11,59
frame=6,0,162,0,13,20,9,62
frame=6,1,432,41,15,19,8,63
frame=6,2,484,178,16,17,7,63
frame=6,3,448,41,14,19,4,63
frame=6,4,463,41,13,19,2,61
frame=6,5,260,121,14,18,5,60
frame=6,6,0,196,16,17,7,60
frame=6,7,275,121,14,18,8,60
frame=7,0,477,41,12,19,5,63
frame=7,1,490,41,14,19,6,63
frame=7,2,290,121,16,18,7,63
frame=7,3,0,61,14,19,6,63
frame=7,4,307,121,12,18,5,62
frame=7,5,15,61,13,19,6,63
frame=7,6,17,196,16,17,7,63
frame=7,7,29,61,13,19,5,63

[swing2]
frames=8
duration=680ms
type=play_once
hit=170ms
frame=0,0,320,121,13,18,-1,63
frame=0,1,43,61,14,19,2,61
frame=0,2,310,214,17,16,7,59
frame=0,3,334,121,15,18,9,60
frame=0,4,58,61,13,19,12,62
frame=0,5,501,214,10,15,8,64
frame=0,6,350,121,17,18,8,66
frame=0,7,72,61,15,19,4,65
frame=1,0,368,121,13,18,-4,63
frame=1,1,34,196,13,17,-2,59
frame=1,2,328,214,16,16,6,57
frame=1,3,48,196,15,17,11,58
frame=1,4,382,121,13,18,15,61
frame=1,5,88,61,15,19,13,65
frame=1,6,396,121,16,18,8,67
frame=1,7,104,61,16,19,3,66
frame=2,0,413,121,13,18,21,57
frame=2,1,121,61,15,19,16,63
frame=2,2,64,196,16,17,7,65
frame=2,3,137,61,15,19,-3,63
frame=2,4,427,121,13,18,-10,57
frame=2,5,441,121,15,18,-3,52
frame=2,6,345,214,16,16,7,50
frame=2,7,457,121,15,18,16,52
frame=3,0,153,61,14,19,24,56
frame=3,1,473,121,15,18,18,62
frame=3,2,81,196,16,17,7,65
frame=3,3,168,61,15,19,-5,62
frame=3,4,184,61,14,19,-12,56
frame=3,5,98,196,15,17,-5,49
frame=3,6,0,232,16,15,7,47
frame=3,7,114,196,15,17,18,49
frame=4,0,489,121,14,18,23,56
frame=4,1,199,61,16,19,18,63
frame=4,2,130,196,16,17,7,65
frame=4,3,0,140,16,18,-4,62
frame=4,4,17,140,14,18,-11,56
frame=4,5,147,196,16,17,-4,50
frame=4,6,362,214,16,16,7,48
frame=4,7,164,196,16,17,18,50
frame=5,0,32,140,14,18,19,58
frame=5,1,216,61,15,19,15,63
frame=5,2,181,196,16,17,7,65
frame=5,3,232,61,14,19,-2,63
frame=5,4,47,140,14,18,-7,58
frame=5,5,62,140,15,18,-2,54
frame=5,6,379,214,16,16,7,52
frame=5,7,78,140,14,18,14,54
frame=6,0,176,0,13,20,10,62
frame=6,1,247,61,14,19,9,63
frame=6,2,93,140,16,18,7,64
frame=6,3,262,61,14,19,3,63
frame=6,4,277,61,13,19,1,61
frame=6,5,291,61,14,19,3,60
frame=6,6,198,196,16,17,7,59
frame=6,7,110,140,14,18,9,60
frame=7,0,477,41,12,19,5,63
frame=7,1,490,41,14,19,6,63
frame=7,2,290,121,16,18,7,63
frame=7,3,0,61,14,19,6,63
frame=7,4,307,121,12,18,5,62
frame=7,5,15,61,13,19,6,63
frame=7,6,17,196,16,17,7,63
frame=7,7,29,61,13,19,5,63

[swing3]
frames=8
duration=600ms
type=play_once
hit=150ms
frame=0,0,306,61,13,19,2,62
frame=0,1,320,61,14,19,3,61
frame=0,2,125,140,16,18,6,60
frame=0,3,142,140,15,18,8,60
frame=0,4,335,61,13,19,9,61
frame=0,5,349,61,13,19,9,62
frame=0,6,215,196,16,17,8,63
frame=0,7,158,140,15,18,5,63
frame=1,0,363,61,13,19,1,62
frame=1,1,377,61,14,19,2,60
frame=1,2,232,196,17,17,6,59
frame=1,3,174,140,16,18,9,59
frame=1,4,392,61,13,19,10,60
frame=1,5,406,61,13,19,10,62
frame=1,6,250,196,17,17,9,63
frame=1,7,191,140,16,18,5,63
frame=2,0,420,61,13,19,18,60
frame=2,1,434,61,15,19,13,64
frame=2,2,208,140,17,18,6,65
frame=2,3,450,61,15,19,-2,62
frame=2,4,466,61,13,19,-7,58
frame=2,5,226,140,14,18,0,54
frame=2,6,396,214,17,16,9,53
frame=2,7,241,140,15,18,15,55
frame=3,0,480,61,13,19,19,60
frame=3,1,494,61,15,19,13,64
frame=3,2,257,140,16,18,5,65
frame=3,3,0,81,15,19,-4,62
frame=3,4,16,81,13,19,-8,57
frame=3,5,268,196,15,17,0,52
frame=3,6,17,232,16,15,9,51
frame=3,7,284,196,15,17,17,54
frame=4,0,480,61,13,19,19,60
frame=4,1,494,61,15,19,13,64
frame=4,2,257,140,16,18,5,65
frame=4,3,0,81,15,19,-4,62
frame=4,4,16,81,13,19,-8,57
frame=4,5,268,196,15,17,0,52
frame=4,6,17,232,16,15,9,51
frame=4,7,284,196,15,17,17,54
frame=5,0,30,81,13,19,16,60
frame=5,1,44,81,15,19,12,64
frame=5,2,274,140,16,18,6,65
frame=5,3,190,0,15,20,-1,63
frame=5,4,60,81,13,19,-5,59
frame=5,5,291,140,14,18,1,55
frame=5,6,414,214,16,16,8,54
frame=5,7,300,196,15,17,14,56
frame=6,0,206,0,13,20,9,62
frame=6,1,74,81,14,19,8,63
frame=6,2,306,140,16,18,7,64
frame=6,3,89,81,14,19,4,63
frame=6,4,323,140,13,18,2,61
frame=6,5,337,140,14,18,4,60
frame=6,6,316,196,16,17,7,60
frame=6,7,352,140,14,18,8,60
frame=7,0,477,41,12,19,5,63
frame=7,1,490,41,14,19,6,63
frame=7,2,290,121,16,18,7,63
frame=7,3,0,61,14,19,6,63
frame=7,4,307,121,12,18,5,62
frame=7,5,15,61,13,19,6,63
frame=7,6,17,196,16,17,7,63
frame=7,7,29,61,13,19,5,63

[hit]
frames=2
duration=300ms
type=play_once
frame=0,0,220,0,13,20,5,63
frame=0,1,367,140,15,18,6,62
frame=0,2,333,196,16,17,7,62
frame=0,3,104,81,15,19,7,63
frame=0,4,383,140,13,18,6,62
frame=0,5,120,81,14,19,7,63
frame=0,6,350,196,16,17,7,63
frame=0,7,135,81,14,19,5,63
frame=1,0,234,0,13,20,5,63
frame=1,1,397,140,15,18,6,62
frame=1,2,367,196,16,17,7,62
frame=1,3,150,81,15,19,7,63
frame=1,4,413,140,13,18,6,62
frame=1,5,166,81,14,19,7,63
frame=1,6,384,196,16,17,7,63
frame=1,7,181,81,14,19,5,63

[block]
frames=2
duration=300ms
type=play_once
frame=0,0,196,81,13,19,5,63
frame=0,1,427,140,15,18,6,62
frame=0,2,333,196,16,17,7,62
frame=0,3,104,81,15,19,7,63
frame=0,4,383,140,13,18,6,62
frame=0,5,120,81,14,19,7,63
frame=0,6,350,196,16,17,7,63
frame=0,7,135,81,14,19,5,63
frame=1,0,248,0,12,20,1,62
frame=1,1,443,140,15,18,4,60
frame=1,2,401,196,16,17,7,60
frame=1,3,459,140,15,18,9,60
frame=1,4,210,81,12,19,9,61
frame=1,5,223,81,13,19,9,63
frame=1,6,418,196,16,17,7,63
frame=1,7,237,81,13,19,2,63

[cast]
frames=6
duration=600ms
type=play_once
hit=300ms
frame=0,0,251,81,12,19,7,62
frame=0,1,264,81,14,19,7,63
frame=0,2,475,140,16,18,7,63
frame=0,3,279,81,14,19,5,63
frame=0,4,294,81,12,19,3,62
frame=0,5,492,140,14,18,5,61
frame=0,6,435,196,16,17,7,61
frame=0,7,0,159,13,18,6,61
frame=1,0,307,81,13,19,11,60
frame=1,1,321,81,15,19,9,62
frame=1,2,14,159,16,18,7,63
frame=1,3,337,81,15,19,4,62
frame=1,4,353,81,13,19,0,60
frame=1,5,31,159,15,18,4,58
frame=1,6,452,196,16,17,7,58
frame=1,7,47,159,15,18,9,58
frame=2,0,367,81,13,19,12,60
frame=2,1,381,81,15,19,10,62
frame=2,2,63,159,16,18,7,63
frame=2,3,397,81,15,19,3,62
frame=2,4,413,81,13,19,-1,60
frame=2,5,80,159,15,18,3,58
frame=2,6,431,214,16,16,7,57
frame=2,7,96,159,15,18,10,58
frame=3,0,112,159,13,18,1,62
frame=3,1,126,159,16,18,5,61
frame=3,2,34,232,16,15,7,60
frame=3,3,143,159,16,18,9,61
frame=3,4,160,159,13,18,10,62
frame=3,5,427,81,16,19,9,64
frame=3,6,174,159,16,18,7,65
frame=3,7,444,81,16,19,5,64
frame=4,0,191,159,14,18,1,62
frame=4,1,469,196,15,17,4,60
frame=4,2,51,232,16,15,7,59
frame=4,3,485,196,15,17,9,60
frame=4,4,206,159,14,18,11,62
frame=4,5,461,81,15,19,9,64
frame=4,6,221,159,16,18,7,65
frame=4,7,477,81,15,19,4,64
frame=5,0,477,41,12,19,5,63
frame=5,1,490,41,14,19,6,63
frame=5,2,290,121,16,18,7,63
frame=5,3,0,61,14,19,6,63
frame=5,4,307,121,12,18,5,62
frame=5,5,15,61,13,19,6,63
frame=5,6,17,196,16,17,7,63
frame=5,7,29,61,13,19,5,63

[shoot]
frames=7
duration=700ms
type=play_once
hit=300ms
frame=0,0,493,81,12,19,4,62
frame=0,1,238,159,14,18,5,62
frame=0,2,0,214,16,17,7,62
frame=0,3,0,101,14,19,7,62
frame=0,4,15,101,12,19,6,62
frame=0,5,28,101,14,19,7,63
frame=0,6,17,214,16,17,7,63
frame=0,7,43,101,13,19,4,63
frame=1,0,261,0,12,20,2,63
frame=1,1,253,159,13,18,3,61
frame=1,2,34,214,16,17,6,60
frame=1,3,267,159,15,18,8,60
frame=1,4,57,101,12,19,8,61
frame=1,5,274,0,12,20,8,63
frame=1,6,51,214,16,17,8,63
frame=1,7,283,159,15,18,5,63
frame=2,0,261,0,12,20,2,63
frame=2,1,253,159,13,18,3,61
frame=2,2,34,214,16,17,6,60
frame=2,3,267,159,15,18,8,60
frame=2,4,57,101,12,19,8,61
frame=2,5,274,0,12,20,8,63
frame=2,6,51,214,16,17,8,63
frame=2,7,283,159,15,18,5,63
frame=3,0,299,159,13,18,0,63
frame=3,1,313,159,13,18,1,60
frame=3,2,68,214,17,17,6,59
frame=3,3,327,159,15,18,9,59
frame=3,4,287,0,13,20,11,61
frame=3,5,70,101,12,19,10,63
frame=3,6,86,214,17,17,9,64
frame=3,7,343,159,14,18,3,64
frame=4,0,83,101,13,19,0,63
frame=4,1,358,159,13,18,1,60
frame=4,2,68,214,17,17,6,59
frame=4,3,327,159,15,18,9,59
frame=4,4,287,0,13,20,11,61
frame=4,5,97,101,12,19,10,63
frame=4,6,104,214,17,17,9,64
frame=4,7,372,159,14,18,3,64
frame=5,0,301,0,12,20,2,63
frame=5,1,387,159,14,18,4,61
frame=5,2,122,214,17,17,7,61
frame=5,3,402,159,15,18,8,61
frame=5,4,110,101,12,19,8,62
frame=5,5,123,101,14,19,8,63
frame=5,6,140,214,17,17,8,64
frame=5,7,418,159,13,18,3,63
frame=6,0,477,41,12,19,5,63
frame=6,1,490,41,14,19,6,63
frame=6,2,290,121,16,18,7,63
frame=6,3,0,61,14,19,6,63
frame=6,4,307,121,12,18,5,62
frame=6,5,15,61,13,19,6,63
frame=6,6,17,196,16,17,7,63
frame=6,7,29,61,13,19,5,63

[die]
frames=6
duration=900ms
type=play_once
frame=0,0,196,81,13,19,5,63
frame=0,1,427,140,15,18,6,62
frame=0,2,333,196,16,17,7,62
frame=0,3,104,81,15,19,7,63
frame=0,4,383,140,13,18,6,62
frame=0,5,120,81,14,19,7,63
frame=0,6,350,196,16,17,7,63
frame=0,7,135,81,14,19,5,63
frame=1,0,314,0,12,20,-8,63
frame=1,1,138,101,15,19,-2,58
frame=1,2,158,214,16,17,7,56
frame=1,3,154,101,15,19,15,58
frame=1,4,170,101,12,19,18,62
frame=1,5,432,159,13,18,15,67
frame=1,6,175,214,16,17,7,69
frame=1,7,183,101,13,19,-4,67
frame=2,0,446,159,14,18,-29,55
frame=2,1,192,214,15,17,-17,43
frame=2,2,68,232,16,15,7,38
frame=2,3,208,214,15,17,30,43
frame=2,4,461,159,14,18,41,55
frame=2,5,476,159,15,18,30,68
frame=2,6,448,214,16,16,7,73
frame=2,7,492,159,15,18,-17,68
frame=3,0,224,214,16,17,-49,36
frame=3,1,120,232,17,14,-31,15
frame=3,2,206,232,16,13,7,7
frame=3,3,85,232,17,15,46,16
frame=3,4,241,214,16,17,63,36
frame=3,5,465,214,17,16,46,56
frame=3,6,103,232,16,15,7,65
frame=3,7,483,214,17,16,-31,56
frame=4,0,138,232,16,14,-59,3
frame=4,1,223,232,19,13,-36,-20
frame=4,2,243,232,16,13,7,-30
frame=4,3,260,232,19,13,53,-20
frame=4,4,155,232,16,14,73,3
frame=4,5,317,232,9,12,53,27
frame=4,6,377,232,6,8,5,37
frame=4,7,327,232,9,12,-46,27
frame=5,0,172,232,16,14,-59,3
frame=5,1,337,232,19,12,-36,-21
frame=5,2,280,232,16,13,7,-30
frame=5,3,297,232,19,13,53,-20
frame=5,4,189,232,16,14,73,3
frame=5,5,357,232,9,12,53,27
frame=5,6,384,232,6,8,5,37
frame=5,7,367,232,9,12,-46,27
