image=custom_gear_chain_cuirass.png

[stance]
frames=4
duration=800ms
type=back_forth
frame=0,0,172,499,16,34,8,54
frame=0,1,281,204,27,36,14,56
frame=0,2,218,740,29,31,14,53
frame=0,3,309,204,24,36,11,56
frame=0,4,189,499,16,34,6,54
frame=0,5,334,204,27,36,11,56
frame=0,6,248,740,29,31,13,53
frame=0,7,362,204,24,36,11,56
frame=1,0,32,390,16,35,8,55
frame=1,1,387,204,26,36,14,56
frame=1,2,0,707,29,32,14,53
frame=1,3,414,204,24,36,10,56
frame=1,4,206,499,16,34,6,54
frame=1,5,49,390,26,35,10,55
frame=1,6,278,740,29,31,13,52
frame=1,7,76,390,24,35,12,55
frame=2,0,482,570,17,33,8,54
frame=2,1,439,204,27,36,14,56
frame=2,2,308,740,29,31,14,53
frame=2,3,467,204,24,36,11,56
frame=2,4,0,605,17,33,7,54
frame=2,5,0,242,27,36,11,56
frame=2,6,338,740,29,31,13,53
frame=2,7,28,242,24,36,11,56
frame=3,0,172,499,16,34,8,54
frame=3,1,281,204,27,36,14,56
frame=3,2,368,740,29,31,14,53
frame=3,3,53,242,24,36,11,56
frame=3,4,189,499,16,34,6,54
frame=3,5,78,242,27,36,11,56
frame=3,6,398,740,29,31,13,53
frame=3,7,106,242,24,36,11,56

[run]
frames=10
duration=660ms
type=looped
frame=0,0,30,707,21,32,11,50
frame=0,1,213,89,24,37,12,54
frame=0,2,18,605,29,33,14,52
frame=0,3,131,242,27,36,10,53
frame=0,4,101,390,21,35,8,53
frame=0,5,123,390,24,35,10,52
frame=0,6,29,805,29,30,13,49
frame=0,7,223,499,27,34,15,51
frame=1,0,48,605,20,33,11,50
frame=1,1,238,89,25,37,13,53
frame=1,2,69,605,29,33,14,51
frame=1,3,264,89,26,37,10,53
frame=1,4,148,390,20,35,7,52
frame=1,5,159,242,25,36,10,52
frame=1,6,59,805,29,30,13,48
frame=1,7,169,390,26,35,14,51
frame=2,0,99,605,19,33,10,50
frame=2,1,290,47,26,38,14,54
frame=2,2,119,605,29,33,14,51
frame=2,3,291,89,25,37,10,53
frame=2,4,251,499,19,34,7,51
frame=2,5,185,242,26,36,10,52
frame=2,6,89,805,29,30,13,48
frame=2,7,196,390,25,35,13,51
frame=3,0,271,499,19,34,10,52
frame=3,1,317,89,28,37,15,54
frame=3,2,149,605,29,33,14,52
frame=3,3,317,47,25,38,10,55
frame=3,4,179,605,19,33,7,51
frame=3,5,222,390,28,35,11,52
frame=3,6,119,805,29,30,13,49
frame=3,7,212,242,25,36,13,53
frame=4,0,238,242,21,36,12,54
frame=4,1,260,242,31,36,16,54
frame=4,2,291,499,29,34,13,53
frame=4,3,346,89,24,37,10,55
frame=4,4,199,605,20,33,7,51
frame=4,5,321,499,31,34,13,52
frame=4,6,428,740,29,31,14,50
frame=4,7,251,390,24,35,12,53
frame=5,0,276,390,22,35,12,53
frame=5,1,292,242,31,36,16,53
frame=5,2,220,605,29,33,13,52
frame=5,3,371,89,24,37,10,54
frame=5,4,458,740,22,31,8,49
frame=5,5,353,499,31,34,13,51
frame=5,6,149,805,29,30,14,49
frame=5,7,299,390,24,35,12,52
frame=6,0,324,390,21,35,12,52
frame=6,1,396,89,31,37,16,53
frame=6,2,250,605,29,33,13,51
frame=6,3,428,89,24,37,10,53
frame=6,4,280,605,20,33,7,50
frame=6,5,346,390,31,35,13,51
frame=6,6,179,805,29,30,14,48
frame=6,7,324,242,24,36,12,52
frame=7,0,385,499,19,34,10,51
frame=7,1,453,89,28,37,15,53
frame=7,2,301,605,29,33,14,51
frame=7,3,343,47,25,38,10,54
frame=7,4,331,605,19,33,7,50
frame=7,5,378,390,28,35,11,51
frame=7,6,209,805,29,30,13,48
frame=7,7,349,242,25,36,13,52
frame=8,0,351,605,19,33,10,51
frame=8,1,369,47,26,38,14,55
frame=8,2,371,605,29,33,14,52
frame=8,3,482,89,25,37,10,54
frame=8,4,405,499,19,34,7,52
frame=8,5,375,242,26,36,10,53
frame=8,6,239,805,29,30,13,49
frame=8,7,407,390,25,35,13,52
frame=9,0,401,605,20,33,11,51
frame=9,1,0,128,25,37,13,55
frame=9,2,425,499,29,34,14,53
frame=9,3,402,242,26,36,10,54
frame=9,4,429,242,20,36,7,54
frame=9,5,433,390,25,35,10,53
frame=9,6,481,740,29,31,13,50
frame=9,7,455,499,26,34,14,52

[swing]
frames=8
duration=640ms
type=play_once
hit=160ms
frame=0,0,26,128,34,37,13,57
frame=0,1,450,242,21,36,9,55
frame=0,2,422,605,29,33,13,54
frame=0,3,0,535,42,34,22,53
frame=0,4,472,242,34,36,19,56
frame=0,5,0,279,21,36,10,56
frame=0,6,22,279,29,36,14,58
frame=0,7,459,390,42,35,18,55
frame=1,0,52,279,37,36,14,56
frame=1,1,0,427,26,35,9,54
frame=1,2,43,535,25,34,10,54
frame=1,3,52,707,36,32,17,51
frame=1,4,69,535,38,34,21,54
frame=1,5,396,47,25,38,15,57
frame=1,6,422,47,25,38,13,59
frame=1,7,61,128,36,37,17,56
frame=2,0,90,279,26,36,20,55
frame=2,1,98,128,32,37,22,56
frame=2,2,27,427,29,35,13,57
frame=2,3,448,47,24,38,7,57
frame=2,4,57,427,26,35,4,54
frame=2,5,108,535,32,34,8,51
frame=2,6,0,773,29,31,14,49
frame=2,7,117,279,24,36,15,53
frame=3,0,142,279,27,36,18,55
frame=3,1,141,535,32,34,17,54
frame=3,2,84,427,25,35,10,57
frame=3,3,170,279,23,36,6,56
frame=3,4,174,535,27,34,7,53
frame=3,5,89,707,32,32,13,48
frame=3,6,452,605,25,33,13,51
frame=3,7,131,128,23,37,15,53
frame=4,0,194,279,28,36,18,55
frame=4,1,202,535,31,34,16,54
frame=4,2,223,279,24,36,10,58
frame=4,3,234,535,21,34,6,54
frame=4,4,256,535,28,34,8,53
frame=4,5,478,605,31,33,13,49
frame=4,6,0,639,24,33,12,51
frame=4,7,155,128,21,37,13,53
frame=5,0,248,279,26,36,19,55
frame=5,1,110,427,31,35,17,55
frame=5,2,285,535,28,34,11,56
frame=5,3,177,128,21,37,6,57
frame=5,4,142,427,26,35,5,54
frame=5,5,314,535,31,34,12,50
frame=5,6,122,707,28,32,15,50
frame=5,7,169,427,21,35,13,51
frame=6,0,275,279,22,36,14,56
frame=6,1,298,279,30,36,17,56
frame=6,2,25,639,29,33,13,55
frame=6,3,199,128,22,37,8,57
frame=6,4,151,707,22,32,6,52
frame=6,5,191,427,30,35,11,53
frame=6,6,174,707,29,32,14,52
frame=6,7,222,128,22,37,12,55
frame=7,0,55,639,16,33,8,54
frame=7,1,329,279,27,36,14,56
frame=7,2,204,707,29,32,14,54
frame=7,3,357,279,24,36,11,56
frame=7,4,72,639,16,33,6,54
frame=7,5,382,279,27,36,11,56
frame=7,6,30,773,29,31,13,53
frame=7,7,410,279,24,36,11,56

[swing2]
frames=8
duration=680ms
type=play_once
hit=170ms
frame=0,0,123,0,19,43,7,64
frame=0,1,143,0,25,43,10,63
frame=0,2,245,128,33,37,16,59
frame=0,3,169,0,30,43,14,63
frame=0,4,80,0,19,44,10,65
frame=0,5,200,0,25,43,13,64
frame=0,6,473,47,33,38,15,61
frame=0,7,26,47,30,40,14,61
frame=1,0,26,0,22,45,7,66
frame=1,1,226,0,25,43,9,63
frame=1,2,435,279,31,36,14,58
frame=1,3,57,47,28,40,16,60
frame=1,4,100,0,22,44,13,65
frame=1,5,0,0,25,46,14,67
frame=1,6,252,0,31,42,15,65
frame=1,7,49,0,30,45,10,66
frame=2,0,222,427,25,35,22,53
frame=2,1,279,128,34,37,25,56
frame=2,2,89,639,32,33,16,54
frame=2,3,314,128,33,37,7,56
frame=2,4,248,427,25,35,1,53
frame=2,5,234,707,34,32,7,47
frame=2,6,335,837,32,25,14,42
frame=2,7,269,707,33,32,24,47
frame=3,0,274,427,24,35,21,52
frame=3,1,467,279,31,36,23,55
frame=3,2,122,639,32,33,16,54
frame=3,3,0,316,30,36,6,55
frame=3,4,299,427,24,35,1,52
frame=3,5,269,805,31,30,6,45
frame=3,6,430,837,32,24,14,40
frame=3,7,301,805,30,30,22,45
frame=4,0,324,427,23,35,20,52
frame=4,1,348,128,31,37,23,56
frame=4,2,155,639,32,33,16,54
frame=4,3,380,128,30,37,6,56
frame=4,4,348,427,23,35,1,52
frame=4,5,60,773,31,31,6,46
frame=4,6,368,837,32,25,14,41
frame=4,7,92,773,30,31,22,46
frame=5,0,372,427,22,35,18,53
frame=5,1,411,128,31,37,21,56
frame=5,2,188,639,31,33,15,54
frame=5,3,443,128,28,37,7,56
frame=5,4,395,427,22,35,2,53
frame=5,5,220,639,31,33,8,49
frame=5,6,245,837,31,26,14,44
frame=5,7,252,639,28,33,19,49
frame=6,0,346,535,18,34,11,54
frame=6,1,472,128,28,37,17,57
frame=6,2,303,707,30,32,15,54
frame=6,3,0,166,25,37,9,57
frame=6,4,365,535,18,34,5,54
frame=6,5,418,427,27,35,9,54
frame=6,6,332,805,30,30,13,50
frame=6,7,446,427,25,35,14,54
frame=7,0,55,639,16,33,8,54
frame=7,1,329,279,27,36,14,56
frame=7,2,204,707,29,32,14,54
frame=7,3,357,279,24,36,11,56
frame=7,4,72,639,16,33,6,54
frame=7,5,382,279,27,36,11,56
frame=7,6,30,773,29,31,13,53
frame=7,7,410,279,24,36,11,56

[swing3]
frames=8
duration=600ms
type=play_once
hit=150ms
frame=0,0,31,316,31,36,14,56
frame=0,1,472,427,21,35,8,54
frame=0,2,384,535,29,34,14,54
frame=0,3,281,639,38,33,19,52
frame=0,4,0,463,32,35,15,55
frame=0,5,33,463,21,35,11,55
frame=0,6,414,535,28,34,13,56
frame=0,7,443,535,37,34,16,54
frame=1,0,26,166,33,37,14,56
frame=1,1,63,316,21,36,8,54
frame=1,2,320,639,27,33,12,53
frame=1,3,348,639,37,33,19,51
frame=1,4,85,316,34,36,17,55
frame=1,5,386,639,21,33,11,52
frame=1,6,55,463,27,35,13,56
frame=1,7,83,463,37,35,16,54
frame=2,0,60,166,29,37,25,54
frame=2,1,120,316,29,36,21,55
frame=2,2,150,316,28,36,12,58
frame=2,3,0,89,24,38,5,57
frame=2,4,481,535,29,34,2,51
frame=2,5,408,639,29,33,6,47
frame=2,6,123,773,28,31,14,46
frame=2,7,0,570,24,34,17,48
frame=3,0,90,166,30,37,27,54
frame=3,1,179,316,29,36,21,55
frame=3,2,209,316,28,36,11,58
frame=3,3,25,89,24,38,4,57
frame=3,4,438,639,29,33,1,50
frame=3,5,334,707,29,32,6,46
frame=3,6,152,773,28,31,15,45
frame=3,7,364,707,24,32,18,46
frame=4,0,90,166,30,37,27,54
frame=4,1,179,316,29,36,21,55
frame=4,2,209,316,28,36,11,58
frame=4,3,25,89,24,38,4,57
frame=4,4,438,639,29,33,1,50
frame=4,5,334,707,29,32,6,46
frame=4,6,152,773,28,31,15,45
frame=4,7,364,707,24,32,18,46
frame=5,0,121,166,28,37,23,55
frame=5,1,150,166,30,37,21,56
frame=5,2,25,570,28,34,12,56
frame=5,3,50,89,23,38,5,57
frame=5,4,468,639,28,33,3,51
frame=5,5,54,570,30,34,7,49
frame=5,6,181,773,28,31,14,47
frame=5,7,121,463,23,35,16,50
frame=6,0,145,463,21,35,14,55
frame=6,1,238,316,29,36,18,56
frame=6,2,389,707,29,32,13,54
frame=6,3,181,166,23,37,8,57
frame=6,4,0,673,21,33,5,53
frame=6,5,268,316,29,36,9,54
frame=6,6,210,773,29,31,14,51
frame=6,7,298,316,23,36,13,54
frame=7,0,55,639,16,33,8,54
frame=7,1,329,279,27,36,14,56
frame=7,2,204,707,29,32,14,54
frame=7,3,357,279,24,36,11,56
frame=7,4,72,639,16,33,6,54
frame=7,5,382,279,27,36,11,56
frame=7,6,30,773,29,31,13,53
frame=7,7,410,279,24,36,11,56

[hit]
frames=2
duration=300ms
type=play_once
frame=0,0,419,707,16,32,7,53
frame=0,1,322,316,27,36,14,56
frame=0,2,240,773,30,31,14,53
frame=0,3,350,316,24,36,11,56
frame=0,4,22,673,16,33,7,54
frame=0,5,375,316,26,36,11,56
frame=0,6,271,773,30,31,14,53
frame=0,7,402,316,24,36,11,56
frame=1,0,436,707,16,32,7,53
frame=1,1,427,316,27,36,14,56
frame=1,2,302,773,30,31,14,53
frame=1,3,455,316,24,36,11,56
frame=1,4,39,673,16,33,7,54
frame=1,5,480,316,26,36,11,56
frame=1,6,333,773,30,31,14,53
frame=1,7,0,353,24,36,11,56

[block]
frames=2
duration=300ms
type=play_once
frame=0,0,453,707,16,32,7,53
frame=0,1,25,353,24,36,11,56
frame=0,2,364,773,30,31,14,53
frame=0,3,50,353,24,36,11,56
frame=0,4,56,673,16,33,7,54
frame=0,5,75,353,24,36,11,56
frame=0,6,395,773,30,31,14,53
frame=0,7,100,353,24,36,11,56
frame=1,0,85,570,20,34,9,54
frame=1,1,167,463,30,35,15,54
frame=1,2,470,707,29,32,14,52
frame=1,3,198,463,28,35,13,54
frame=1,4,227,463,21,35,9,55
frame=1,5,205,166,28,37,13,56
frame=1,6,0,740,29,32,13,53
frame=1,7,234,166,28,37,13,56

[cast]
frames=6
duration=600ms
type=play_once
hit=300ms
frame=0,0,249,463,18,35,10,55
frame=0,1,263,166,26,37,14,56
frame=0,2,30,740,28,32,13,53
frame=0,3,290,166,26,37,10,56
frame=0,4,106,570,18,34,6,54
frame=0,5,125,353,25,36,10,55
frame=0,6,426,773,28,31,13,52
frame=0,7,151,353,25,36,13,55
frame=1,0,125,570,19,34,11,53
frame=1,1,317,166,26,37,14,55
frame=1,2,73,673,28,33,13,53
frame=1,3,344,166,26,37,10,55
frame=1,4,145,570,19,34,6,53
frame=1,5,165,570,26,34,10,52
frame=1,6,456,805,28,29,13,49
frame=1,7,192,570,26,34,14,52
frame=2,0,268,463,20,35,12,54
frame=2,1,371,166,26,37,14,55
frame=2,2,102,673,28,33,13,53
frame=2,3,398,166,26,37,10,55
frame=2,4,289,463,20,35,6,54
frame=2,5,219,570,26,34,10,52
frame=2,6,216,837,28,28,13,48
frame=2,7,246,570,26,34,14,52
frame=3,0,284,0,18,42,9,63
frame=3,1,360,0,32,41,18,62
frame=3,2,310,463,40,35,19,58
frame=3,3,393,0,32,41,12,62
frame=3,4,303,0,18,42,7,63
frame=3,5,224,47,32,39,12,59
frame=3,6,59,740,38,32,18,54
frame=3,7,257,47,32,39,18,59
frame=4,0,322,0,18,42,8,63
frame=4,1,426,0,31,41,17,62
frame=4,2,351,463,42,35,20,58
frame=4,3,458,0,31,41,12,62
frame=4,4,341,0,18,42,8,63
frame=4,5,86,47,31,40,12,60
frame=4,6,98,740,40,32,20,54
frame=4,7,118,47,32,40,18,60
frame=5,0,55,639,16,33,8,54
frame=5,1,329,279,27,36,14,56
frame=5,2,204,707,29,32,14,54
frame=5,3,357,279,24,36,11,56
frame=5,4,72,639,16,33,6,54
frame=5,5,382,279,27,36,11,56
frame=5,6,30,773,29,31,13,53
frame=5,7,410,279,24,36,11,56

[shoot]
frames=7
duration=700ms
type=play_once
hit=300ms
frame=0,0,425,166,29,37,17,57
frame=0,1,74,89,26,38,14,58
frame=0,2,177,353,33,36,19,57
frame=0,3,455,166,35,37,14,57
frame=0,4,0,204,29,37,10,57
frame=0,5,30,204,27,37,10,57
frame=0,6,131,673,32,33,12,55
frame=0,7,273,570,33,34,17,54
frame=1,0,211,353,28,36,14,56
frame=1,1,394,463,24,35,11,54
frame=1,2,307,570,32,34,18,55
frame=1,3,58,204,31,37,16,56
frame=1,4,240,353,28,36,12,56
frame=1,5,101,89,24,38,11,58
frame=1,6,340,570,31,34,12,56
frame=1,7,164,673,31,33,13,53
frame=2,0,269,353,28,36,14,56
frame=2,1,419,463,24,35,11,54
frame=2,2,307,570,32,34,18,55
frame=2,3,90,204,30,37,16,56
frame=2,4,298,353,28,36,12,56
frame=2,5,126,89,24,38,11,58
frame=2,6,372,570,31,34,12,56
frame=2,7,196,673,30,33,12,53
frame=3,0,121,204,25,37,10,57
frame=3,1,404,570,23,34,10,53
frame=3,2,227,673,33,33,18,53
frame=3,3,151,89,30,38,16,57
frame=3,4,0,47,25,41,13,61
frame=3,5,151,47,23,40,11,60
frame=3,6,444,463,31,35,13,57
frame=3,7,476,463,29,35,12,55
frame=4,0,147,204,24,37,9,57
frame=4,1,261,673,23,33,10,52
frame=4,2,285,673,33,33,18,53
frame=4,3,182,89,30,38,16,57
frame=4,4,175,47,24,40,13,60
frame=4,5,200,47,23,40,11,60
frame=4,6,0,499,32,35,13,57
frame=4,7,33,499,30,35,12,55
frame=5,0,327,353,22,36,10,56
frame=5,1,172,204,27,37,15,56
frame=5,2,139,740,32,32,17,53
frame=5,3,64,499,30,35,14,54
frame=5,4,95,499,22,35,10,55
frame=5,5,200,204,26,37,10,57
frame=5,6,319,673,32,33,13,55
frame=5,7,350,353,30,36,14,56
frame=6,0,55,639,16,33,8,54
frame=6,1,329,279,27,36,14,56
frame=6,2,204,707,29,32,14,54
frame=6,3,357,279,24,36,11,56
frame=6,4,72,639,16,33,6,54
frame=6,5,382,279,27,36,11,56
frame=6,6,30,773,29,31,13,53
frame=6,7,410,279,24,36,11,56

[die]
frames=6
duration=900ms
type=play_once
frame=0,0,172,740,16,32,7,53
frame=0,1,25,353,24,36,11,56
frame=0,2,364,773,30,31,14,53
frame=0,3,381,353,24,36,11,56
frame=0,4,352,673,16,33,7,54
frame=0,5,406,353,24,36,11,56
frame=0,6,455,773,30,31,14,53
frame=0,7,431,353,24,36,11,56
frame=1,0,369,673,19,33,0,53
frame=1,1,428,570,26,34,5,52
frame=1,2,363,805,28,30,13,49
frame=1,3,455,570,26,34,19,52
frame=1,4,389,673,19,33,17,53
frame=1,5,227,204,26,37,19,60
frame=1,6,409,673,28,33,13,59
frame=1,7,254,204,26,37,5,60
frame=2,0,118,499,26,35,-11,52
frame=2,1,392,805,31,30,-3,40
frame=2,2,401,837,28,25,13,35
frame=2,3,424,805,31,30,32,40
frame=2,4,145,499,26,35,35,52
frame=2,5,456,353,31,36,32,61
frame=2,6,189,740,28,32,13,62
frame=2,7,0,390,31,36,-3,61
frame=3,0,0,837,32,29,-24,35
frame=3,1,305,867,36,20,-12,17
frame=3,2,379,867,28,17,13,10
frame=3,3,342,867,36,20,46,17
frame=3,4,33,837,32,29,54,35
frame=3,5,438,673,36,33,46,51
frame=3,6,0,805,28,31,13,56
frame=3,7,475,673,36,33,-12,51
frame=4,0,463,837,33,24,-32,11
frame=4,1,66,837,37,29,-17,-3
frame=4,2,277,837,28,26,13,-11
frame=4,3,104,837,37,29,52,-3
frame=4,4,0,867,32,24,62,11
frame=4,5,33,867,35,24,52,27
frame=4,6,136,867,28,23,13,34
frame=4,7,165,867,37,23,-17,26
frame=5,0,69,867,33,24,-32,11
frame=5,1,142,837,36,29,-18,-3
frame=5,2,306,837,28,26,13,-11
frame=5,3,179,837,36,29,52,-3
frame=5,4,103,867,32,24,62,11
frame=5,5,203,867,35,23,52,26
frame=5,6,239,867,28,23,13,34
frame=5,7,268,867,36,23,-18,26
