image=custom_gear_cloth_gloves.png

[stance]
frames=4
duration=800ms
type=back_forth
frame=0,0,361,233,14,14,18,43
frame=0,1,487,306,10,10,21,44
frame=0,2,376,233,27,14,14,48
frame=0,3,366,329,10,8,-8,38
frame=0,4,434,65,16,23,-4,48
frame=0,5,199,115,27,21,4,43
frame=0,6,83,264,28,13,12,37
frame=0,7,404,233,21,14,16,39
frame=1,0,263,216,14,15,18,43
frame=1,1,262,318,10,9,21,43
frame=1,2,426,233,28,14,14,47
frame=1,3,273,318,10,9,-8,38
frame=1,4,451,65,16,23,-4,48
frame=1,5,50,138,27,20,4,42
frame=1,6,112,264,28,13,12,36
frame=1,7,455,233,21,14,16,39
frame=2,0,477,233,14,14,18,43
frame=2,1,284,318,10,9,21,44
frame=2,2,0,249,27,14,14,48
frame=2,3,227,115,13,21,-5,51
frame=2,4,52,65,16,24,-4,49
frame=2,5,78,138,27,20,4,43
frame=2,6,28,249,28,14,12,38
frame=2,7,57,249,21,14,16,40
frame=3,0,361,233,14,14,18,43
frame=3,1,487,306,10,10,21,44
frame=3,2,376,233,27,14,14,48
frame=3,3,366,329,10,8,-8,38
frame=3,4,434,65,16,23,-4,48
frame=3,5,199,115,27,21,4,43
frame=3,6,141,264,28,13,12,37
frame=3,7,404,233,21,14,16,39

[run]
frames=10
duration=660ms
type=looped
frame=0,0,106,138,18,20,20,41
frame=0,1,377,329,10,8,19,35
frame=0,2,388,329,4,8,15,40
frame=0,3,393,329,8,8,-13,40
frame=0,4,427,160,14,18,-8,43
frame=0,5,442,160,19,18,-2,38
frame=0,6,170,264,27,13,10,33
frame=0,7,480,180,28,16,19,35
frame=1,0,0,160,15,19,18,40
frame=1,1,295,318,11,9,20,35
frame=1,2,153,339,4,7,15,39
frame=1,3,307,318,7,9,-13,38
frame=1,4,462,160,12,18,-8,42
frame=1,5,16,160,21,19,-1,38
frame=1,6,198,264,27,13,10,32
frame=1,7,278,216,26,15,18,34
frame=2,0,0,199,12,16,17,39
frame=2,1,402,329,9,8,21,37
frame=2,2,58,279,27,12,14,43
frame=2,3,412,329,10,8,-9,35
frame=2,4,241,115,14,21,-5,43
frame=2,5,38,160,26,19,3,38
frame=2,6,86,279,27,12,11,32
frame=2,7,305,216,23,15,17,35
frame=3,0,423,329,11,8,20,34
frame=3,1,315,318,9,9,22,41
frame=3,2,225,339,6,5,-8,34
frame=3,3,325,318,9,9,-6,34
frame=3,4,69,65,22,24,0,45
frame=3,5,475,160,31,18,7,38
frame=3,6,339,293,27,11,12,34
frame=3,7,13,199,16,16,13,38
frame=4,0,335,318,11,9,22,37
frame=4,1,114,279,34,12,22,44
frame=4,2,468,65,21,23,7,50
frame=4,3,193,37,9,26,-3,50
frame=4,4,0,91,28,23,4,45
frame=4,5,30,199,34,16,10,39
frame=4,6,79,249,26,14,12,37
frame=4,7,226,264,11,13,10,36
frame=5,0,435,329,12,8,23,36
frame=5,1,329,216,35,15,22,45
frame=5,2,92,65,22,24,8,50
frame=5,3,452,0,12,27,-1,50
frame=5,4,115,65,31,24,6,45
frame=5,5,365,216,35,15,11,38
frame=5,6,106,249,25,14,12,37
frame=5,7,347,318,11,9,11,32
frame=6,0,359,318,11,9,22,35
frame=6,1,149,279,34,12,22,43
frame=6,2,448,329,7,8,-7,33
frame=6,3,465,0,10,27,-2,49
frame=6,4,147,65,28,24,4,44
frame=6,5,65,199,34,16,10,37
frame=6,6,132,249,26,14,12,36
frame=6,7,184,279,11,12,10,34
frame=7,0,371,318,11,9,20,34
frame=7,1,383,318,9,9,22,40
frame=7,2,232,339,6,5,-8,33
frame=7,3,29,91,9,23,-6,47
frame=7,4,176,65,22,24,0,44
frame=7,5,214,180,31,17,7,37
frame=7,6,367,293,27,11,12,33
frame=7,7,100,199,16,16,13,37
frame=8,0,117,199,12,16,17,40
frame=8,1,456,329,9,8,21,38
frame=8,2,196,279,27,12,14,44
frame=8,3,466,329,8,8,-10,36
frame=8,4,256,115,14,21,-5,44
frame=8,5,65,160,26,19,3,39
frame=8,6,224,279,27,12,11,33
frame=8,7,401,216,22,15,16,36
frame=9,0,0,180,15,18,18,41
frame=9,1,475,329,10,8,20,36
frame=9,2,158,339,3,7,15,41
frame=9,3,393,318,8,9,-12,40
frame=9,4,92,160,12,19,-8,44
frame=9,5,16,180,22,18,0,39
frame=9,6,159,249,27,14,10,34
frame=9,7,130,199,26,16,18,36

[swing]
frames=8
duration=640ms
type=play_once
hit=160ms
frame=0,0,125,138,46,20,24,52
frame=0,1,312,0,14,29,9,58
frame=0,2,199,65,40,24,24,57
frame=0,3,395,293,57,11,29,51
frame=0,4,391,0,46,28,20,60
frame=0,5,0,0,13,36,2,63
frame=0,6,198,0,40,30,14,58
frame=0,7,424,216,57,15,26,50
frame=1,0,252,279,53,12,25,49
frame=1,1,203,37,30,26,15,56
frame=1,2,476,0,26,27,14,58
frame=1,3,157,199,52,16,27,52
frame=1,4,271,115,53,21,26,55
frame=1,5,51,0,30,33,13,62
frame=1,6,14,0,26,34,10,61
frame=1,7,203,91,52,22,23,55
frame=2,0,486,329,21,8,30,42
frame=2,1,402,318,8,9,27,52
frame=2,2,256,91,27,22,11,58
frame=2,3,438,0,13,28,-10,58
frame=2,4,0,37,23,27,-9,50
frame=2,5,284,91,31,22,2,41
frame=2,6,187,249,28,14,14,34
frame=2,7,306,279,15,12,21,37
frame=3,0,246,339,3,4,-4,39
frame=3,1,316,91,11,22,-3,52
frame=3,2,386,37,10,25,-8,50
frame=3,3,240,65,15,24,-3,45
frame=3,4,328,91,19,22,5,41
frame=3,5,39,180,16,18,12,39
frame=3,6,246,180,10,17,16,42
frame=3,7,210,199,8,16,16,47
frame=4,0,250,339,4,4,-4,39
frame=4,1,216,249,10,14,-5,43
frame=4,2,56,180,10,18,-7,43
frame=4,3,348,91,12,22,-2,43
frame=4,4,172,138,16,20,6,40
frame=4,5,67,180,15,18,13,40
frame=4,6,219,199,10,16,15,42
frame=4,7,262,339,3,3,12,45
frame=5,0,239,339,6,5,18,45
frame=5,1,208,339,7,6,-6,38
frame=5,2,0,339,9,8,-9,35
frame=5,3,39,91,14,23,-7,45
frame=5,4,325,115,22,21,2,40
frame=5,5,482,216,23,15,11,35
frame=5,6,453,293,16,11,16,35
frame=5,7,470,293,10,11,19,40
frame=6,0,10,339,9,8,20,40
frame=6,1,266,339,4,3,16,46
frame=6,2,216,339,8,6,-8,36
frame=6,3,54,91,10,23,-8,48
frame=6,4,361,91,21,22,-1,43
frame=6,5,230,199,26,16,8,37
frame=6,6,481,293,23,11,14,35
frame=6,7,238,264,12,13,16,40
frame=7,0,227,249,14,14,18,43
frame=7,1,411,318,10,9,21,44
frame=7,2,0,249,27,14,14,48
frame=7,3,422,318,10,9,-8,39
frame=7,4,65,91,16,23,-4,48
frame=7,5,189,138,27,20,4,43
frame=7,6,251,264,28,13,12,37
frame=7,7,242,249,21,14,16,40

[swing2]
frames=8
duration=680ms
type=play_once
hit=170ms
frame=0,0,383,91,17,22,3,72
frame=0,1,217,138,23,20,8,70
frame=0,2,322,279,33,12,16,65
frame=0,3,257,199,31,16,18,68
frame=0,4,82,91,17,23,12,73
frame=0,5,401,91,23,22,13,74
frame=0,6,264,249,33,14,15,71
frame=0,7,83,180,31,18,11,72
frame=1,0,425,91,18,22,-7,68
frame=1,1,348,115,22,21,-2,62
frame=1,2,0,233,31,15,13,56
frame=1,3,280,264,30,13,23,57
frame=1,4,105,160,18,19,23,65
frame=1,5,257,180,21,17,22,69
frame=1,6,0,318,31,10,16,69
frame=1,7,289,199,30,16,5,70
frame=2,0,444,91,13,22,32,42
frame=2,1,279,180,20,17,32,49
frame=2,2,20,339,7,8,17,49
frame=2,3,28,339,10,8,-22,43
frame=2,4,241,138,12,20,-22,44
frame=2,5,115,180,26,18,-8,33
frame=2,6,0,306,31,11,12,25
frame=2,7,124,160,28,19,30,32
frame=3,0,100,91,13,23,26,37
frame=3,1,32,306,10,11,27,34
frame=3,2,433,318,32,9,17,40
frame=3,3,466,318,10,9,-18,36
frame=3,4,254,138,10,20,-18,38
frame=3,5,153,160,24,19,-5,30
frame=3,6,43,306,32,11,13,22
frame=3,7,265,138,28,20,26,29
frame=4,0,114,91,13,23,26,38
frame=4,1,32,318,9,10,27,34
frame=4,2,477,318,32,9,17,41
frame=4,3,0,329,9,9,-19,37
frame=4,4,294,138,10,20,-18,39
frame=4,5,305,138,24,20,-5,31
frame=4,6,356,279,32,12,13,23
frame=4,7,178,160,28,19,26,29
frame=5,0,458,91,11,22,23,40
frame=5,1,42,318,10,10,26,37
frame=5,2,39,339,30,8,16,43
frame=5,3,10,329,10,9,-16,38
frame=5,4,330,138,11,20,-14,41
frame=5,5,142,180,25,18,-3,33
frame=5,6,76,306,30,11,12,26
frame=5,7,207,160,26,19,24,32
frame=6,0,320,199,13,16,20,42
frame=6,1,70,339,9,8,23,41
frame=6,2,255,339,6,4,-8,39
frame=6,3,21,329,10,9,-11,39
frame=6,4,470,91,15,22,-7,46
frame=6,5,234,160,27,19,2,39
frame=6,6,389,279,28,12,12,33
frame=6,7,334,199,23,16,19,37
frame=7,0,227,249,14,14,18,43
frame=7,1,411,318,10,9,21,44
frame=7,2,0,249,27,14,14,48
frame=7,3,422,318,10,9,-8,39
frame=7,4,65,91,16,23,-4,48
frame=7,5,189,138,27,20,4,43
frame=7,6,251,264,28,13,12,37
frame=7,7,242,249,21,14,16,40

[swing3]
frames=8
duration=600ms
type=play_once
hit=150ms
frame=0,0,0,115,36,22,25,50
frame=0,1,239,0,14,30,15,58
frame=0,2,24,37,30,27,19,59
frame=0,3,418,279,41,12,17,54
frame=0,4,53,318,11,10,-16,46
frame=0,5,262,160,13,19,-4,50
frame=0,6,300,180,30,17,9,46
frame=0,7,460,279,41,12,22,43
frame=1,0,128,91,39,23,25,50
frame=1,1,179,0,18,31,16,57
frame=1,2,327,0,26,29,17,59
frame=1,3,358,199,40,16,18,55
frame=1,4,65,318,11,10,-16,47
frame=1,5,276,160,16,19,-2,50
frame=1,6,399,199,26,16,7,46
frame=1,7,0,293,40,12,20,43
frame=2,0,32,329,10,9,34,48
frame=2,1,254,0,28,30,23,59
frame=2,2,162,339,9,7,-1,34
frame=2,3,82,0,26,32,-3,57
frame=2,4,168,91,34,23,-2,46
frame=2,5,41,293,28,12,3,36
frame=2,6,77,318,10,10,6,33
frame=2,7,80,339,11,8,27,37
frame=3,0,342,138,35,20,35,48
frame=3,1,109,0,27,32,22,59
frame=3,2,41,0,9,34,-1,61
frame=3,3,283,0,28,30,-3,55
frame=3,4,371,115,36,21,-1,44
frame=3,5,107,306,27,11,3,34
frame=3,6,43,329,10,9,8,31
frame=3,7,54,329,11,9,29,37
frame=4,0,342,138,35,20,35,48
frame=4,1,109,0,27,32,22,59
frame=4,2,41,0,9,34,-1,61
frame=4,3,283,0,28,30,-3,55
frame=4,4,371,115,36,21,-1,44
frame=4,5,107,306,27,11,3,34
frame=4,6,43,329,10,9,8,31
frame=4,7,54,329,11,9,29,37
frame=5,0,66,329,11,9,33,45
frame=5,1,78,329,9,9,23,55
frame=5,2,354,0,15,29,4,57
frame=5,3,370,0,20,29,-6,54
frame=5,4,256,65,33,24,-2,45
frame=5,5,426,199,29,16,4,36
frame=5,6,135,306,15,11,9,32
frame=5,7,88,329,11,9,24,35
frame=6,0,92,339,11,8,24,39
frame=6,1,88,318,9,10,23,48
frame=6,2,37,115,22,22,9,53
frame=6,3,234,37,10,26,-6,53
frame=6,4,290,65,23,24,-3,47
frame=6,5,293,160,29,19,4,40
frame=6,6,70,293,24,12,11,34
frame=6,7,311,264,13,13,14,38
frame=7,0,227,249,14,14,18,43
frame=7,1,411,318,10,9,21,44
frame=7,2,0,249,27,14,14,48
frame=7,3,422,318,10,9,-8,39
frame=7,4,65,91,16,23,-4,48
frame=7,5,189,138,27,20,4,43
frame=7,6,251,264,28,13,12,37
frame=7,7,242,249,21,14,16,40

[hit]
frames=2
duration=300ms
type=play_once
frame=0,0,298,249,14,14,18,43
frame=0,1,100,329,10,9,21,44
frame=0,2,456,199,30,16,14,48
frame=0,3,397,37,13,25,-4,52
frame=0,4,245,37,19,26,-1,49
frame=0,5,408,115,31,21,8,43
frame=0,6,325,264,30,13,14,38
frame=0,7,32,233,20,15,15,41
frame=1,0,313,249,14,14,18,43
frame=1,1,100,329,10,9,21,44
frame=1,2,0,216,30,16,14,48
frame=1,3,397,37,13,25,-4,52
frame=1,4,265,37,19,26,-1,49
frame=1,5,440,115,31,21,8,43
frame=1,6,356,264,30,13,14,38
frame=1,7,53,233,20,15,15,41

[block]
frames=2
duration=300ms
type=play_once
frame=0,0,104,339,11,8,13,36
frame=0,1,111,329,31,9,18,40
frame=0,2,98,318,8,10,-8,36
frame=0,3,107,318,8,10,-5,33
frame=0,4,285,37,18,26,3,47
frame=0,5,472,115,31,21,11,43
frame=0,6,387,264,30,13,14,38
frame=0,7,328,249,19,14,11,40
frame=1,0,0,138,10,21,16,59
frame=1,1,323,160,21,19,20,63
frame=1,2,418,264,25,13,14,62
frame=1,3,31,216,20,16,2,63
frame=1,4,168,180,10,18,-8,60
frame=1,5,348,249,21,14,-1,53
frame=1,6,151,306,25,11,9,49
frame=1,7,331,180,21,17,16,53

[cast]
frames=6
duration=600ms
type=play_once
hit=300ms
frame=0,0,345,160,10,19,17,55
frame=0,1,95,293,16,12,19,53
frame=0,2,116,318,26,10,12,58
frame=0,3,112,293,16,12,-5,53
frame=0,4,356,160,10,19,-9,55
frame=0,5,52,216,22,16,1,49
frame=0,6,143,329,26,9,12,43
frame=0,7,75,216,22,16,19,49
frame=1,0,367,160,10,19,16,52
frame=1,1,177,306,8,11,18,49
frame=1,2,116,339,26,8,12,55
frame=1,3,186,306,8,11,-12,49
frame=1,4,378,160,10,19,-8,52
frame=1,5,74,233,21,15,1,46
frame=1,6,170,329,26,9,12,41
frame=1,7,96,233,21,15,18,46
frame=2,0,389,160,11,19,17,52
frame=2,1,118,233,21,15,19,53
frame=2,2,172,339,26,7,12,54
frame=2,3,140,233,21,15,0,53
frame=2,4,401,160,11,19,-8,52
frame=2,5,98,216,22,16,1,46
frame=2,6,197,329,26,9,12,40
frame=2,7,121,216,22,16,19,46
frame=3,0,137,0,9,32,14,72
frame=3,1,304,37,40,26,27,73
frame=3,2,195,306,52,11,25,66
frame=3,3,345,37,40,26,11,73
frame=3,4,147,0,9,32,-7,72
frame=3,5,314,65,40,24,11,64
frame=3,6,224,329,52,9,25,55
frame=3,7,355,65,40,24,27,64
frame=4,0,157,0,10,32,12,73
frame=4,1,55,37,40,27,25,73
frame=4,2,248,306,54,11,26,66
frame=4,3,96,37,40,27,13,73
frame=4,4,168,0,10,32,-4,73
frame=4,5,411,37,40,25,13,66
frame=4,6,143,318,54,10,26,57
frame=4,7,452,37,40,25,25,66
frame=5,0,227,249,14,14,18,43
frame=5,1,411,318,10,9,21,44
frame=5,2,0,249,27,14,14,48
frame=5,3,422,318,10,9,-8,39
frame=5,4,65,91,16,23,-4,48
frame=5,5,189,138,27,20,4,43
frame=5,6,251,264,28,13,12,37
frame=5,7,242,249,21,14,16,40

[shoot]
frames=7
duration=700ms
type=play_once
hit=300ms
frame=0,0,0,65,25,25,26,58
frame=0,1,137,37,22,27,26,65
frame=0,2,11,138,38,21,26,67
frame=0,3,444,264,38,13,13,63
frame=0,4,60,115,24,22,-4,64
frame=0,5,85,115,22,22,-6,57
frame=0,6,370,249,38,14,10,49
frame=0,7,144,216,38,16,23,49
frame=1,0,160,37,16,27,12,60
frame=1,1,26,65,25,25,22,62
frame=1,2,183,216,36,16,27,61
frame=1,3,409,249,31,14,17,63
frame=1,4,378,138,15,20,1,65
frame=1,5,353,180,25,17,1,60
frame=1,6,303,306,36,11,7,54
frame=1,7,108,115,31,22,12,57
frame=2,0,177,37,15,27,11,60
frame=2,1,396,65,25,24,22,61
frame=2,2,162,233,36,15,27,60
frame=2,3,199,233,30,15,17,63
frame=2,4,394,138,14,20,1,65
frame=2,5,379,180,26,17,2,60
frame=2,6,340,306,36,11,7,54
frame=2,7,140,115,30,22,11,57
frame=3,0,377,306,13,11,8,50
frame=3,1,129,293,18,12,20,53
frame=3,2,148,293,24,12,24,59
frame=3,3,198,318,9,10,17,66
frame=3,4,171,115,13,22,3,69
frame=3,5,409,138,18,20,-4,65
frame=3,6,230,233,24,15,-2,57
frame=3,7,277,329,22,9,3,50
frame=4,0,391,306,10,11,6,48
frame=4,1,208,318,20,10,21,50
frame=4,2,441,249,25,14,25,58
frame=4,3,406,180,12,17,16,65
frame=4,4,428,138,10,20,2,67
frame=4,5,439,138,20,20,-3,63
frame=4,6,467,249,25,14,-2,55
frame=4,7,300,329,20,9,2,48
frame=5,0,483,264,12,13,16,45
frame=5,1,173,293,23,12,25,49
frame=5,2,229,318,10,10,21,55
frame=5,3,419,180,23,17,8,59
frame=5,4,422,65,11,24,-7,58
frame=5,5,460,138,23,20,-4,51
frame=5,6,255,233,28,15,5,44
frame=5,7,402,306,23,11,13,41
frame=6,0,227,249,14,14,18,43
frame=6,1,411,318,10,9,21,44
frame=6,2,0,249,27,14,14,48
frame=6,3,422,318,10,9,-8,39
frame=6,4,65,91,16,23,-4,48
frame=6,5,189,138,27,20,4,43
frame=6,6,251,264,28,13,12,37
frame=6,7,242,249,21,14,16,40

[die]
frames=6
duration=900ms
type=play_once
frame=0,0,179,180,11,18,12,43
frame=0,1,143,339,9,8,17,38
frame=0,2,199,339,8,7,-8,39
frame=0,3,321,329,9,9,-8,36
frame=0,4,185,115,13,22,-1,45
frame=0,5,484,138,27,20,8,42
frame=0,6,197,293,30,12,14,37
frame=0,7,443,180,24,17,15,41
frame=1,0,493,249,11,14,6,44
frame=1,1,240,318,9,10,10,41
frame=1,2,271,339,3,3,-8,34
frame=1,3,220,216,12,16,1,45
frame=1,4,413,160,13,19,5,47
frame=1,5,191,180,22,18,10,46
frame=1,6,0,279,23,13,10,43
frame=1,7,24,279,20,13,9,44
frame=2,0,250,318,11,10,-10,42
frame=2,1,426,306,14,11,-3,38
frame=2,2,331,329,17,9,9,38
frame=2,3,233,216,16,16,18,41
frame=2,4,468,180,11,17,19,47
frame=2,5,284,233,17,15,18,51
frame=2,6,228,293,18,12,7,51
frame=2,7,349,329,16,9,-4,47
frame=3,0,247,293,12,12,-30,36
frame=3,1,260,293,12,12,-20,24
frame=3,2,0,264,14,14,7,20
frame=3,3,15,264,13,14,32,26
frame=3,4,250,216,12,16,40,39
frame=3,5,302,233,12,15,30,51
frame=3,6,29,264,14,14,5,55
frame=3,7,273,293,13,12,-21,49
frame=4,0,287,293,12,12,-48,14
frame=4,1,441,306,10,11,-32,-5
frame=4,2,452,306,11,11,6,-12
frame=4,3,300,293,12,12,44,-3
frame=4,4,44,264,12,14,58,17
frame=4,5,315,233,10,15,40,36
frame=4,6,326,233,11,15,3,43
frame=4,7,45,279,12,13,-34,34
frame=5,0,313,293,12,12,-48,14
frame=5,1,464,306,10,11,-32,-5
frame=5,2,475,306,11,11,6,-12
frame=5,3,326,293,12,12,44,-3
frame=5,4,57,264,12,14,58,17
frame=5,5,338,233,10,15,40,36
frame=5,6,349,233,11,15,3,43
frame=5,7,70,264,12,14,-34,34
