image=custom_gear_cloth_sandals.png

[stance]
frames=4
duration=800ms
type=back_forth
frame=0,0,405,208,11,5,7,-1
frame=0,1,153,189,17,8,9,3
frame=0,2,156,168,14,9,6,5
frame=0,3,171,189,17,8,6,3
frame=0,4,417,208,11,5,2,-1
frame=0,5,171,168,17,9,6,2
frame=0,6,189,189,14,8,6,2
frame=0,7,189,168,17,9,9,2
frame=1,0,405,208,11,5,7,-1
frame=1,1,204,189,17,8,9,2
frame=1,2,156,168,14,9,6,5
frame=1,3,222,189,17,8,6,2
frame=1,4,417,208,11,5,2,-1
frame=1,5,240,189,17,8,6,1
frame=1,6,258,189,14,8,6,2
frame=1,7,273,189,17,8,9,1
frame=2,0,207,168,11,9,7,3
frame=2,1,291,189,17,8,9,3
frame=2,2,309,189,14,8,6,5
frame=2,3,324,189,17,8,6,3
frame=2,4,342,189,11,8,2,3
frame=2,5,354,189,17,8,6,1
frame=2,6,219,168,14,9,6,3
frame=2,7,372,189,17,8,9,1
frame=3,0,405,208,11,5,7,-1
frame=3,1,153,189,17,8,9,3
frame=3,2,156,168,14,9,6,5
frame=3,3,171,189,17,8,6,3
frame=3,4,417,208,11,5,2,-1
frame=3,5,171,168,17,9,6,2
frame=3,6,189,189,14,8,6,2
frame=3,7,189,168,17,9,9,2

[run]
frames=10
duration=660ms
type=looped
frame=0,0,57,27,37,20,23,14
frame=0,1,382,116,35,12,20,10
frame=0,2,201,143,14,11,6,8
frame=0,3,195,49,25,17,8,13
frame=0,4,418,116,37,12,12,10
frame=0,5,210,0,35,21,13,13
frame=0,6,246,0,14,21,6,10
frame=0,7,0,0,25,26,15,16
frame=1,0,95,27,17,20,9,13
frame=1,1,400,68,20,15,10,11
frame=1,2,162,156,14,10,6,8
frame=1,3,234,168,12,9,5,8
frame=1,4,332,85,17,14,6,10
frame=1,5,221,49,20,17,8,10
frame=1,6,473,27,14,18,6,10
frame=1,7,139,0,12,22,5,13
frame=2,0,0,68,24,16,9,8
frame=2,1,261,0,17,21,6,11
frame=2,2,488,27,14,18,6,9
frame=2,3,25,68,26,16,14,9
frame=2,4,456,116,24,12,13,7
frame=2,5,481,116,17,12,9,8
frame=2,6,216,143,14,11,6,8
frame=2,7,350,85,26,14,10,9
frame=3,0,377,85,37,14,16,8
frame=3,1,279,0,26,21,11,11
frame=3,2,152,0,14,22,6,12
frame=3,3,52,68,35,16,18,9
frame=3,4,0,130,37,12,19,9
frame=3,5,306,0,26,21,13,14
frame=3,6,177,156,8,10,6,3
frame=3,7,88,68,35,16,15,11
frame=4,0,38,130,40,12,21,9
frame=4,1,333,27,27,19,14,12
frame=4,2,167,0,14,22,6,15
frame=4,3,415,85,37,14,16,10
frame=4,4,421,68,40,15,17,12
frame=4,5,53,0,27,25,11,16
frame=4,6,0,49,14,18,6,8
frame=4,7,113,27,37,20,19,13
frame=5,0,79,130,37,12,23,10
frame=5,1,242,49,26,17,16,13
frame=5,2,15,49,14,18,6,15
frame=5,3,231,143,35,11,13,10
frame=5,4,151,27,37,20,12,14
frame=5,5,26,0,26,26,8,16
frame=5,6,30,49,14,18,6,7
frame=5,7,333,0,35,21,20,13
frame=6,0,453,85,17,14,9,10
frame=6,1,186,156,12,10,5,8
frame=6,2,199,156,14,10,6,8
frame=6,3,462,68,21,15,9,11
frame=6,4,189,27,17,20,6,13
frame=6,5,182,0,12,22,5,13
frame=6,6,117,130,14,12,6,4
frame=6,7,269,49,21,17,10,10
frame=7,0,132,130,24,12,9,7
frame=7,1,124,68,25,16,10,9
frame=7,2,45,49,14,18,6,9
frame=7,3,369,0,16,21,9,11
frame=7,4,150,68,24,16,13,8
frame=7,5,471,85,25,14,13,9
frame=7,6,157,130,14,12,6,9
frame=7,7,172,130,16,12,5,8
frame=8,0,189,130,37,12,16,9
frame=8,1,0,85,36,15,16,8
frame=8,2,207,27,14,20,6,10
frame=8,3,386,0,26,21,13,11
frame=8,4,0,101,37,14,19,8
frame=8,5,175,68,36,16,18,11
frame=8,6,413,0,14,21,6,14
frame=8,7,222,27,26,20,11,13
frame=9,0,37,85,40,15,21,12
frame=9,1,38,101,37,14,19,10
frame=9,2,291,49,14,17,6,10
frame=9,3,361,27,27,19,11,12
frame=9,4,227,130,40,12,17,9
frame=9,5,428,0,37,21,16,14
frame=9,6,195,0,14,22,6,12
frame=9,7,81,0,27,25,14,16

[swing]
frames=8
duration=640ms
type=play_once
hit=160ms
frame=0,0,268,130,24,12,13,5
frame=0,1,78,85,16,15,8,7
frame=0,2,95,85,14,15,6,8
frame=0,3,214,156,26,10,11,5
frame=0,4,390,189,24,8,9,3
frame=0,5,347,101,16,13,6,5
frame=0,6,247,168,14,9,6,1
frame=0,7,262,168,26,9,13,3
frame=1,0,241,156,24,10,12,3
frame=1,1,110,85,16,15,8,7
frame=1,2,127,85,14,15,6,8
frame=1,3,266,156,26,10,11,4
frame=1,4,289,168,24,9,10,3
frame=1,5,76,101,16,14,6,5
frame=1,6,314,168,14,9,6,1
frame=1,7,329,168,26,9,13,3
frame=2,0,364,101,33,13,21,5
frame=2,1,60,49,22,18,14,10
frame=2,2,389,27,14,19,6,12
frame=2,3,398,101,32,13,11,8
frame=2,4,356,168,33,9,10,4
frame=2,5,212,68,22,16,6,5
frame=2,6,293,130,14,12,6,0
frame=2,7,308,130,32,12,19,3
frame=3,0,431,101,33,13,22,5
frame=3,1,83,49,22,18,15,10
frame=3,2,249,27,14,20,6,13
frame=3,3,465,101,31,13,10,8
frame=3,4,415,189,33,8,9,3
frame=3,5,235,68,22,16,5,5
frame=3,6,341,130,14,12,6,-1
frame=3,7,267,143,31,11,19,2
frame=4,0,431,101,33,13,22,5
frame=4,1,83,49,22,18,15,10
frame=4,2,249,27,14,20,6,13
frame=4,3,465,101,31,13,10,8
frame=4,4,415,189,33,8,9,3
frame=4,5,235,68,22,16,5,5
frame=4,6,341,130,14,12,6,-1
frame=4,7,267,143,31,11,19,2
frame=5,0,431,101,33,13,22,5
frame=5,1,83,49,22,18,15,10
frame=5,2,249,27,14,20,6,13
frame=5,3,465,101,31,13,10,8
frame=5,4,415,189,33,8,9,3
frame=5,5,235,68,22,16,5,5
frame=5,6,341,130,14,12,6,-1
frame=5,7,267,143,31,11,19,2
frame=6,0,299,143,23,11,15,4
frame=6,1,93,101,15,14,10,7
frame=6,2,142,85,14,15,6,9
frame=6,3,449,189,24,8,8,4
frame=6,4,390,168,23,9,6,3
frame=6,5,497,101,15,13,3,3
frame=6,6,414,168,14,9,6,-1
frame=6,7,474,189,24,8,14,1
frame=7,0,499,189,11,8,7,3
frame=7,1,0,199,17,8,9,3
frame=7,2,18,199,14,8,6,5
frame=7,3,33,199,17,8,6,3
frame=7,4,342,189,11,8,2,3
frame=7,5,51,199,17,8,6,1
frame=7,6,219,168,14,9,6,3
frame=7,7,69,199,17,8,9,1

[swing2]
frames=8
duration=680ms
type=play_once
hit=170ms
frame=0,0,323,143,18,11,13,6
frame=0,1,109,101,13,14,9,9
frame=0,2,356,130,14,12,6,9
frame=0,3,429,168,21,9,6,6
frame=0,4,87,199,18,8,3,3
frame=0,5,451,168,13,9,2,2
frame=0,6,106,199,14,8,6,1
frame=0,7,215,208,21,7,13,1
frame=1,0,293,156,18,10,12,5
frame=1,1,0,116,12,13,8,8
frame=1,2,13,116,14,13,6,10
frame=1,3,121,199,22,8,7,6
frame=1,4,144,199,18,8,4,4
frame=1,5,465,168,12,9,2,2
frame=1,6,237,208,14,7,6,1
frame=1,7,163,199,22,8,13,2
frame=2,0,342,143,38,11,23,3
frame=2,1,264,27,26,20,16,11
frame=2,2,466,0,14,21,6,13
frame=2,3,157,85,35,15,13,8
frame=2,4,312,156,38,10,13,5
frame=2,5,404,27,26,19,8,7
frame=2,6,123,101,14,14,6,1
frame=2,7,193,85,35,15,20,5
frame=3,0,28,116,39,13,24,5
frame=3,1,431,27,26,19,16,10
frame=3,2,481,0,14,21,6,13
frame=3,3,229,85,36,15,13,8
frame=3,4,351,156,39,10,13,4
frame=3,5,291,27,26,20,8,7
frame=3,6,266,85,14,15,6,1
frame=3,7,138,101,36,14,21,4
frame=4,0,28,116,39,13,24,5
frame=4,1,431,27,26,19,16,10
frame=4,2,481,0,14,21,6,13
frame=4,3,229,85,36,15,13,8
frame=4,4,351,156,39,10,13,4
frame=4,5,291,27,26,20,8,7
frame=4,6,266,85,14,15,6,1
frame=4,7,138,101,36,14,21,4
frame=5,0,371,130,32,12,20,4
frame=5,1,306,49,21,17,13,9
frame=5,2,458,27,14,19,6,11
frame=5,3,404,130,31,12,11,6
frame=5,4,478,168,32,9,10,3
frame=5,5,328,49,21,17,6,5
frame=5,6,436,130,14,12,6,-1
frame=5,7,451,130,31,12,18,3
frame=6,0,381,143,19,11,12,4
frame=6,1,68,116,13,13,8,6
frame=6,2,483,130,14,12,6,7
frame=6,3,252,208,22,7,8,3
frame=6,4,186,199,19,8,5,2
frame=6,5,391,156,13,10,3,1
frame=6,6,0,179,14,9,6,0
frame=6,7,206,199,22,8,12,1
frame=7,0,499,189,11,8,7,3
frame=7,1,0,199,17,8,9,3
frame=7,2,18,199,14,8,6,5
frame=7,3,33,199,17,8,6,3
frame=7,4,342,189,11,8,2,3
frame=7,5,51,199,17,8,6,1
frame=7,6,219,168,14,9,6,3
frame=7,7,69,199,17,8,9,1

[swing3]
frames=8
duration=600ms
type=play_once
hit=150ms
frame=0,0,0,143,25,12,12,5
frame=0,1,281,85,17,15,8,7
frame=0,2,258,68,14,16,6,8
frame=0,3,405,156,26,10,12,4
frame=0,4,15,179,25,9,11,3
frame=0,5,175,101,17,14,7,6
frame=0,6,41,179,14,9,6,1
frame=0,7,56,179,26,9,12,3
frame=1,0,401,143,26,11,12,4
frame=1,1,299,85,17,15,7,6
frame=1,2,273,68,14,16,6,7
frame=1,3,432,156,27,10,13,4
frame=1,4,83,179,26,9,12,3
frame=1,5,82,116,17,13,8,5
frame=1,6,110,179,14,9,6,1
frame=1,7,125,179,27,9,12,3
frame=2,0,26,143,40,12,27,4
frame=2,1,0,27,28,21,19,13
frame=2,2,109,0,14,23,6,16
frame=2,3,288,68,37,16,12,10
frame=2,4,153,179,40,9,11,4
frame=2,5,106,49,28,18,7,5
frame=2,6,317,85,14,15,6,0
frame=2,7,100,116,37,13,23,3
frame=3,0,193,101,40,14,28,6
frame=3,1,29,27,27,21,19,13
frame=3,2,124,0,14,23,6,16
frame=3,3,350,49,37,17,11,11
frame=3,4,194,179,40,9,10,4
frame=3,5,135,49,27,18,6,5
frame=3,6,234,101,14,14,6,-1
frame=3,7,249,101,37,14,24,3
frame=4,0,193,101,40,14,28,6
frame=4,1,29,27,27,21,19,13
frame=4,2,124,0,14,23,6,16
frame=4,3,350,49,37,17,11,11
frame=4,4,194,179,40,9,10,4
frame=4,5,135,49,27,18,6,5
frame=4,6,234,101,14,14,6,-1
frame=4,7,249,101,37,14,24,3
frame=5,0,428,143,33,11,23,3
frame=5,1,163,49,23,18,16,10
frame=5,2,318,27,14,20,6,13
frame=5,3,138,116,32,13,10,8
frame=5,4,229,199,33,8,8,2
frame=5,5,326,68,23,16,5,4
frame=5,6,67,143,14,12,6,-2
frame=5,7,82,143,32,12,20,2
frame=6,0,462,143,20,11,13,4
frame=6,1,171,116,12,13,8,6
frame=6,2,115,143,14,12,6,7
frame=6,3,275,208,22,7,7,3
frame=6,4,263,199,20,8,5,2
frame=6,5,460,156,12,10,2,1
frame=6,6,284,199,14,8,6,-1
frame=6,7,298,208,22,7,13,0
frame=7,0,499,189,11,8,7,3
frame=7,1,0,199,17,8,9,3
frame=7,2,18,199,14,8,6,5
frame=7,3,33,199,17,8,6,3
frame=7,4,342,189,11,8,2,3
frame=7,5,51,199,17,8,6,1
frame=7,6,219,168,14,9,6,3
frame=7,7,69,199,17,8,9,1

[hit]
frames=2
duration=300ms
type=play_once
frame=0,0,499,189,11,8,7,3
frame=0,1,0,199,17,8,9,3
frame=0,2,18,199,14,8,6,5
frame=0,3,33,199,17,8,6,3
frame=0,4,342,189,11,8,2,3
frame=0,5,51,199,17,8,6,1
frame=0,6,219,168,14,9,6,3
frame=0,7,69,199,17,8,9,1
frame=1,0,499,189,11,8,7,3
frame=1,1,0,199,17,8,9,3
frame=1,2,299,199,14,8,6,5
frame=1,3,33,199,17,8,6,3
frame=1,4,314,199,11,8,2,3
frame=1,5,326,199,17,8,6,1
frame=1,6,219,168,14,9,6,3
frame=1,7,69,199,17,8,9,1

[block]
frames=2
duration=300ms
type=play_once
frame=0,0,499,189,11,8,7,3
frame=0,1,0,199,17,8,9,3
frame=0,2,18,199,14,8,6,5
frame=0,3,33,199,17,8,6,3
frame=0,4,342,189,11,8,2,3
frame=0,5,51,199,17,8,6,1
frame=0,6,219,168,14,9,6,3
frame=0,7,69,199,17,8,9,1
frame=1,0,473,156,12,10,7,4
frame=1,1,321,208,17,7,9,1
frame=1,2,235,179,14,9,6,4
frame=1,3,339,208,17,7,6,1
frame=1,4,486,156,12,10,3,4
frame=1,5,250,179,17,9,6,1
frame=1,6,344,199,14,8,6,2
frame=1,7,268,179,17,9,9,1

[cast]
frames=6
duration=600ms
type=play_once
hit=300ms
frame=0,0,405,208,11,5,7,-1
frame=0,1,359,199,17,8,9,2
frame=0,2,377,199,14,8,6,4
frame=0,3,392,199,17,8,6,2
frame=0,4,417,208,11,5,2,-1
frame=0,5,410,199,17,8,6,1
frame=0,6,286,179,14,9,6,2
frame=0,7,301,179,17,9,9,1
frame=1,0,499,156,12,10,7,2
frame=1,1,428,199,17,8,9,2
frame=1,2,357,208,14,7,6,3
frame=1,3,319,179,17,9,6,3
frame=1,4,0,168,12,10,3,2
frame=1,5,13,168,17,10,6,1
frame=1,6,31,168,14,10,6,2
frame=1,7,46,168,17,10,9,1
frame=2,0,64,168,12,10,7,2
frame=2,1,446,199,17,8,9,2
frame=2,2,372,208,14,7,6,2
frame=2,3,464,199,17,8,6,2
frame=2,4,77,168,12,10,3,2
frame=2,5,337,179,17,9,6,0
frame=2,6,90,168,14,10,6,2
frame=2,7,355,179,17,9,9,0
frame=3,0,105,168,17,10,14,5
frame=3,1,130,143,13,12,10,8
frame=3,2,144,143,14,12,6,10
frame=3,3,482,199,21,8,5,6
frame=3,4,387,208,17,7,1,3
frame=3,5,373,179,13,9,1,1
frame=3,6,0,208,14,8,6,0
frame=3,7,387,179,21,9,14,2
frame=4,0,105,168,17,10,14,5
frame=4,1,130,143,13,12,10,8
frame=4,2,144,143,14,12,6,10
frame=4,3,482,199,21,8,5,6
frame=4,4,387,208,17,7,1,3
frame=4,5,373,179,13,9,1,1
frame=4,6,0,208,14,8,6,0
frame=4,7,387,179,21,9,14,2
frame=5,0,499,189,11,8,7,3
frame=5,1,0,199,17,8,9,3
frame=5,2,18,199,14,8,6,5
frame=5,3,33,199,17,8,6,3
frame=5,4,342,189,11,8,2,3
frame=5,5,51,199,17,8,6,1
frame=5,6,219,168,14,9,6,3
frame=5,7,69,199,17,8,9,1

[shoot]
frames=7
duration=700ms
type=play_once
hit=300ms
frame=0,0,483,143,25,11,15,5
frame=0,1,388,49,17,17,10,10
frame=0,2,406,49,14,17,6,11
frame=0,3,0,156,27,11,10,7
frame=0,4,15,208,25,8,8,3
frame=0,5,184,116,17,13,5,5
frame=0,6,409,179,14,9,6,1
frame=0,7,424,179,27,9,15,3
frame=1,0,202,116,26,13,15,6
frame=1,1,421,49,17,17,10,9
frame=1,2,439,49,14,17,6,10
frame=1,3,28,156,26,11,10,6
frame=1,4,41,208,26,8,9,3
frame=1,5,229,116,17,13,5,5
frame=1,6,452,179,14,9,6,1
frame=1,7,68,208,26,8,14,2
frame=2,0,202,116,26,13,15,6
frame=2,1,421,49,17,17,10,9
frame=2,2,439,49,14,17,6,10
frame=2,3,28,156,26,11,10,6
frame=2,4,41,208,26,8,9,3
frame=2,5,229,116,17,13,5,5
frame=2,6,452,179,14,9,6,1
frame=2,7,68,208,26,8,14,2
frame=3,0,247,116,25,13,14,6
frame=3,1,454,49,17,17,9,9
frame=3,2,472,49,14,17,6,10
frame=3,3,55,156,27,11,11,6
frame=3,4,95,208,25,8,9,3
frame=3,5,273,116,17,13,6,5
frame=3,6,467,179,14,9,6,1
frame=3,7,482,179,27,9,14,3
frame=4,0,247,116,25,13,14,6
frame=4,1,454,49,17,17,9,9
frame=4,2,472,49,14,17,6,10
frame=4,3,55,156,27,11,11,6
frame=4,4,95,208,25,8,9,3
frame=4,5,273,116,17,13,6,5
frame=4,6,467,179,14,9,6,1
frame=4,7,482,179,27,9,14,3
frame=5,0,83,156,19,11,11,5
frame=5,1,291,116,12,13,7,6
frame=5,2,159,143,14,12,6,7
frame=5,3,121,208,22,8,8,4
frame=5,4,0,189,19,9,6,3
frame=5,5,20,189,12,9,3,2
frame=5,6,144,208,14,8,6,1
frame=5,7,159,208,22,8,12,2
frame=6,0,499,189,11,8,7,3
frame=6,1,0,199,17,8,9,3
frame=6,2,18,199,14,8,6,5
frame=6,3,33,199,17,8,6,3
frame=6,4,342,189,11,8,2,3
frame=6,5,51,199,17,8,6,1
frame=6,6,219,168,14,9,6,3
frame=6,7,69,199,17,8,9,1

[die]
frames=6
duration=900ms
type=play_once
frame=0,0,499,189,11,8,7,3
frame=0,1,0,199,17,8,9,3
frame=0,2,18,199,14,8,6,5
frame=0,3,33,199,17,8,6,3
frame=0,4,342,189,11,8,2,3
frame=0,5,51,199,17,8,6,1
frame=0,6,219,168,14,9,6,3
frame=0,7,69,199,17,8,9,1
frame=1,0,103,156,12,11,7,6
frame=1,1,182,208,17,8,9,4
frame=1,2,33,189,14,9,6,6
frame=1,3,48,189,17,9,6,4
frame=1,4,116,156,12,11,3,6
frame=1,5,66,189,17,9,6,4
frame=1,6,200,208,14,8,6,4
frame=1,7,84,189,17,9,9,4
frame=2,0,174,143,11,12,6,8
frame=2,1,123,168,16,10,9,6
frame=2,2,129,156,14,11,6,8
frame=2,3,304,116,16,13,6,8
frame=2,4,287,101,12,14,4,9
frame=2,5,102,189,18,9,7,6
frame=2,6,429,208,14,5,6,4
frame=2,7,121,189,16,9,8,6
frame=3,0,300,101,11,14,4,10
frame=3,1,321,116,13,13,7,9
frame=3,2,444,208,1,1,80,112
frame=3,3,350,68,10,16,2,10
frame=3,4,487,49,10,17,4,11
frame=3,5,335,116,16,13,7,9
frame=3,6,138,189,14,9,6,7
frame=3,7,140,168,15,10,6,8
frame=4,0,312,101,8,14,-1,9
frame=4,1,321,101,12,14,3,8
frame=4,2,144,156,8,11,0,5
frame=4,3,361,68,12,16,7,9
frame=4,4,187,49,7,18,6,11
frame=4,5,374,68,12,16,7,11
frame=4,6,352,116,14,13,6,10
frame=4,7,186,143,14,12,3,9
frame=5,0,312,101,8,14,-1,9
frame=5,1,334,101,12,14,3,8
frame=5,2,153,156,8,11,0,5
frame=5,3,387,68,12,16,7,9
frame=5,4,187,49,7,18,6,11
frame=5,5,374,68,12,16,7,11
frame=5,6,367,116,14,13,6,10
frame=5,7,186,143,14,12,3,9
