image=custom_gear_cloth_shirt.png

[stance]
frames=4
duration=800ms
type=back_forth
frame=0,0,227,403,16,29,8,53
frame=0,1,333,180,26,31,14,55
frame=0,2,236,612,29,27,14,53
frame=0,3,360,180,23,31,10,55
frame=0,4,244,403,16,29,6,53
frame=0,5,239,309,26,30,10,54
frame=0,6,471,641,29,26,13,52
frame=0,7,266,309,23,30,11,54
frame=1,0,261,403,16,29,8,53
frame=1,1,384,180,26,31,14,55
frame=1,2,115,524,29,28,14,53
frame=1,3,411,180,23,31,10,55
frame=1,4,278,403,16,29,6,53
frame=1,5,290,309,26,30,10,54
frame=1,6,266,612,29,27,13,52
frame=1,7,317,309,23,30,11,54
frame=2,0,145,524,17,28,8,53
frame=2,1,435,180,26,31,14,55
frame=2,2,296,612,29,27,14,53
frame=2,3,462,180,23,31,10,55
frame=2,4,163,524,17,28,7,53
frame=2,5,486,180,26,31,10,55
frame=2,6,326,612,29,27,13,53
frame=2,7,0,213,23,31,11,55
frame=3,0,227,403,16,29,8,53
frame=3,1,333,180,26,31,14,55
frame=3,2,356,612,29,27,14,53
frame=3,3,24,213,23,31,10,55
frame=3,4,295,403,16,29,6,53
frame=3,5,239,309,26,30,10,54
frame=3,6,0,669,29,26,13,52
frame=3,7,266,309,23,30,11,54

[run]
frames=10
duration=660ms
type=looped
frame=0,0,181,524,21,28,11,50
frame=0,1,272,80,24,32,12,53
frame=0,2,203,524,29,28,14,51
frame=0,3,48,213,27,31,10,52
frame=0,4,341,309,21,30,8,52
frame=0,5,363,309,24,30,10,51
frame=0,6,385,669,29,25,13,48
frame=0,7,233,524,27,28,15,50
frame=1,0,261,524,20,28,11,49
frame=1,1,297,80,25,32,13,52
frame=1,2,282,524,29,28,14,50
frame=1,3,76,213,26,31,10,51
frame=1,4,388,309,20,30,7,51
frame=1,5,409,309,25,30,10,50
frame=1,6,415,669,29,25,13,47
frame=1,7,312,524,26,28,14,49
frame=2,0,339,524,19,28,10,49
frame=2,1,323,80,26,32,14,52
frame=2,2,312,403,29,29,14,51
frame=2,3,350,80,25,32,10,52
frame=2,4,342,403,19,29,7,50
frame=2,5,435,309,26,30,10,50
frame=2,6,30,669,29,26,13,48
frame=2,7,462,309,25,30,13,50
frame=3,0,362,403,19,29,10,51
frame=3,1,376,80,28,32,15,53
frame=3,2,382,403,29,29,14,52
frame=3,3,405,80,24,32,10,53
frame=3,4,359,524,19,28,7,50
frame=3,5,379,524,28,28,11,51
frame=3,6,445,669,29,25,13,48
frame=3,7,488,309,24,30,12,51
frame=4,0,103,213,21,31,12,53
frame=4,1,125,213,31,31,16,53
frame=4,2,412,403,29,29,13,52
frame=4,3,430,80,23,32,10,54
frame=4,4,408,524,20,28,7,50
frame=4,5,442,403,31,29,13,51
frame=4,6,475,669,29,25,14,48
frame=4,7,0,341,23,30,11,52
frame=5,0,24,341,22,30,12,52
frame=5,1,157,213,31,31,16,52
frame=5,2,429,524,29,28,13,51
frame=5,3,454,80,23,32,10,53
frame=5,4,386,612,22,27,8,49
frame=5,5,474,403,31,29,13,50
frame=5,6,0,696,29,25,14,48
frame=5,7,189,213,23,31,11,52
frame=6,0,47,341,21,30,12,51
frame=6,1,213,213,31,31,16,51
frame=6,2,459,524,29,28,13,50
frame=6,3,478,80,23,32,10,52
frame=6,4,489,524,20,28,7,49
frame=6,5,0,434,31,29,13,49
frame=6,6,30,696,29,25,14,47
frame=6,7,245,213,23,31,11,51
frame=7,0,32,434,19,29,10,50
frame=7,1,0,114,28,32,15,52
frame=7,2,52,434,29,29,14,51
frame=7,3,29,114,24,32,10,52
frame=7,4,0,554,19,28,7,49
frame=7,5,82,434,28,29,11,50
frame=7,6,60,696,29,25,13,47
frame=7,7,69,341,24,30,12,50
frame=8,0,20,554,19,28,10,50
frame=8,1,54,114,26,32,14,53
frame=8,2,111,434,29,29,14,52
frame=8,3,81,114,25,32,10,53
frame=8,4,141,434,19,29,7,51
frame=8,5,94,341,26,30,10,51
frame=8,6,60,669,29,26,13,49
frame=8,7,121,341,25,30,13,51
frame=9,0,40,554,20,28,11,50
frame=9,1,107,114,25,32,13,54
frame=9,2,161,434,29,29,14,52
frame=9,3,269,213,26,31,10,53
frame=9,4,147,341,20,30,7,52
frame=9,5,168,341,25,30,10,52
frame=9,6,90,696,29,25,13,48
frame=9,7,61,554,26,28,14,51

[swing]
frames=8
duration=640ms
type=play_once
hit=160ms
frame=0,0,133,114,34,32,13,56
frame=0,1,194,341,21,30,9,53
frame=0,2,88,554,29,28,13,53
frame=0,3,191,434,42,29,22,52
frame=0,4,168,114,34,32,19,56
frame=0,5,296,213,21,31,10,55
frame=0,6,203,114,29,32,14,58
frame=0,7,234,434,42,29,18,53
frame=1,0,318,213,37,31,14,55
frame=1,1,356,213,26,31,9,54
frame=1,2,277,434,24,29,10,53
frame=1,3,118,554,36,28,17,51
frame=1,4,216,341,38,30,21,54
frame=1,5,261,43,25,34,15,57
frame=1,6,287,43,24,34,12,59
frame=1,7,0,80,36,33,17,56
frame=2,0,383,213,26,31,20,54
frame=2,1,233,114,32,32,22,55
frame=2,2,410,213,29,31,13,57
frame=2,3,312,43,24,34,7,57
frame=2,4,440,213,26,31,4,54
frame=2,5,302,434,32,29,8,50
frame=2,6,90,669,29,26,14,48
frame=2,7,255,341,24,30,15,51
frame=3,0,467,213,26,31,17,54
frame=3,1,280,341,31,30,16,54
frame=3,2,0,245,25,31,10,57
frame=3,3,335,434,23,29,6,53
frame=3,4,359,434,26,29,7,52
frame=3,5,409,612,31,27,13,47
frame=3,6,155,554,25,28,13,50
frame=3,7,26,245,23,31,15,51
frame=4,0,312,341,27,30,17,53
frame=4,1,340,341,30,30,15,54
frame=4,2,50,245,24,31,10,57
frame=4,3,386,434,21,29,6,53
frame=4,4,408,434,27,29,8,52
frame=4,5,181,554,30,28,13,48
frame=4,6,212,554,24,28,12,50
frame=4,7,266,114,21,32,13,52
frame=5,0,75,245,26,31,19,54
frame=5,1,371,341,31,30,17,54
frame=5,2,436,434,28,29,11,55
frame=5,3,288,114,21,32,6,56
frame=5,4,403,341,26,30,5,53
frame=5,5,237,554,31,28,12,48
frame=5,6,441,612,28,27,15,49
frame=5,7,465,434,21,29,13,49
frame=6,0,102,245,22,31,14,55
frame=6,1,430,341,30,30,17,54
frame=6,2,269,554,29,28,13,54
frame=6,3,310,114,22,32,8,56
frame=6,4,299,554,22,28,6,52
frame=6,5,461,341,30,30,11,52
frame=6,6,120,669,29,26,14,50
frame=6,7,333,114,22,32,12,54
frame=7,0,322,554,16,28,8,53
frame=7,1,125,245,26,31,14,55
frame=7,2,339,554,29,28,14,54
frame=7,3,152,245,23,31,10,55
frame=7,4,369,554,16,28,6,53
frame=7,5,176,245,26,31,10,55
frame=7,6,470,612,29,27,13,53
frame=7,7,203,245,23,31,11,55

[swing2]
frames=8
duration=680ms
type=play_once
hit=170ms
frame=0,0,123,0,19,39,7,64
frame=0,1,143,0,24,39,10,63
frame=0,2,37,80,33,33,16,59
frame=0,3,168,0,30,39,14,63
frame=0,4,80,0,19,40,10,65
frame=0,5,199,0,24,39,12,64
frame=0,6,337,43,33,34,15,61
frame=0,7,0,43,30,36,14,61
frame=1,0,26,0,22,41,7,66
frame=1,1,224,0,25,39,9,63
frame=1,2,356,114,31,32,14,58
frame=1,3,31,43,28,36,16,60
frame=1,4,100,0,22,40,13,65
frame=1,5,0,0,25,42,14,67
frame=1,6,250,0,31,38,15,65
frame=1,7,49,0,30,41,10,66
frame=2,0,487,434,25,29,22,51
frame=2,1,388,114,34,32,25,55
frame=2,2,0,464,32,29,16,54
frame=2,3,423,114,33,32,7,55
frame=2,4,33,464,25,29,1,51
frame=2,5,0,641,34,27,7,46
frame=2,6,323,722,32,21,14,42
frame=2,7,35,641,33,27,24,46
frame=3,0,59,464,24,29,21,50
frame=3,1,227,245,31,31,23,54
frame=3,2,84,464,32,29,16,54
frame=3,3,259,245,30,31,6,54
frame=3,4,117,464,24,29,1,50
frame=3,5,120,696,31,25,6,44
frame=3,6,32,747,32,20,14,40
frame=3,7,429,696,30,24,22,44
frame=4,0,0,372,23,30,20,51
frame=4,1,290,245,31,31,23,54
frame=4,2,142,464,32,29,16,54
frame=4,3,457,114,30,32,6,55
frame=4,4,24,372,23,30,1,51
frame=4,5,152,696,31,25,6,44
frame=4,6,356,722,32,21,14,41
frame=4,7,460,696,30,24,22,44
frame=5,0,48,372,22,30,18,52
frame=5,1,0,147,31,32,21,55
frame=5,2,175,464,31,29,15,54
frame=5,3,32,147,28,32,7,55
frame=5,4,71,372,22,30,2,52
frame=5,5,69,641,31,27,8,47
frame=5,6,230,722,31,22,14,44
frame=5,7,150,669,28,26,19,47
frame=6,0,386,554,18,28,11,52
frame=6,1,322,245,28,31,17,55
frame=6,2,405,554,30,28,15,54
frame=6,3,61,147,25,32,9,56
frame=6,4,207,464,18,29,5,53
frame=6,5,226,464,27,29,9,52
frame=6,6,179,669,30,26,13,50
frame=6,7,254,464,25,29,14,52
frame=7,0,322,554,16,28,8,53
frame=7,1,125,245,26,31,14,55
frame=7,2,339,554,29,28,14,54
frame=7,3,152,245,23,31,10,55
frame=7,4,369,554,16,28,6,53
frame=7,5,176,245,26,31,10,55
frame=7,6,470,612,29,27,13,53
frame=7,7,203,245,23,31,11,55

[swing3]
frames=8
duration=600ms
type=play_once
hit=150ms
frame=0,0,351,245,31,31,14,55
frame=0,1,383,245,21,31,8,54
frame=0,2,280,464,28,29,14,53
frame=0,3,436,554,38,28,19,51
frame=0,4,94,372,32,30,15,54
frame=0,5,475,554,21,28,11,52
frame=0,6,309,464,27,29,12,55
frame=0,7,337,464,37,29,16,53
frame=1,0,87,147,33,32,14,55
frame=1,1,121,147,21,32,8,54
frame=1,2,375,464,26,29,12,53
frame=1,3,0,583,37,28,19,50
frame=1,4,127,372,34,30,17,53
frame=1,5,402,464,21,29,11,52
frame=1,6,162,372,26,30,12,55
frame=1,7,189,372,37,30,16,53
frame=2,0,143,147,29,32,25,53
frame=2,1,405,245,29,31,21,54
frame=2,2,173,147,27,32,11,58
frame=2,3,71,80,24,33,5,56
frame=2,4,227,372,29,30,2,51
frame=2,5,38,583,29,28,6,46
frame=2,6,184,696,27,25,14,44
frame=2,7,68,583,24,28,17,46
frame=3,0,201,147,30,32,27,53
frame=3,1,435,245,29,31,21,54
frame=3,2,232,147,26,32,10,58
frame=3,3,96,80,24,33,4,56
frame=3,4,424,464,29,29,1,50
frame=3,5,210,669,29,26,6,44
frame=3,6,240,669,26,26,14,44
frame=3,7,93,583,24,28,18,46
frame=4,0,201,147,30,32,27,53
frame=4,1,435,245,29,31,21,54
frame=4,2,232,147,26,32,10,58
frame=4,3,96,80,24,33,4,56
frame=4,4,424,464,29,29,1,50
frame=4,5,210,669,29,26,6,44
frame=4,6,240,669,26,26,14,44
frame=4,7,93,583,24,28,18,46
frame=5,0,259,147,28,32,23,54
frame=5,1,465,245,30,31,21,54
frame=5,2,454,464,28,29,12,55
frame=5,3,121,80,23,33,5,56
frame=5,4,483,464,28,29,3,51
frame=5,5,118,583,30,28,7,47
frame=5,6,212,696,28,25,14,45
frame=5,7,0,494,23,29,16,48
frame=6,0,257,372,21,30,14,54
frame=6,1,0,277,29,31,18,55
frame=6,2,149,583,28,28,13,54
frame=6,3,288,147,22,32,8,56
frame=6,4,178,583,21,28,5,52
frame=6,5,24,494,29,29,9,52
frame=6,6,267,669,28,26,13,50
frame=6,7,30,277,22,31,12,53
frame=7,0,322,554,16,28,8,53
frame=7,1,125,245,26,31,14,55
frame=7,2,339,554,29,28,14,54
frame=7,3,152,245,23,31,10,55
frame=7,4,369,554,16,28,6,53
frame=7,5,176,245,26,31,10,55
frame=7,6,470,612,29,27,13,53
frame=7,7,203,245,23,31,11,55

[hit]
frames=2
duration=300ms
type=play_once
frame=0,0,200,583,16,28,7,53
frame=0,1,53,277,27,31,14,55
frame=0,2,101,641,30,27,14,53
frame=0,3,81,277,23,31,10,55
frame=0,4,217,583,16,28,7,53
frame=0,5,279,372,26,30,11,55
frame=0,6,132,641,30,27,14,53
frame=0,7,105,277,23,31,11,55
frame=1,0,234,583,16,28,7,53
frame=1,1,129,277,27,31,14,55
frame=1,2,163,641,30,27,14,53
frame=1,3,157,277,23,31,10,55
frame=1,4,251,583,16,28,7,53
frame=1,5,181,277,26,31,11,55
frame=1,6,194,641,30,27,14,53
frame=1,7,208,277,23,31,11,55

[block]
frames=2
duration=300ms
type=play_once
frame=0,0,268,583,16,28,7,53
frame=0,1,232,277,24,31,11,55
frame=0,2,225,641,30,27,14,53
frame=0,3,257,277,24,31,11,55
frame=0,4,285,583,16,28,7,53
frame=0,5,282,277,24,31,11,55
frame=0,6,256,641,30,27,14,53
frame=0,7,307,277,24,31,11,55
frame=1,0,306,372,20,30,9,54
frame=1,1,332,277,29,31,15,54
frame=1,2,302,583,29,28,14,52
frame=1,3,362,277,27,31,12,54
frame=1,4,390,277,21,31,9,55
frame=1,5,311,147,27,32,12,55
frame=1,6,332,583,29,28,13,53
frame=1,7,339,147,27,32,13,55

[cast]
frames=6
duration=600ms
type=play_once
hit=300ms
frame=0,0,54,494,18,29,10,53
frame=0,1,367,147,26,32,14,55
frame=0,2,362,583,28,28,13,53
frame=0,3,394,147,26,32,10,55
frame=0,4,73,494,18,29,6,53
frame=0,5,327,372,25,30,10,53
frame=0,6,296,669,28,26,13,51
frame=0,7,353,372,25,30,13,53
frame=1,0,92,494,19,29,11,52
frame=1,1,421,147,25,32,13,54
frame=1,2,112,494,28,29,13,53
frame=1,3,447,147,25,32,10,54
frame=1,4,141,494,19,29,6,52
frame=1,5,161,494,25,29,10,51
frame=1,6,0,722,28,24,13,48
frame=1,7,187,494,25,29,13,51
frame=2,0,213,494,20,29,12,52
frame=2,1,473,147,26,32,14,54
frame=2,2,234,494,28,29,13,53
frame=2,3,0,180,26,32,10,54
frame=2,4,263,494,20,29,6,52
frame=2,5,391,583,26,28,10,50
frame=2,6,29,722,28,24,13,48
frame=2,7,418,583,26,28,14,50
frame=3,0,282,0,18,38,9,63
frame=3,1,358,0,31,37,18,62
frame=3,2,412,277,40,31,19,58
frame=3,3,390,0,31,37,11,62
frame=3,4,301,0,18,38,7,63
frame=3,5,197,43,31,35,11,59
frame=3,6,445,583,38,28,18,54
frame=3,7,229,43,31,35,18,59
frame=4,0,320,0,18,38,8,63
frame=4,1,422,0,31,37,17,62
frame=4,2,453,277,42,31,20,58
frame=4,3,454,0,31,37,12,62
frame=4,4,339,0,18,38,8,63
frame=4,5,60,43,31,36,12,60
frame=4,6,0,612,40,28,20,54
frame=4,7,92,43,32,36,18,60
frame=5,0,322,554,16,28,8,53
frame=5,1,125,245,26,31,14,55
frame=5,2,339,554,29,28,14,54
frame=5,3,152,245,23,31,10,55
frame=5,4,369,554,16,28,6,53
frame=5,5,176,245,26,31,10,55
frame=5,6,470,612,29,27,13,53
frame=5,7,203,245,23,31,11,55

[shoot]
frames=7
duration=700ms
type=play_once
hit=300ms
frame=0,0,27,180,29,32,17,56
frame=0,1,371,43,26,34,14,58
frame=0,2,57,180,33,32,19,57
frame=0,3,145,80,35,33,14,57
frame=0,4,91,180,29,32,10,56
frame=0,5,181,80,27,33,10,57
frame=0,6,41,612,32,28,12,54
frame=0,7,284,494,33,29,17,53
frame=1,0,0,309,27,31,14,55
frame=1,1,28,309,24,31,11,54
frame=1,2,379,372,31,30,18,55
frame=1,3,209,80,31,33,16,56
frame=1,4,121,180,27,32,11,56
frame=1,5,398,43,24,34,11,58
frame=1,6,318,494,30,29,11,55
frame=1,7,349,494,31,29,13,53
frame=2,0,411,372,27,30,14,54
frame=2,1,53,309,24,31,11,54
frame=2,2,439,372,31,30,18,55
frame=2,3,241,80,30,33,16,56
frame=2,4,149,180,27,32,11,56
frame=2,5,423,43,24,34,11,58
frame=2,6,381,494,30,29,11,55
frame=2,7,412,494,30,29,12,53
frame=3,0,177,180,24,32,10,56
frame=3,1,471,372,23,30,10,53
frame=3,2,443,494,32,29,18,53
frame=3,3,448,43,29,34,16,57
frame=3,4,486,0,24,37,12,61
frame=3,5,125,43,23,36,11,60
frame=3,6,0,403,30,30,12,56
frame=3,7,31,403,28,30,11,54
frame=4,0,202,180,23,32,9,56
frame=4,1,476,494,23,29,10,52
frame=4,2,74,612,32,28,18,52
frame=4,3,478,43,29,34,16,57
frame=4,4,149,43,23,36,12,60
frame=4,5,173,43,23,36,11,60
frame=4,6,60,403,31,30,12,56
frame=4,7,92,403,29,30,11,54
frame=5,0,78,309,22,31,10,55
frame=5,1,226,180,27,32,15,55
frame=5,2,287,641,32,27,17,52
frame=5,3,101,309,29,31,13,54
frame=5,4,131,309,22,31,10,55
frame=5,5,254,180,26,32,10,56
frame=5,6,320,641,32,27,13,53
frame=5,7,122,403,29,30,14,54
frame=6,0,322,554,16,28,8,53
frame=6,1,125,245,26,31,14,55
frame=6,2,339,554,29,28,14,54
frame=6,3,152,245,23,31,10,55
frame=6,4,369,554,16,28,6,53
frame=6,5,176,245,26,31,10,55
frame=6,6,470,612,29,27,13,53
frame=6,7,203,245,23,31,11,55

[die]
frames=6
duration=900ms
type=play_once
frame=0,0,107,612,16,28,7,53
frame=0,1,232,277,24,31,11,55
frame=0,2,225,641,30,27,14,53
frame=0,3,154,309,24,31,11,55
frame=0,4,124,612,16,28,7,53
frame=0,5,152,403,24,30,11,55
frame=0,6,353,641,30,27,14,53
frame=0,7,177,403,24,30,11,55
frame=1,0,0,524,18,29,-1,53
frame=1,1,19,524,25,29,5,51
frame=1,2,384,641,28,27,13,49
frame=1,3,45,524,25,29,18,51
frame=1,4,71,524,18,29,17,53
frame=1,5,281,180,25,32,18,59
frame=1,6,141,612,28,28,13,58
frame=1,7,307,180,25,32,5,59
frame=2,0,202,403,24,30,-13,50
frame=2,1,325,669,29,26,-4,39
frame=2,2,116,722,28,23,13,35
frame=2,3,355,669,29,26,31,39
frame=2,4,90,524,24,29,35,49
frame=2,5,179,309,29,31,31,60
frame=2,6,413,641,28,27,13,62
frame=2,7,209,309,29,31,-4,60
frame=3,0,241,696,29,25,-27,34
frame=3,1,65,747,32,19,-14,17
frame=3,2,131,747,28,17,13,10
frame=3,3,98,747,32,19,44,17
frame=3,4,271,696,29,25,54,34
frame=3,5,170,612,32,28,44,50
frame=3,6,442,641,28,27,13,56
frame=3,7,203,612,32,28,-14,50
frame=4,0,262,722,28,22,-37,11
frame=4,1,301,696,31,25,-21,-5
frame=4,2,58,722,28,24,13,-13
frame=4,3,333,696,31,25,50,-5
frame=4,4,145,722,27,23,62,11
frame=4,5,291,722,31,22,50,27
frame=4,6,389,722,28,21,13,34
frame=4,7,418,722,31,21,-21,26
frame=5,0,173,722,28,23,-37,11
frame=5,1,365,696,31,25,-21,-5
frame=5,2,87,722,28,24,13,-13
frame=5,3,397,696,31,25,50,-5
frame=5,4,202,722,27,23,62,11
frame=5,5,450,722,31,21,50,26
frame=5,6,482,722,28,21,13,34
frame=5,7,0,747,31,21,-21,26
