image=custom_gear_club_smear.png

[stance]
frames=1
duration=100ms
type=play_once
frame=0,0,420,164,1,1,80,112
frame=0,1,420,164,1,1,80,112
frame=0,2,420,164,1,1,80,112
frame=0,3,420,164,1,1,80,112
frame=0,4,420,164,1,1,80,112
frame=0,5,420,164,1,1,80,112
frame=0,6,420,164,1,1,80,112
frame=0,7,420,164,1,1,80,112

[swing]
frames=8
duration=640ms
type=play_once
frame=0,0,420,164,1,1,80,112
frame=0,1,420,164,1,1,80,112
frame=0,2,420,164,1,1,80,112
frame=0,3,420,164,1,1,80,112
frame=0,4,420,164,1,1,80,112
frame=0,5,420,164,1,1,80,112
frame=0,6,420,164,1,1,80,112
frame=0,7,420,164,1,1,80,112
frame=1,0,420,164,1,1,80,112
frame=1,1,420,164,1,1,80,112
frame=1,2,420,164,1,1,80,112
frame=1,3,420,164,1,1,80,112
frame=1,4,420,164,1,1,80,112
frame=1,5,420,164,1,1,80,112
frame=1,6,420,164,1,1,80,112
frame=1,7,420,164,1,1,80,112
frame=2,0,333,132,95,19,48,37
frame=2,1,363,82,71,33,49,52
frame=2,2,72,82,44,42,49,62
frame=2,3,216,82,79,35,48,67
frame=2,4,0,132,94,31,44,70
frame=2,5,0,82,71,49,20,70
frame=2,6,303,0,44,55,-7,67
frame=2,7,117,82,79,41,29,55
frame=3,0,429,132,58,18,48,54
frame=3,1,186,164,63,13,34,57
frame=3,2,136,132,35,30,0,61
frame=3,3,217,132,33,29,-10,53
frame=3,4,0,164,60,18,11,37
frame=3,5,270,132,62,20,27,34
frame=3,6,296,82,36,35,33,47
frame=3,7,333,82,29,35,41,53
frame=4,0,420,164,1,1,80,112
frame=4,1,420,164,1,1,80,112
frame=4,2,420,164,1,1,80,112
frame=4,3,420,164,1,1,80,112
frame=4,4,420,164,1,1,80,112
frame=4,5,420,164,1,1,80,112
frame=4,6,420,164,1,1,80,112
frame=4,7,420,164,1,1,80,112
frame=5,0,420,164,1,1,80,112
frame=5,1,420,164,1,1,80,112
frame=5,2,420,164,1,1,80,112
frame=5,3,420,164,1,1,80,112
frame=5,4,420,164,1,1,80,112
frame=5,5,420,164,1,1,80,112
frame=5,6,420,164,1,1,80,112
frame=5,7,420,164,1,1,80,112
frame=6,0,420,164,1,1,80,112
frame=6,1,420,164,1,1,80,112
frame=6,2,420,164,1,1,80,112
frame=6,3,420,164,1,1,80,112
frame=6,4,420,164,1,1,80,112
frame=6,5,420,164,1,1,80,112
frame=6,6,420,164,1,1,80,112
frame=6,7,420,164,1,1,80,112
frame=7,0,420,164,1,1,80,112
frame=7,1,420,164,1,1,80,112
frame=7,2,420,164,1,1,80,112
frame=7,3,420,164,1,1,80,112
frame=7,4,420,164,1,1,80,112
frame=7,5,420,164,1,1,80,112
frame=7,6,420,164,1,1,80,112
frame=7,7,420,164,1,1,80,112

[swing2]
frames=8
duration=680ms
type=play_once
frame=0,0,420,164,1,1,80,112
frame=0,1,420,164,1,1,80,112
frame=0,2,420,164,1,1,80,112
frame=0,3,420,164,1,1,80,112
frame=0,4,420,164,1,1,80,112
frame=0,5,420,164,1,1,80,112
frame=0,6,420,164,1,1,80,112
frame=0,7,420,164,1,1,80,112
frame=1,0,420,164,1,1,80,112
frame=1,1,420,164,1,1,80,112
frame=1,2,420,164,1,1,80,112
frame=1,3,420,164,1,1,80,112
frame=1,4,420,164,1,1,80,112
frame=1,5,420,164,1,1,80,112
frame=1,6,420,164,1,1,80,112
frame=1,7,420,164,1,1,80,112
frame=2,0,216,0,86,58,50,72
frame=2,1,435,0,73,53,50,78
frame=2,2,145,0,18,66,20,88
frame=2,3,164,0,51,63,28,91
frame=2,4,348,0,86,55,34,88
frame=2,5,71,0,73,72,21,86
frame=2,6,0,0,18,81,-4,84
frame=2,7,19,0,51,77,21,77
frame=3,0,349,164,17,11,38,7
frame=3,1,103,164,12,16,40,23
frame=3,2,385,164,3,9,19,37
frame=3,3,116,164,11,15,-6,37
frame=3,4,367,164,17,10,-24,25
frame=3,5,402,164,13,8,-30,12
frame=3,6,416,164,3,2,-18,-5
frame=3,7,389,164,12,9,14,0
frame=4,0,420,164,1,1,80,112
frame=4,1,420,164,1,1,80,112
frame=4,2,420,164,1,1,80,112
frame=4,3,420,164,1,1,80,112
frame=4,4,420,164,1,1,80,112
frame=4,5,420,164,1,1,80,112
frame=4,6,420,164,1,1,80,112
frame=4,7,420,164,1,1,80,112
frame=5,0,420,164,1,1,80,112
frame=5,1,420,164,1,1,80,112
frame=5,2,420,164,1,1,80,112
frame=5,3,420,164,1,1,80,112
frame=5,4,420,164,1,1,80,112
frame=5,5,420,164,1,1,80,112
frame=5,6,420,164,1,1,80,112
frame=5,7,420,164,1,1,80,112
frame=6,0,420,164,1,1,80,112
frame=6,1,420,164,1,1,80,112
frame=6,2,420,164,1,1,80,112
frame=6,3,420,164,1,1,80,112
frame=6,4,420,164,1,1,80,112
frame=6,5,420,164,1,1,80,112
frame=6,6,420,164,1,1,80,112
frame=6,7,420,164,1,1,80,112
frame=7,0,420,164,1,1,80,112
frame=7,1,420,164,1,1,80,112
frame=7,2,420,164,1,1,80,112
frame=7,3,420,164,1,1,80,112
frame=7,4,420,164,1,1,80,112
frame=7,5,420,164,1,1,80,112
frame=7,6,420,164,1,1,80,112
frame=7,7,420,164,1,1,80,112

[swing3]
frames=8
duration=600ms
type=play_once
frame=0,0,420,164,1,1,80,112
frame=0,1,420,164,1,1,80,112
frame=0,2,420,164,1,1,80,112
frame=0,3,420,164,1,1,80,112
frame=0,4,420,164,1,1,80,112
frame=0,5,420,164,1,1,80,112
frame=0,6,420,164,1,1,80,112
frame=0,7,420,164,1,1,80,112
frame=1,0,420,164,1,1,80,112
frame=1,1,420,164,1,1,80,112
frame=1,2,420,164,1,1,80,112
frame=1,3,420,164,1,1,80,112
frame=1,4,420,164,1,1,80,112
frame=1,5,420,164,1,1,80,112
frame=1,6,420,164,1,1,80,112
frame=1,7,420,164,1,1,80,112
frame=2,0,172,132,44,30,51,51
frame=2,1,197,82,18,38,41,67
frame=2,2,95,132,40,31,29,71
frame=2,3,250,164,53,13,12,61
frame=2,4,304,164,44,13,-9,52
frame=2,5,251,132,18,21,-25,43
frame=2,6,61,164,41,17,10,33
frame=2,7,128,164,57,15,43,32
frame=3,0,420,164,1,1,80,112
frame=3,1,420,164,1,1,80,112
frame=3,2,420,164,1,1,80,112
frame=3,3,420,164,1,1,80,112
frame=3,4,420,164,1,1,80,112
frame=3,5,420,164,1,1,80,112
frame=3,6,420,164,1,1,80,112
frame=3,7,420,164,1,1,80,112
frame=4,0,420,164,1,1,80,112
frame=4,1,420,164,1,1,80,112
frame=4,2,420,164,1,1,80,112
frame=4,3,420,164,1,1,80,112
frame=4,4,420,164,1,1,80,112
frame=4,5,420,164,1,1,80,112
frame=4,6,420,164,1,1,80,112
frame=4,7,420,164,1,1,80,112
frame=5,0,420,164,1,1,80,112
frame=5,1,420,164,1,1,80,112
frame=5,2,420,164,1,1,80,112
frame=5,3,420,164,1,1,80,112
frame=5,4,420,164,1,1,80,112
frame=5,5,420,164,1,1,80,112
frame=5,6,420,164,1,1,80,112
frame=5,7,420,164,1,1,80,112
frame=6,0,420,164,1,1,80,112
frame=6,1,420,164,1,1,80,112
frame=6,2,420,164,1,1,80,112
frame=6,3,420,164,1,1,80,112
frame=6,4,420,164,1,1,80,112
frame=6,5,420,164,1,1,80,112
frame=6,6,420,164,1,1,80,112
frame=6,7,420,164,1,1,80,112
frame=7,0,420,164,1,1,80,112
frame=7,1,420,164,1,1,80,112
frame=7,2,420,164,1,1,80,112
frame=7,3,420,164,1,1,80,112
frame=7,4,420,164,1,1,80,112
frame=7,5,420,164,1,1,80,112
frame=7,6,420,164,1,1,80,112
frame=7,7,420,164,1,1,80,112
