image=custom_gear_custom_body.png

[stance]
frames=4
duration=800ms
type=back_forth
frame=0,0,0,1130,25,66,17,61
frame=0,1,26,1130,31,66,20,61
frame=0,2,58,1130,29,66,14,62
frame=0,3,88,1130,27,66,10,61
frame=0,4,116,1130,25,66,6,61
frame=0,5,281,443,31,68,9,61
frame=0,6,276,789,29,67,13,61
frame=0,7,313,443,27,68,15,61
frame=1,0,306,789,26,67,18,61
frame=1,1,142,1130,32,66,21,61
frame=1,2,409,1331,29,65,14,61
frame=1,3,175,1130,26,66,9,61
frame=1,4,333,789,26,67,6,61
frame=1,5,341,443,32,68,9,61
frame=1,6,360,789,29,67,13,61
frame=1,7,374,443,26,68,15,61
frame=2,0,390,789,25,67,17,62
frame=2,1,202,1130,32,66,20,61
frame=2,2,439,1331,29,65,14,62
frame=2,3,235,1130,27,66,10,61
frame=2,4,416,789,25,67,6,62
frame=2,5,42,372,32,69,10,62
frame=2,6,401,443,29,68,13,62
frame=2,7,75,372,27,69,15,62
frame=3,0,263,1130,25,66,17,61
frame=3,1,26,1130,31,66,20,61
frame=3,2,289,1130,29,66,14,62
frame=3,3,88,1130,27,66,10,61
frame=3,4,319,1130,25,66,6,61
frame=3,5,281,443,31,68,9,61
frame=3,6,442,789,29,67,13,61
frame=3,7,431,443,27,68,15,61

[run]
frames=10
duration=660ms
type=looped
frame=0,0,61,1595,37,63,23,58
frame=0,1,456,1787,34,60,20,59
frame=0,2,99,1595,29,63,15,60
frame=0,3,129,1595,30,63,10,60
frame=0,4,0,1849,37,60,12,58
frame=0,5,345,1130,34,66,12,58
frame=0,6,459,443,29,68,12,57
frame=0,7,472,789,30,67,18,57
frame=1,0,129,1464,26,64,18,57
frame=1,1,151,1660,30,62,19,58
frame=1,2,261,1724,29,61,15,59
frame=1,3,38,1849,30,60,10,59
frame=1,4,291,1724,26,61,6,58
frame=1,5,160,1595,30,63,9,57
frame=1,6,156,1464,29,64,12,56
frame=1,7,469,1331,30,65,18,56
frame=2,0,380,1130,33,66,18,58
frame=2,1,0,513,31,68,20,59
frame=2,2,32,513,29,68,14,59
frame=2,3,414,1130,31,66,13,59
frame=2,4,182,1660,33,62,13,58
frame=2,5,318,1724,31,61,9,57
frame=2,6,219,1849,29,59,13,56
frame=2,7,216,1660,31,62,16,57
frame=3,0,186,1464,40,64,19,59
frame=3,1,103,372,35,69,21,60
frame=3,2,238,229,28,70,13,60
frame=3,3,0,858,35,67,17,60
frame=3,4,350,1724,40,61,19,59
frame=3,5,0,1398,35,65,12,58
frame=3,6,227,1464,28,64,13,57
frame=3,7,248,1660,35,62,16,58
frame=4,0,284,1660,39,62,21,59
frame=4,1,446,1130,36,66,22,60
frame=4,2,36,858,28,67,13,61
frame=4,3,256,1464,35,64,15,60
frame=4,4,324,1660,39,62,16,59
frame=4,5,65,858,36,67,12,58
frame=4,6,62,513,28,68,13,58
frame=4,7,292,1464,35,64,18,58
frame=5,0,391,1724,37,61,23,59
frame=5,1,364,1660,37,62,22,59
frame=5,2,191,1595,28,63,13,60
frame=5,3,69,1849,34,60,12,59
frame=5,4,220,1595,37,63,12,58
frame=5,5,102,858,37,67,13,57
frame=5,6,91,513,28,68,13,57
frame=5,7,36,1398,34,65,20,57
frame=6,0,429,1724,30,61,21,58
frame=6,1,104,1849,36,60,22,59
frame=6,2,460,1724,28,61,13,59
frame=6,3,402,1660,24,62,9,58
frame=6,4,328,1464,30,64,7,57
frame=6,5,71,1398,36,65,12,56
frame=6,6,359,1464,28,64,13,56
frame=6,7,258,1595,24,63,13,57
frame=7,0,427,1660,34,62,19,58
frame=7,1,0,1197,36,66,21,59
frame=7,2,120,513,28,68,13,59
frame=7,3,149,513,24,68,9,59
frame=7,4,37,1197,34,66,13,58
frame=7,5,462,1660,36,62,13,57
frame=7,6,249,1849,28,59,13,56
frame=7,7,0,1787,24,61,13,57
frame=8,0,25,1787,38,61,17,59
frame=8,1,140,858,39,67,20,60
frame=8,2,267,229,29,70,14,60
frame=8,3,139,372,30,69,12,60
frame=8,4,388,1464,38,64,19,59
frame=8,5,0,1724,39,62,17,58
frame=8,6,427,1464,29,64,13,57
frame=8,7,108,1398,30,65,16,58
frame=9,0,40,1724,39,62,21,59
frame=9,1,457,1464,36,64,19,60
frame=9,2,180,858,29,67,15,61
frame=9,3,72,1197,31,66,11,60
frame=9,4,80,1724,39,62,16,59
frame=9,5,0,1530,36,64,15,58
frame=9,6,174,513,29,68,12,58
frame=9,7,210,858,31,67,18,58

[swing]
frames=8
duration=640ms
type=play_once
hit=160ms
frame=0,0,204,513,45,68,23,62
frame=0,1,242,858,20,67,9,60
frame=0,2,104,1197,39,66,23,59
frame=0,3,37,1530,56,64,29,59
frame=0,4,139,1398,45,65,20,60
frame=0,5,297,229,20,70,9,62
frame=0,6,0,157,39,71,14,63
frame=0,7,170,372,56,69,25,63
frame=1,0,227,372,52,69,25,62
frame=1,1,250,513,31,68,14,60
frame=1,2,185,1398,27,65,13,58
frame=1,3,283,1595,50,63,26,58
frame=1,4,213,1398,52,65,25,59
frame=1,5,280,372,31,69,15,61
frame=1,6,40,157,27,71,12,63
frame=1,7,312,372,50,69,22,63
frame=2,0,263,858,41,67,30,60
frame=2,1,318,229,36,70,27,62
frame=2,2,355,229,29,70,13,63
frame=2,3,305,858,33,67,10,62
frame=2,4,94,1530,41,64,9,59
frame=2,5,282,513,36,68,7,57
frame=2,6,319,513,29,68,14,56
frame=2,7,266,1398,33,65,21,57
frame=3,0,349,513,32,68,21,61
frame=3,1,385,229,30,70,15,63
frame=3,2,416,229,26,70,9,63
frame=3,3,144,1197,31,66,10,61
frame=3,4,334,1595,32,63,9,58
frame=3,5,339,858,30,67,13,56
frame=3,6,382,513,26,68,15,56
frame=3,7,370,858,31,67,19,58
frame=4,0,409,513,32,68,21,61
frame=4,1,443,229,30,70,15,63
frame=4,2,474,229,25,70,9,63
frame=4,3,176,1197,31,66,10,61
frame=4,4,367,1595,32,63,9,58
frame=4,5,402,858,30,67,13,56
frame=4,6,442,513,25,68,14,56
frame=4,7,433,858,31,67,19,58
frame=5,0,465,858,32,67,21,60
frame=5,1,363,372,30,69,16,62
frame=5,2,0,301,27,70,10,63
frame=5,3,208,1197,31,66,10,61
frame=5,4,136,1530,32,64,9,59
frame=5,5,468,513,30,68,12,57
frame=5,6,394,372,27,69,15,57
frame=5,7,0,926,31,67,19,58
frame=6,0,0,582,28,68,20,61
frame=6,1,29,582,29,68,17,62
frame=6,2,32,926,28,67,12,62
frame=6,3,240,1197,25,66,8,62
frame=6,4,266,1197,28,66,6,60
frame=6,5,59,582,29,68,10,59
frame=6,6,422,372,28,69,14,59
frame=6,7,61,926,25,67,15,60
frame=7,0,87,926,25,67,17,62
frame=7,1,113,926,31,67,20,62
frame=7,2,300,1398,29,65,14,62
frame=7,3,145,926,27,67,10,62
frame=7,4,173,926,25,67,6,62
frame=7,5,89,582,31,68,9,62
frame=7,6,121,582,29,68,13,62
frame=7,7,151,582,27,68,15,62

[swing2]
frames=8
duration=680ms
type=play_once
hit=170ms
frame=0,0,84,0,25,77,12,72
frame=0,1,401,0,25,74,10,69
frame=0,2,179,582,31,68,15,65
frame=0,3,28,301,32,70,17,68
frame=0,4,26,0,25,78,11,73
frame=0,5,0,0,25,81,13,74
frame=0,6,52,0,31,78,14,71
frame=0,7,110,0,32,77,13,71
frame=1,0,135,82,37,72,12,67
frame=1,1,211,582,31,68,8,63
frame=1,2,120,1724,32,62,14,59
frame=1,3,153,1724,37,62,23,60
frame=1,4,451,372,37,69,23,65
frame=1,5,304,0,31,75,21,69
frame=1,6,427,0,32,74,16,68
frame=1,7,336,0,37,75,12,70
frame=2,0,400,1595,46,63,31,56
frame=2,1,68,157,42,71,32,62
frame=2,2,173,82,32,72,17,64
frame=2,3,243,582,44,68,13,62
frame=2,4,64,1787,46,61,13,56
frame=2,5,447,1595,42,63,8,51
frame=2,6,191,1724,32,62,13,49
frame=2,7,141,1849,44,60,29,51
frame=3,0,0,1660,41,63,26,55
frame=3,1,61,301,37,70,27,61
frame=3,2,206,82,32,72,17,64
frame=3,3,288,582,41,68,13,61
frame=3,4,111,1787,41,61,13,55
frame=3,5,153,1787,37,61,8,49
frame=3,6,186,1849,32,60,13,46
frame=3,7,278,1849,41,59,26,49
frame=4,0,42,1660,41,63,26,55
frame=4,1,99,301,37,70,27,61
frame=4,2,239,82,32,72,17,64
frame=4,3,330,582,41,68,13,61
frame=4,4,191,1787,41,61,13,55
frame=4,5,233,1787,37,61,8,49
frame=4,6,271,1787,32,61,13,47
frame=4,7,320,1849,41,59,26,49
frame=5,0,295,1197,34,66,22,58
frame=5,1,137,301,34,70,26,62
frame=5,2,272,82,31,72,16,64
frame=5,3,372,582,36,68,11,62
frame=5,4,84,1660,34,63,10,57
frame=5,5,169,1530,34,64,6,53
frame=5,6,119,1660,31,63,13,51
frame=5,7,224,1724,36,62,23,53
frame=6,0,199,926,27,67,20,61
frame=6,1,409,582,33,68,23,62
frame=6,2,443,582,29,68,14,63
frame=6,3,330,1197,28,66,8,62
frame=6,4,359,1197,27,66,5,60
frame=6,5,473,582,33,68,8,59
frame=6,6,387,1197,29,66,13,58
frame=6,7,417,1197,28,66,18,59
frame=7,0,87,926,25,67,17,62
frame=7,1,113,926,31,67,20,62
frame=7,2,300,1398,29,65,14,62
frame=7,3,145,926,27,67,10,62
frame=7,4,173,926,25,67,6,62
frame=7,5,89,582,31,68,9,62
frame=7,6,121,582,29,68,13,62
frame=7,7,151,582,27,68,15,62

[swing3]
frames=8
duration=600ms
type=play_once
hit=150ms
frame=0,0,0,651,41,68,25,61
frame=0,1,42,651,26,68,15,60
frame=0,2,227,926,32,67,18,59
frame=0,3,330,1398,41,65,18,59
frame=0,4,446,1197,41,66,14,60
frame=0,5,0,443,26,69,9,61
frame=0,6,172,301,32,70,12,62
frame=0,7,260,926,41,67,21,62
frame=1,0,69,651,43,68,24,61
frame=1,1,113,651,28,68,16,59
frame=1,2,302,926,30,67,17,59
frame=1,3,204,1530,41,64,19,58
frame=1,4,372,1398,43,65,17,59
frame=1,5,27,443,28,69,10,61
frame=1,6,111,157,30,71,11,63
frame=1,7,142,651,41,68,20,62
frame=2,0,333,926,46,67,34,59
frame=2,1,142,157,30,71,22,63
frame=2,2,173,157,25,71,10,64
frame=2,3,380,926,40,67,11,61
frame=2,4,304,1787,46,61,10,57
frame=2,5,416,1398,30,65,6,53
frame=2,6,0,1264,25,66,13,52
frame=2,7,246,1530,40,64,27,54
frame=3,0,421,926,46,67,34,59
frame=3,1,199,157,29,71,21,63
frame=3,2,229,157,24,71,9,64
frame=3,3,468,926,42,67,11,61
frame=3,4,351,1787,46,61,10,56
frame=3,5,447,1398,29,65,6,52
frame=3,6,26,1264,24,66,13,51
frame=3,7,287,1530,42,64,29,54
frame=4,0,421,926,46,67,34,59
frame=4,1,199,157,29,71,21,63
frame=4,2,229,157,24,71,9,64
frame=4,3,468,926,42,67,11,61
frame=4,4,351,1787,46,61,10,56
frame=4,5,447,1398,29,65,6,52
frame=4,6,26,1264,24,66,13,51
frame=4,7,287,1530,42,64,29,54
frame=5,0,0,994,42,67,32,59
frame=5,1,254,157,31,71,23,63
frame=5,2,286,157,26,71,11,64
frame=5,3,43,994,35,67,9,62
frame=5,4,330,1530,42,64,8,58
frame=5,5,51,1264,31,66,6,54
frame=5,6,184,651,26,68,13,54
frame=5,7,83,1264,35,66,24,56
frame=6,0,79,994,31,67,24,61
frame=6,1,211,651,33,68,23,62
frame=6,2,245,651,28,68,13,63
frame=6,3,119,1264,23,66,7,62
frame=6,4,143,1264,31,66,5,60
frame=6,5,274,651,33,68,8,59
frame=6,6,308,651,28,68,13,59
frame=6,7,175,1264,23,66,14,59
frame=7,0,87,926,25,67,17,62
frame=7,1,113,926,31,67,20,62
frame=7,2,300,1398,29,65,14,62
frame=7,3,145,926,27,67,10,62
frame=7,4,173,926,25,67,6,62
frame=7,5,89,582,31,68,9,62
frame=7,6,121,582,29,68,13,62
frame=7,7,151,582,27,68,15,62

[hit]
frames=2
duration=300ms
type=play_once
frame=0,0,111,994,25,67,17,62
frame=0,1,199,1264,32,66,20,61
frame=0,2,373,1530,30,64,14,61
frame=0,3,232,1264,27,66,10,61
frame=0,4,137,994,25,67,6,62
frame=0,5,337,651,32,68,10,62
frame=0,6,370,651,30,68,14,62
frame=0,7,401,651,27,68,15,62
frame=1,0,163,994,25,67,17,62
frame=1,1,260,1264,32,66,20,61
frame=1,2,404,1530,30,64,14,61
frame=1,3,293,1264,27,66,10,61
frame=1,4,189,994,25,67,6,62
frame=1,5,429,651,32,68,10,62
frame=1,6,462,651,30,68,14,62
frame=1,7,0,720,27,68,15,62

[block]
frames=2
duration=300ms
type=play_once
frame=0,0,215,994,21,67,13,62
frame=0,1,321,1264,29,66,17,61
frame=0,2,435,1530,30,64,14,61
frame=0,3,351,1264,24,66,11,61
frame=0,4,237,994,21,67,6,62
frame=0,5,28,720,29,68,10,62
frame=0,6,58,720,30,68,14,62
frame=0,7,89,720,24,68,11,62
frame=1,0,376,1264,27,66,16,60
frame=1,1,114,720,32,68,19,62
frame=1,2,259,994,29,67,14,62
frame=1,3,147,720,29,68,11,62
frame=1,4,404,1264,27,66,9,60
frame=1,5,56,443,32,69,11,62
frame=1,6,89,443,29,69,13,63
frame=1,7,119,443,29,69,16,62

[cast]
frames=6
duration=600ms
type=play_once
hit=300ms
frame=0,0,289,994,25,67,17,61
frame=0,1,315,994,30,67,19,61
frame=0,2,432,1264,28,66,13,62
frame=0,3,177,720,30,68,9,62
frame=0,4,346,994,25,67,6,61
frame=0,5,372,994,30,67,9,60
frame=0,6,461,1264,28,66,13,60
frame=0,7,403,994,30,67,19,60
frame=1,0,0,1331,23,66,16,59
frame=1,1,434,994,29,67,18,61
frame=1,2,24,1331,26,66,12,62
frame=1,3,464,994,29,67,9,61
frame=1,4,51,1331,23,66,5,59
frame=1,5,75,1331,29,66,9,57
frame=1,6,477,1398,26,65,12,57
frame=1,7,105,1331,29,66,18,57
frame=2,0,0,1062,23,67,16,59
frame=2,1,24,1062,29,67,18,61
frame=2,2,135,1331,26,66,12,62
frame=2,3,54,1062,29,67,9,61
frame=2,4,84,1062,23,67,5,59
frame=2,5,162,1331,29,66,9,57
frame=2,6,466,1530,26,64,12,56
frame=2,7,192,1331,29,66,18,57
frame=3,0,170,0,26,76,14,71
frame=3,1,197,0,39,76,26,72
frame=3,2,208,720,50,68,24,66
frame=3,3,460,0,39,74,11,72
frame=3,4,374,0,26,75,10,71
frame=3,5,313,157,39,71,11,64
frame=3,6,353,157,50,71,24,64
frame=3,7,205,301,39,70,26,64
frame=4,0,143,0,26,77,13,72
frame=4,1,237,0,39,76,25,72
frame=4,2,259,720,52,68,25,66
frame=4,3,0,82,39,74,12,72
frame=4,4,277,0,26,76,11,72
frame=4,5,40,82,39,73,12,66
frame=4,6,404,157,52,71,25,64
frame=4,7,304,82,39,72,25,66
frame=5,0,87,926,25,67,17,62
frame=5,1,113,926,31,67,20,62
frame=5,2,300,1398,29,65,14,62
frame=5,3,145,926,27,67,10,62
frame=5,4,173,926,25,67,6,62
frame=5,5,89,582,31,68,9,62
frame=5,6,121,582,29,68,13,62
frame=5,7,151,582,27,68,15,62

[shoot]
frames=7
duration=700ms
type=play_once
hit=300ms
frame=0,0,108,1062,36,67,25,61
frame=0,1,344,82,35,72,25,65
frame=0,2,380,82,40,72,26,66
frame=0,3,145,1062,38,67,13,63
frame=0,4,312,720,36,68,9,63
frame=0,5,245,301,35,70,8,62
frame=0,6,281,301,40,70,12,62
frame=0,7,184,1062,38,67,23,62
frame=1,0,349,720,27,68,14,62
frame=1,1,377,720,33,68,22,61
frame=1,2,411,720,39,68,26,61
frame=1,3,223,1062,32,67,16,62
frame=1,4,149,443,27,69,11,64
frame=1,5,322,301,33,70,9,62
frame=1,6,457,157,39,71,11,63
frame=1,7,256,1062,32,67,14,62
frame=2,0,451,720,27,68,14,62
frame=2,1,289,1062,33,67,22,60
frame=2,2,323,1062,39,67,26,60
frame=2,3,363,1062,32,67,16,62
frame=2,4,177,443,27,69,11,64
frame=2,5,356,301,33,70,9,62
frame=2,6,0,229,39,71,11,63
frame=2,7,396,1062,32,67,14,62
frame=3,0,479,720,27,68,13,62
frame=3,1,0,789,31,68,19,60
frame=3,2,222,1331,37,66,24,59
frame=3,3,40,229,31,71,16,66
frame=3,4,80,82,27,73,12,68
frame=3,5,72,229,31,71,10,64
frame=3,6,104,229,37,71,11,64
frame=3,7,32,789,31,68,13,63
frame=4,0,64,789,27,68,13,62
frame=4,1,92,789,32,68,20,60
frame=4,2,0,1464,37,65,24,58
frame=4,3,390,301,31,70,16,65
frame=4,4,421,82,27,72,12,67
frame=4,5,422,301,32,70,10,63
frame=4,6,142,229,37,71,11,64
frame=4,7,125,789,31,68,13,63
frame=5,0,429,1062,27,67,16,61
frame=5,1,260,1331,35,66,24,60
frame=5,2,38,1464,34,65,20,60
frame=5,3,0,1595,29,64,13,60
frame=5,4,296,1331,27,66,9,61
frame=5,5,205,443,35,69,9,62
frame=5,6,455,301,34,70,12,63
frame=5,7,157,789,29,68,14,62
frame=6,0,87,926,25,67,17,62
frame=6,1,113,926,31,67,20,62
frame=6,2,300,1398,29,65,14,62
frame=6,3,145,926,27,67,10,62
frame=6,4,173,926,25,67,6,62
frame=6,5,89,582,31,68,9,62
frame=6,6,121,582,29,68,13,62
frame=6,7,151,582,27,68,15,62

[die]
frames=6
duration=900ms
type=play_once
frame=0,0,457,1062,20,67,12,62
frame=0,1,324,1331,28,66,16,61
frame=0,2,30,1595,30,64,14,61
frame=0,3,353,1331,28,66,11,61
frame=0,4,478,1062,20,67,6,62
frame=0,5,187,789,28,68,10,62
frame=0,6,216,789,30,68,14,62
frame=0,7,247,789,28,68,15,62
frame=1,0,73,1464,27,65,7,61
frame=1,1,398,1787,29,61,10,57
frame=1,2,416,1849,28,58,13,55
frame=1,3,428,1787,27,61,17,57
frame=1,4,101,1464,27,65,18,61
frame=1,5,180,229,29,71,17,66
frame=1,6,449,82,28,72,13,68
frame=1,7,210,229,27,71,8,66
frame=2,0,445,1849,48,58,6,54
frame=2,1,251,1910,41,45,8,42
frame=2,2,361,1910,26,41,12,38
frame=2,3,157,1910,39,47,30,42
frame=2,4,0,1910,48,58,40,54
frame=2,5,0,372,41,70,31,67
frame=2,6,108,82,26,73,12,72
frame=2,7,241,443,39,69,7,67
frame=3,0,232,1969,67,39,3,35
frame=3,1,74,2011,53,27,6,23
frame=3,2,202,2011,26,25,12,19
frame=3,3,416,1969,53,31,45,26
frame=3,4,293,1910,67,44,62,39
frame=3,5,362,1849,53,59,45,55
frame=3,6,382,1331,26,66,12,64
frame=3,7,49,1910,53,57,6,55
frame=4,0,229,2011,73,24,-1,13
frame=4,1,116,1969,57,40,3,7
frame=4,2,103,1910,26,49,12,6
frame=4,3,388,1910,57,41,52,8
frame=4,4,0,2011,73,28,72,17
frame=4,5,446,1910,57,41,52,36
frame=4,6,197,1910,26,46,12,43
frame=4,7,300,1969,57,36,3,33
frame=5,0,303,2011,73,24,-1,13
frame=5,1,174,1969,57,40,3,7
frame=5,2,130,1910,26,49,12,6
frame=5,3,0,1969,57,41,52,8
frame=5,4,128,2011,73,27,72,16
frame=5,5,58,1969,57,41,52,36
frame=5,6,224,1910,26,46,12,43
frame=5,7,358,1969,57,36,3,33
