image=custom_gear_dagger.png

[stance]
frames=4
duration=800ms
type=back_forth
frame=0,0,282,20,9,17,17,45
frame=0,1,78,57,9,15,21,50
frame=0,2,450,101,5,7,12,56
frame=0,3,298,119,1,1,80,112
frame=0,4,292,20,9,17,-10,56
frame=0,5,171,0,9,18,-14,50
frame=0,6,181,0,7,18,-8,44
frame=0,7,189,0,9,18,6,42
frame=1,0,302,20,9,17,17,44
frame=1,1,88,57,9,15,21,50
frame=1,2,399,111,5,6,12,55
frame=1,3,298,119,1,1,80,112
frame=1,4,312,20,9,17,-10,55
frame=1,5,199,0,9,18,-14,49
frame=1,6,0,0,7,19,-8,44
frame=1,7,209,0,9,18,6,42
frame=2,0,379,39,9,16,17,45
frame=2,1,98,57,8,15,20,51
frame=2,2,456,101,5,7,12,56
frame=2,3,298,119,1,1,80,112
frame=2,4,322,20,9,17,-10,56
frame=2,5,219,0,8,18,-14,50
frame=2,6,8,0,7,19,-8,45
frame=2,7,228,0,8,18,5,43
frame=3,0,282,20,9,17,17,45
frame=3,1,78,57,9,15,21,50
frame=3,2,462,101,5,7,12,56
frame=3,3,298,119,1,1,80,112
frame=3,4,292,20,9,17,-10,56
frame=3,5,237,0,9,18,-14,50
frame=3,6,247,0,7,18,-8,44
frame=3,7,189,0,9,18,6,42

[run]
frames=10
duration=660ms
type=looped
frame=0,0,332,20,6,17,12,37
frame=0,1,255,0,6,18,18,43
frame=0,2,262,0,5,18,14,49
frame=0,3,258,119,3,4,3,52
frame=0,4,339,20,5,17,-9,50
frame=0,5,345,20,6,17,-14,44
frame=0,6,352,20,7,17,-10,38
frame=0,7,360,20,7,17,1,35
frame=1,0,368,20,5,17,13,37
frame=1,1,268,0,6,18,19,43
frame=1,2,374,20,5,17,14,49
frame=1,3,276,119,3,3,2,51
frame=1,4,380,20,5,17,-10,49
frame=1,5,386,20,7,17,-14,43
frame=1,6,394,20,8,17,-9,37
frame=1,7,275,0,7,18,2,35
frame=2,0,403,20,7,17,16,39
frame=2,1,411,20,7,17,20,45
frame=2,2,405,111,5,6,13,51
frame=2,3,298,119,1,1,80,112
frame=2,4,419,20,7,17,-11,50
frame=2,5,283,0,7,18,-15,44
frame=2,6,291,0,7,18,-9,38
frame=2,7,299,0,7,18,4,36
frame=3,0,427,20,8,17,19,42
frame=3,1,107,57,8,15,21,48
frame=3,2,411,111,6,6,12,54
frame=3,3,280,119,3,3,-5,50
frame=3,4,436,20,8,17,-13,52
frame=3,5,16,0,8,19,-15,46
frame=3,6,25,0,7,19,-7,40
frame=3,7,33,0,8,19,7,39
frame=4,0,389,39,11,16,22,44
frame=4,1,404,57,9,14,22,50
frame=4,2,132,101,5,8,10,56
frame=4,3,468,101,6,7,-6,50
frame=4,4,445,20,11,17,-13,53
frame=4,5,307,0,9,18,-15,46
frame=4,6,42,0,7,19,-6,41
frame=4,7,317,0,10,18,10,40
frame=5,0,401,39,11,16,22,44
frame=5,1,414,57,9,14,22,50
frame=5,2,347,89,6,9,10,55
frame=5,3,138,101,7,8,-6,50
frame=5,4,413,39,11,16,-13,52
frame=5,5,50,0,9,19,-15,46
frame=5,6,328,0,7,18,-5,40
frame=5,7,336,0,10,18,11,40
frame=6,0,425,39,11,16,22,42
frame=6,1,116,57,9,15,22,49
frame=6,2,146,101,5,8,10,54
frame=6,3,475,101,6,7,-6,49
frame=6,4,437,39,11,16,-13,51
frame=6,5,60,0,9,19,-15,45
frame=6,6,347,0,7,18,-6,39
frame=6,7,355,0,10,18,10,38
frame=7,0,457,20,8,17,19,41
frame=7,1,126,57,8,15,21,47
frame=7,2,418,111,5,6,11,53
frame=7,3,284,119,3,3,-5,49
frame=7,4,466,20,8,17,-13,51
frame=7,5,70,0,8,19,-15,45
frame=7,6,79,0,7,19,-7,39
frame=7,7,87,0,8,19,7,38
frame=8,0,475,20,7,17,16,40
frame=8,1,483,20,7,17,20,46
frame=8,2,424,111,5,6,13,52
frame=8,3,298,119,1,1,80,112
frame=8,4,491,20,7,17,-11,51
frame=8,5,366,0,7,18,-15,45
frame=8,6,374,0,7,18,-9,39
frame=8,7,382,0,7,18,4,37
frame=9,0,390,0,5,18,13,39
frame=9,1,396,0,6,18,19,45
frame=9,2,499,20,6,17,15,50
frame=9,3,262,119,3,4,2,53
frame=9,4,506,20,5,17,-10,51
frame=9,5,0,39,7,17,-14,45
frame=9,6,8,39,8,17,-9,39
frame=9,7,17,39,7,17,2,36

[swing]
frames=8
duration=640ms
type=play_once
hit=160ms
frame=0,0,68,74,13,13,-13,40
frame=0,1,424,57,8,14,7,37
frame=0,2,365,74,16,11,31,42
frame=0,3,430,111,15,6,38,51
frame=0,4,354,89,13,9,24,62
frame=0,5,162,89,8,10,-1,65
frame=0,6,152,101,16,8,-17,58
frame=0,7,368,89,18,9,-22,48
frame=1,0,387,89,18,9,-19,44
frame=1,1,433,57,11,14,-6,39
frame=1,2,445,57,8,14,15,39
frame=1,3,382,74,17,11,35,46
frame=1,4,446,111,18,6,35,55
frame=1,5,482,101,10,7,15,64
frame=1,6,171,89,9,10,-8,64
frame=1,7,493,101,17,7,-20,54
frame=2,0,0,111,13,7,38,41
frame=2,1,465,111,9,6,30,53
frame=2,2,169,101,4,8,6,59
frame=2,3,174,101,14,8,-13,57
frame=2,4,400,74,15,11,-25,48
frame=2,5,82,74,10,13,-22,37
frame=2,6,454,57,9,14,-2,31
frame=2,7,275,74,17,12,25,33
frame=3,0,214,119,4,5,-4,51
frame=3,1,14,111,9,7,-10,49
frame=3,2,293,74,9,12,-12,47
frame=3,3,93,74,10,13,-8,43
frame=3,4,406,89,18,9,6,38
frame=3,5,475,111,18,6,17,38
frame=3,6,416,74,10,11,19,45
frame=3,7,494,111,4,6,16,47
frame=4,0,499,111,6,6,-7,46
frame=4,1,24,111,12,7,-5,43
frame=4,2,303,74,6,12,-8,43
frame=4,3,427,74,15,11,1,40
frame=4,4,0,119,19,6,11,37
frame=4,5,181,89,15,10,15,41
frame=4,6,189,101,5,8,12,42
frame=4,7,20,119,4,6,1,48
frame=5,0,37,111,6,7,15,49
frame=5,1,219,119,7,5,0,54
frame=5,2,25,119,6,6,-10,51
frame=5,3,425,89,8,9,-12,45
frame=5,4,310,74,13,12,-6,41
frame=5,5,135,57,15,15,5,40
frame=5,6,403,0,11,18,14,43
frame=5,7,415,0,8,18,18,48
frame=6,0,96,0,8,19,20,50
frame=6,1,195,101,7,8,13,55
frame=6,2,298,119,1,1,80,112
frame=6,3,151,57,6,15,-10,54
frame=6,4,158,57,8,15,-14,48
frame=6,5,449,39,9,16,-8,42
frame=6,6,424,0,9,18,4,41
frame=6,7,105,0,6,19,14,44
frame=7,0,25,39,9,17,17,45
frame=7,1,459,39,9,16,21,51
frame=7,2,456,101,5,7,12,56
frame=7,3,298,119,1,1,80,112
frame=7,4,35,39,9,17,-10,56
frame=7,5,434,0,9,18,-14,50
frame=7,6,112,0,7,19,-8,45
frame=7,7,120,0,9,19,6,43

[swing2]
frames=8
duration=680ms
type=play_once
hit=170ms
frame=0,0,197,89,19,10,-4,63
frame=0,1,32,119,17,6,7,58
frame=0,2,44,111,8,7,15,61
frame=0,3,50,119,12,6,22,67
frame=0,4,203,101,19,8,21,74
frame=0,5,104,74,17,13,8,79
frame=0,6,469,39,8,16,-9,78
frame=0,7,167,57,12,15,-12,72
frame=1,0,464,57,11,14,-17,55
frame=1,1,45,39,12,17,-5,50
frame=1,2,444,0,8,18,11,50
frame=1,3,130,0,8,19,24,56
frame=1,4,58,39,11,17,26,64
frame=1,5,122,74,12,13,15,70
frame=1,6,135,74,8,13,-5,69
frame=1,7,144,74,8,13,-18,63
frame=2,0,478,39,12,16,35,29
frame=2,1,324,74,10,12,37,40
frame=2,2,217,89,7,10,18,48
frame=2,3,298,119,1,1,80,112
frame=2,4,476,57,12,14,-25,43
frame=2,5,70,39,13,17,-26,32
frame=2,6,139,0,9,19,-11,23
frame=2,7,453,0,9,18,14,22
frame=3,0,149,0,5,19,22,24
frame=3,1,463,0,6,18,27,33
frame=3,2,180,57,9,15,18,38
frame=3,3,298,119,1,1,80,112
frame=3,4,443,74,5,11,-19,37
frame=3,5,491,39,7,16,-22,28
frame=3,6,84,39,9,17,-11,20
frame=3,7,94,39,8,17,7,18
frame=4,0,470,0,5,18,22,24
frame=4,1,103,39,7,17,28,33
frame=4,2,190,57,7,15,18,39
frame=4,3,298,119,1,1,80,112
frame=4,4,449,74,5,11,-19,38
frame=4,5,111,39,8,17,-22,29
frame=4,6,476,0,9,18,-11,21
frame=4,7,486,0,7,18,7,19
frame=5,0,455,74,14,11,30,25
frame=5,1,223,101,11,8,32,34
frame=5,2,53,111,3,7,16,42
frame=5,3,298,119,1,1,80,112
frame=5,4,225,89,14,10,-18,38
frame=5,5,198,57,13,15,-21,30
frame=5,6,120,39,8,17,-10,23
frame=5,7,212,57,12,15,12,20
frame=6,0,499,39,13,16,25,41
frame=6,1,494,0,10,18,26,50
frame=6,2,235,101,5,8,13,57
frame=6,3,434,89,5,9,-7,58
frame=6,4,0,57,13,16,-14,52
frame=6,5,153,74,10,13,-18,42
frame=6,6,240,89,7,10,-9,34
frame=6,7,164,74,11,13,10,34
frame=7,0,25,39,9,17,17,45
frame=7,1,459,39,9,16,21,51
frame=7,2,456,101,5,7,12,56
frame=7,3,298,119,1,1,80,112
frame=7,4,35,39,9,17,-10,56
frame=7,5,434,0,9,18,-14,50
frame=7,6,112,0,7,19,-8,45
frame=7,7,120,0,9,19,6,43

[swing3]
frames=8
duration=600ms
type=play_once
hit=150ms
frame=0,0,57,111,15,7,9,34
frame=0,1,241,101,16,8,22,38
frame=0,2,248,89,11,10,23,46
frame=0,3,63,119,6,6,12,53
frame=0,4,73,111,8,7,-3,54
frame=0,5,258,101,18,8,-6,50
frame=0,6,260,89,12,10,-13,44
frame=0,7,273,89,9,10,-8,38
frame=1,0,277,101,15,8,5,33
frame=1,1,70,119,16,6,19,34
frame=1,2,440,89,9,9,23,42
frame=1,3,288,119,5,3,14,49
frame=1,4,87,119,5,6,-2,51
frame=1,5,293,101,18,8,-3,49
frame=1,6,470,74,14,11,-11,44
frame=1,7,335,74,8,12,-11,38
frame=2,0,485,74,15,11,42,52
frame=2,1,501,74,9,11,24,65
frame=2,2,450,89,9,9,-4,68
frame=2,3,460,89,16,9,-22,59
frame=2,4,82,111,16,7,-28,45
frame=2,5,477,89,9,9,-17,34
frame=2,6,99,111,13,7,11,30
frame=2,7,113,111,16,7,36,37
frame=3,0,0,89,14,11,42,52
frame=3,1,15,89,8,11,22,65
frame=3,2,24,89,9,11,-7,66
frame=3,3,312,101,16,8,-25,56
frame=3,4,130,111,15,7,-29,42
frame=3,5,329,101,8,8,-16,31
frame=3,6,338,101,13,8,14,29
frame=3,7,146,111,16,7,39,36
frame=4,0,0,89,14,11,42,52
frame=4,1,15,89,8,11,22,65
frame=4,2,24,89,9,11,-7,66
frame=4,3,312,101,16,8,-25,56
frame=4,4,130,111,15,7,-29,42
frame=4,5,329,101,8,8,-16,31
frame=4,6,338,101,13,8,14,29
frame=4,7,146,111,16,7,39,36
frame=5,0,225,57,14,15,39,51
frame=5,1,240,57,9,15,24,64
frame=5,2,163,111,7,7,-2,68
frame=5,3,489,57,15,14,-18,60
frame=5,4,487,89,15,9,-26,46
frame=5,5,171,111,9,7,-17,34
frame=5,6,181,111,11,7,7,30
frame=5,7,34,89,14,11,31,38
frame=6,0,505,0,7,18,24,48
frame=6,1,0,20,8,18,23,57
frame=6,2,176,74,5,13,9,62
frame=6,3,129,39,5,17,-9,62
frame=6,4,135,39,7,17,-19,55
frame=6,5,143,39,8,17,-17,46
frame=6,6,14,57,7,16,-5,40
frame=6,7,152,39,7,17,12,41
frame=7,0,25,39,9,17,17,45
frame=7,1,459,39,9,16,21,51
frame=7,2,456,101,5,7,12,56
frame=7,3,298,119,1,1,80,112
frame=7,4,35,39,9,17,-10,56
frame=7,5,434,0,9,18,-14,50
frame=7,6,112,0,7,19,-8,45
frame=7,7,120,0,9,19,6,43

[hit]
frames=2
duration=300ms
type=play_once
frame=0,0,160,39,10,17,17,46
frame=0,1,250,57,9,15,20,51
frame=0,2,456,101,5,7,12,56
frame=0,3,298,119,1,1,80,112
frame=0,4,22,57,10,16,-9,56
frame=0,5,9,20,9,18,-13,51
frame=0,6,19,20,7,18,-8,45
frame=0,7,27,20,9,18,5,43
frame=1,0,160,39,10,17,17,46
frame=1,1,250,57,9,15,20,51
frame=1,2,456,101,5,7,12,56
frame=1,3,298,119,1,1,80,112
frame=1,4,22,57,10,16,-9,56
frame=1,5,9,20,9,18,-13,51
frame=1,6,37,20,7,18,-8,45
frame=1,7,45,20,9,18,5,43

[block]
frames=2
duration=300ms
type=play_once
frame=0,0,55,20,7,18,12,44
frame=0,1,33,57,7,16,17,48
frame=0,2,266,119,5,4,12,53
frame=0,3,298,119,1,1,80,112
frame=0,4,171,39,7,17,-7,54
frame=0,5,63,20,7,18,-12,50
frame=0,6,71,20,7,18,-8,45
frame=0,7,79,20,7,18,2,42
frame=1,0,0,101,18,9,17,50
frame=1,1,193,111,16,7,21,54
frame=1,2,352,101,7,8,13,59
frame=1,3,210,111,15,7,8,62
frame=1,4,360,101,18,8,-1,60
frame=1,5,182,74,16,13,-7,58
frame=1,6,260,57,7,15,-8,54
frame=1,7,199,74,15,13,5,50

[cast]
frames=6
duration=600ms
type=play_once
hit=300ms
frame=0,0,19,101,15,9,18,46
frame=0,1,344,74,11,12,20,53
frame=0,2,35,101,7,9,11,58
frame=0,3,298,119,1,1,80,112
frame=0,4,226,111,12,7,-8,54
frame=0,5,93,119,13,6,-9,48
frame=0,6,379,101,7,8,-6,44
frame=0,7,239,111,14,7,7,42
frame=1,0,43,101,18,9,17,43
frame=1,1,0,74,15,14,19,50
frame=1,2,268,57,8,15,12,55
frame=1,3,272,119,3,4,6,48
frame=1,4,107,119,8,6,-11,52
frame=1,5,227,119,11,5,-10,45
frame=1,6,387,101,8,8,-6,42
frame=1,7,254,111,12,7,6,40
frame=2,0,62,101,19,9,18,43
frame=2,1,215,74,16,13,20,49
frame=2,2,277,57,8,15,12,55
frame=2,3,294,119,3,3,6,47
frame=2,4,116,119,9,6,-11,51
frame=2,5,126,119,12,6,-10,45
frame=2,6,396,101,8,8,-6,41
frame=2,7,267,111,15,7,7,39
frame=3,0,286,57,15,15,15,56
frame=3,1,49,89,15,11,27,60
frame=3,2,405,101,9,8,24,67
frame=3,3,415,101,10,8,13,74
frame=3,4,65,89,15,11,-2,75
frame=3,5,302,57,15,15,-14,71
frame=3,6,87,20,9,18,-17,64
frame=3,7,97,20,10,18,-5,58
frame=4,0,16,74,16,14,13,56
frame=4,1,283,89,15,10,26,59
frame=4,2,283,111,9,7,25,66
frame=4,3,293,111,10,7,15,73
frame=4,4,299,89,16,10,1,75
frame=4,5,318,57,15,15,-13,73
frame=4,6,179,39,9,17,-18,65
frame=4,7,108,20,10,18,-7,59
frame=5,0,25,39,9,17,17,45
frame=5,1,459,39,9,16,21,51
frame=5,2,456,101,5,7,12,56
frame=5,3,298,119,1,1,80,112
frame=5,4,35,39,9,17,-10,56
frame=5,5,434,0,9,18,-14,50
frame=5,6,112,0,7,19,-8,45
frame=5,7,120,0,9,19,6,43

[shoot]
frames=7
duration=700ms
type=play_once
hit=300ms
frame=0,0,119,20,7,18,11,42
frame=0,1,189,39,5,17,24,48
frame=0,2,195,39,6,17,26,58
frame=0,3,139,119,7,6,13,65
frame=0,4,202,39,6,17,-7,65
frame=0,5,127,20,5,18,-21,59
frame=0,6,209,39,7,17,-21,49
frame=0,7,217,39,7,17,-8,42
frame=1,0,133,20,7,18,6,43
frame=1,1,225,39,7,17,22,47
frame=1,2,233,39,6,17,26,56
frame=1,3,240,39,8,17,17,64
frame=1,4,249,39,7,17,-1,66
frame=1,5,257,39,7,17,-17,61
frame=1,6,141,20,7,18,-21,53
frame=1,7,149,20,8,18,-11,45
frame=2,0,133,20,7,18,6,43
frame=2,1,225,39,7,17,22,47
frame=2,2,233,39,6,17,26,56
frame=2,3,240,39,8,17,17,64
frame=2,4,334,57,7,15,-1,66
frame=2,5,257,39,7,17,-17,61
frame=2,6,141,20,7,18,-21,53
frame=2,7,149,20,8,18,-11,45
frame=3,0,158,20,10,18,7,49
frame=3,1,41,57,10,16,22,52
frame=3,2,33,74,9,14,26,60
frame=3,3,304,111,7,7,16,67
frame=3,4,342,57,10,15,1,70
frame=3,5,265,39,10,17,-14,66
frame=3,6,169,20,9,18,-19,58
frame=3,7,155,0,7,19,-11,51
frame=4,0,179,20,9,18,7,47
frame=4,1,276,39,9,17,22,51
frame=4,2,52,57,9,16,26,59
frame=4,3,312,111,6,7,15,66
frame=4,4,353,57,9,15,0,68
frame=4,5,286,39,9,17,-15,64
frame=4,6,189,20,9,18,-19,56
frame=4,7,199,20,7,18,-11,49
frame=5,0,147,119,8,6,17,39
frame=5,1,319,111,7,7,26,47
frame=5,2,239,119,8,5,21,56
frame=5,3,298,119,1,1,80,112
frame=5,4,81,89,14,11,-5,58
frame=5,5,327,111,18,7,-10,50
frame=5,6,156,119,8,6,-15,41
frame=5,7,165,119,7,6,-1,37
frame=6,0,25,39,9,17,17,45
frame=6,1,459,39,9,16,21,51
frame=6,2,456,101,5,7,12,56
frame=6,3,298,119,1,1,80,112
frame=6,4,35,39,9,17,-10,56
frame=6,5,434,0,9,18,-14,50
frame=6,6,163,0,7,19,-8,45
frame=6,7,120,0,9,19,6,43

[die]
frames=6
duration=900ms
type=play_once
frame=0,0,207,20,6,18,11,42
frame=0,1,214,20,7,18,17,47
frame=0,2,222,20,5,18,12,52
frame=0,3,298,119,1,1,80,112
frame=0,4,296,39,6,17,-7,52
frame=0,5,303,39,8,17,-11,47
frame=0,6,312,39,7,17,-8,42
frame=0,7,228,20,7,18,1,40
frame=1,0,363,57,8,15,5,45
frame=1,1,43,74,7,14,10,46
frame=1,2,426,101,7,8,12,50
frame=1,3,298,119,1,1,80,112
frame=1,4,236,20,8,18,1,55
frame=1,5,245,20,6,18,-5,53
frame=1,6,252,20,9,18,-5,50
frame=1,7,320,39,11,17,0,47
frame=2,0,316,89,15,10,-9,44
frame=2,1,346,111,8,7,-3,38
frame=2,2,173,119,11,6,12,38
frame=2,3,96,89,16,11,23,45
frame=2,4,62,57,15,16,22,54
frame=2,5,332,39,8,17,9,59
frame=2,6,341,39,12,17,-2,59
frame=2,7,51,74,16,14,-9,53
frame=3,0,82,101,16,9,-32,35
frame=3,1,232,74,8,13,-20,24
frame=3,2,332,89,14,10,12,19
frame=3,3,185,119,18,6,40,25
frame=3,4,99,101,16,9,46,41
frame=3,5,356,74,8,12,26,55
frame=3,6,113,89,14,11,0,58
frame=3,7,355,111,18,7,-24,48
frame=4,0,354,39,12,17,-52,15
frame=4,1,262,20,9,18,-33,-4
frame=4,2,372,57,15,15,13,-12
frame=4,3,128,89,16,11,52,-3
frame=4,4,374,111,12,7,62,16
frame=4,5,248,119,9,5,40,35
frame=4,6,116,101,15,9,0,43
frame=4,7,241,74,16,13,-38,34
frame=5,0,367,39,11,17,-53,15
frame=5,1,272,20,9,18,-33,-4
frame=5,2,388,57,15,15,13,-12
frame=5,3,145,89,16,11,52,-3
frame=5,4,387,111,11,7,62,16
frame=5,5,204,119,9,6,40,35
frame=5,6,434,101,15,8,0,42
frame=5,7,258,74,16,13,-38,34
