image=custom_gear_greatstaff.png

[stance]
frames=4
duration=800ms
type=back_forth
frame=0,0,452,292,30,65,27,68
frame=0,1,328,555,23,57,27,71
frame=0,2,409,616,8,55,14,76
frame=0,3,203,555,23,58,9,79
frame=0,4,390,360,30,64,1,78
frame=0,5,155,77,23,71,-6,75
frame=0,6,20,0,8,75,-8,71
frame=0,7,179,77,23,71,12,67
frame=1,0,421,360,28,64,26,67
frame=1,1,227,555,22,58,27,71
frame=1,2,462,555,8,56,14,76
frame=1,3,250,555,21,58,8,79
frame=1,4,450,360,28,64,0,78
frame=1,5,203,77,22,71,-7,74
frame=1,6,162,0,8,74,-8,70
frame=1,7,226,77,21,71,11,67
frame=2,0,479,360,31,64,27,68
frame=2,1,471,555,23,56,27,71
frame=2,2,410,673,8,53,14,75
frame=2,3,352,555,23,57,9,79
frame=2,4,0,426,31,64,2,79
frame=2,5,358,0,23,72,-6,76
frame=2,6,29,0,8,75,-8,72
frame=2,7,248,77,23,71,12,68
frame=3,0,0,360,30,65,27,68
frame=3,1,328,555,23,57,27,71
frame=3,2,418,616,8,55,14,76
frame=3,3,203,555,23,58,9,79
frame=3,4,390,360,30,64,1,78
frame=3,5,272,77,23,71,-6,75
frame=3,6,38,0,8,75,-8,71
frame=3,7,296,77,23,71,12,67

[run]
frames=10
duration=660ms
type=looped
frame=0,0,303,222,13,67,17,61
frame=0,1,89,222,11,68,22,67
frame=0,2,142,150,8,70,16,74
frame=0,3,431,150,10,69,5,77
frame=0,4,52,292,13,66,-6,73
frame=0,5,66,292,11,66,-13,68
frame=0,6,78,292,8,66,-10,62
frame=0,7,87,292,10,66,3,59
frame=1,0,98,292,10,66,16,60
frame=1,1,101,222,9,68,21,67
frame=1,2,442,150,8,69,15,74
frame=1,3,111,222,8,68,3,76
frame=1,4,317,222,10,67,-8,73
frame=1,5,109,292,9,66,-14,67
frame=1,6,328,222,8,67,-9,62
frame=1,7,337,222,8,67,3,59
frame=2,0,119,292,15,66,19,62
frame=2,1,32,426,12,64,22,68
frame=2,2,45,426,8,64,14,74
frame=2,3,54,426,12,64,4,76
frame=2,4,135,292,15,66,-6,73
frame=2,5,451,150,12,69,-12,69
frame=2,6,320,77,8,71,-8,64
frame=2,7,151,150,12,70,6,61
frame=3,0,31,360,26,65,27,65
frame=3,1,335,491,19,60,26,70
frame=3,2,376,555,8,57,13,75
frame=3,3,114,1040,13,30,5,77
frame=3,4,58,360,26,65,-3,75
frame=3,5,382,0,19,72,-9,71
frame=3,6,171,0,8,74,-7,66
frame=3,7,164,150,20,70,13,63
frame=4,0,93,491,33,62,32,66
frame=4,1,156,673,22,54,28,70
frame=4,2,60,729,8,52,13,75
frame=4,3,0,616,28,56,7,77
frame=4,4,85,360,33,65,-1,76
frame=4,5,263,0,22,73,-8,72
frame=4,6,0,0,10,76,-5,68
frame=4,7,329,77,28,71,19,65
frame=5,0,355,491,36,60,34,65
frame=5,1,173,729,24,51,29,69
frame=5,2,65,832,9,46,13,73
frame=5,3,179,673,31,54,8,76
frame=5,4,67,426,36,64,0,75
frame=5,5,402,0,24,72,-7,71
frame=5,6,47,0,11,75,-4,67
frame=5,7,464,150,31,69,21,64
frame=6,0,257,491,33,61,32,64
frame=6,1,419,673,22,53,28,68
frame=6,2,198,729,8,51,13,73
frame=6,3,427,616,28,55,7,75
frame=6,4,104,426,33,64,-1,74
frame=6,5,427,0,22,72,-8,70
frame=6,6,59,0,10,75,-5,66
frame=6,7,185,150,28,70,19,63
frame=7,0,119,360,26,65,27,64
frame=7,1,392,491,19,60,26,69
frame=7,2,385,555,8,57,13,74
frame=7,3,412,491,20,60,5,76
frame=7,4,146,360,26,65,-3,74
frame=7,5,450,0,19,72,-9,70
frame=7,6,180,0,8,74,-7,65
frame=7,7,214,150,20,70,13,62
frame=8,0,151,292,15,66,19,63
frame=8,1,138,426,12,64,22,69
frame=8,2,151,426,8,64,14,75
frame=8,3,410,1153,9,20,4,77
frame=8,4,167,292,15,66,-6,74
frame=8,5,496,150,12,69,-12,70
frame=8,6,358,77,8,71,-8,65
frame=8,7,235,150,12,70,6,62
frame=9,0,346,222,10,67,16,62
frame=9,1,120,222,9,68,21,69
frame=9,2,130,222,8,68,15,75
frame=9,3,357,222,8,67,3,78
frame=9,4,183,292,10,66,-8,74
frame=9,5,366,222,9,67,-14,69
frame=9,6,376,222,8,67,-9,63
frame=9,7,385,222,8,67,3,60

[swing]
frames=8
duration=640ms
type=play_once
hit=160ms
frame=0,0,352,926,42,38,-1,51
frame=0,1,154,880,19,43,14,50
frame=0,2,402,966,65,34,55,53
frame=0,3,428,1246,74,9,65,51
frame=0,4,61,1072,46,27,41,71
frame=0,5,288,1005,21,32,5,76
frame=0,6,378,1176,65,17,8,63
frame=0,7,309,1128,74,22,7,54
frame=1,0,351,1101,73,24,10,52
frame=1,1,111,880,42,44,9,55
frame=1,2,472,729,25,48,25,57
frame=1,3,310,1005,67,32,59,56
frame=1,4,61,1258,73,8,61,56
frame=1,5,384,1040,42,28,31,73
frame=1,6,484,1005,27,31,0,74
frame=1,7,436,1197,67,15,6,59
frame=2,0,181,1231,69,12,63,43
frame=2,1,420,1153,35,20,43,59
frame=2,2,456,1153,32,20,20,66
frame=2,3,395,1231,68,11,16,58
frame=2,4,152,966,69,36,4,61
frame=2,5,211,673,35,54,-10,59
frame=2,6,456,616,32,55,10,53
frame=2,7,436,880,68,39,50,47
frame=3,0,444,1176,68,17,36,57
frame=3,1,25,1128,73,23,28,58
frame=3,2,174,880,40,43,4,64
frame=3,3,75,832,28,46,2,60
frame=3,4,128,1040,68,30,30,48
frame=3,5,0,1246,73,11,43,41
frame=3,6,378,1005,40,32,34,56
frame=3,7,124,1005,28,33,24,61
frame=4,0,275,1246,76,10,36,48
frame=4,1,241,966,58,35,20,59
frame=4,2,104,832,9,46,-7,61
frame=4,3,395,926,55,38,21,53
frame=4,4,87,1215,76,14,38,40
frame=4,5,108,1072,58,27,36,50
frame=4,6,69,966,9,37,14,58
frame=4,7,380,1072,55,26,32,56
frame=5,0,326,426,45,63,34,75
frame=5,1,334,832,54,45,28,69
frame=5,2,371,1197,19,16,-9,61
frame=5,3,427,1040,15,28,-8,55
frame=5,4,0,926,45,39,9,55
frame=5,5,29,616,54,56,24,60
frame=5,6,248,150,35,70,26,68
frame=5,7,286,0,15,73,21,74
frame=6,0,70,0,15,75,23,77
frame=6,1,0,222,27,69,24,80
frame=6,2,433,491,28,60,12,78
frame=6,3,310,729,14,50,-9,72
frame=6,4,247,673,15,54,-10,67
frame=6,5,462,491,27,60,1,64
frame=6,6,139,222,28,68,14,65
frame=6,7,189,0,17,74,21,70
frame=7,0,160,426,30,64,27,68
frame=7,1,394,555,23,57,27,71
frame=7,2,263,673,8,54,14,76
frame=7,3,418,555,23,57,9,79
frame=7,4,372,426,30,63,1,78
frame=7,5,367,77,23,71,-6,75
frame=7,6,207,0,8,74,-8,71
frame=7,7,470,0,23,72,12,68

[swing2]
frames=8
duration=680ms
type=play_once
hit=170ms
frame=0,0,153,1005,71,33,23,75
frame=0,1,0,1258,60,9,29,61
frame=0,2,489,1153,18,20,19,67
frame=0,3,164,1215,43,14,37,70
frame=0,4,99,1128,71,23,46,82
frame=0,5,293,783,60,47,29,96
frame=0,6,490,491,18,60,-3,100
frame=0,7,272,673,43,54,4,91
frame=1,0,207,729,39,51,-4,74
frame=1,1,403,426,41,63,10,74
frame=1,2,302,0,22,73,18,79
frame=1,3,86,0,17,75,29,86
frame=1,4,394,222,39,67,41,90
frame=1,5,0,673,41,55,29,90
frame=1,6,468,966,17,34,-3,85
frame=1,7,215,880,17,43,-14,78
frame=2,0,127,491,47,62,52,53
frame=2,1,354,783,43,47,52,57
frame=2,2,222,966,18,36,23,61
frame=2,3,451,926,27,38,2,63
frame=2,4,335,729,47,49,-7,61
frame=2,5,173,360,43,65,-11,57
frame=2,6,104,0,18,75,-7,53
frame=2,7,216,0,27,74,23,51
frame=3,0,494,0,10,72,24,52
frame=3,1,391,77,15,71,32,60
frame=3,2,434,222,18,67,23,66
frame=3,3,175,491,15,62,3,66
frame=3,4,140,555,8,59,-18,60
frame=3,5,191,491,15,62,-19,52
frame=3,6,453,222,18,67,-7,46
frame=3,7,407,77,16,71,10,46
frame=4,0,424,77,10,71,25,52
frame=4,1,435,77,17,71,33,61
frame=4,2,194,292,18,66,23,66
frame=4,3,207,491,14,62,2,67
frame=4,4,0,555,9,60,-18,61
frame=4,5,222,491,17,62,-18,52
frame=4,6,168,222,18,68,-7,47
frame=4,7,453,77,15,71,10,46
frame=5,0,0,783,62,48,53,44
frame=5,1,167,1072,51,27,50,43
frame=5,2,0,1197,14,17,20,46
frame=5,3,384,1128,41,22,13,50
frame=5,4,263,880,62,41,7,54
frame=5,5,10,555,51,60,-1,54
frame=5,6,469,77,14,71,-8,52
frame=5,7,217,360,41,65,26,47
frame=6,0,272,555,46,58,42,61
frame=6,1,0,77,32,72,37,76
frame=6,2,11,0,8,76,14,84
frame=6,3,284,150,35,70,11,83
frame=6,4,383,729,38,49,-6,72
frame=6,5,389,832,32,45,-7,58
frame=6,6,370,880,8,40,-8,49
frame=6,7,422,832,35,45,22,50
frame=7,0,160,426,30,64,27,68
frame=7,1,394,555,23,57,27,71
frame=7,2,263,673,8,54,14,76
frame=7,3,418,555,23,57,9,79
frame=7,4,372,426,30,63,1,78
frame=7,5,367,77,23,71,-6,75
frame=7,6,207,0,8,74,-8,71
frame=7,7,470,0,23,72,12,68

[swing3]
frames=8
duration=600ms
type=play_once
hit=150ms
frame=0,0,426,1128,66,22,32,41
frame=0,1,0,1176,74,20,48,45
frame=0,2,326,880,43,41,38,61
frame=0,3,458,832,23,45,22,69
frame=0,4,197,1040,66,30,32,64
frame=0,5,251,1231,74,12,24,51
frame=0,6,425,1101,28,24,-12,46
frame=0,7,479,926,23,38,-1,52
frame=1,0,0,1005,62,34,27,46
frame=1,1,352,1246,75,10,45,36
frame=1,2,0,1040,48,31,39,53
frame=1,3,79,966,17,37,21,62
frame=1,4,171,1128,62,23,33,58
frame=1,5,15,1197,75,17,28,53
frame=1,6,46,926,48,39,7,58
frame=1,7,398,783,17,47,-6,56
frame=2,0,95,926,63,39,64,66
frame=2,1,442,673,20,53,30,84
frame=2,2,63,783,45,48,17,85
frame=2,3,219,1072,74,27,9,68
frame=2,4,0,1215,63,15,-3,48
frame=2,5,75,1176,13,20,-19,34
frame=2,6,454,1101,45,24,26,38
frame=2,7,37,1231,74,13,63,41
frame=3,0,159,926,60,39,63,66
frame=3,1,69,729,14,52,26,84
frame=3,2,0,880,50,45,17,83
frame=3,3,0,1153,75,22,8,64
frame=3,4,196,1176,60,19,-5,47
frame=3,5,89,1176,11,20,-17,31
frame=3,6,135,1101,50,25,31,37
frame=3,7,208,1215,75,14,65,41
frame=4,0,159,926,60,39,63,66
frame=4,1,69,729,14,52,26,84
frame=4,2,0,880,50,45,17,83
frame=4,3,0,1153,75,22,8,64
frame=4,4,196,1176,60,19,-5,47
frame=4,5,89,1176,11,20,-17,31
frame=4,6,135,1101,50,25,31,37
frame=4,7,208,1215,75,14,65,41
frame=5,0,42,673,58,55,60,71
frame=5,1,28,222,23,69,32,89
frame=5,2,472,222,33,67,14,92
frame=5,3,247,729,62,51,6,79
frame=5,4,436,1072,49,26,-13,57
frame=5,5,64,1215,22,15,-12,39
frame=5,6,91,1197,33,17,17,36
frame=5,7,225,1005,62,33,54,49
frame=6,0,0,292,17,67,30,71
frame=6,1,484,77,12,71,26,82
frame=6,2,497,77,8,71,10,88
frame=6,3,445,426,11,63,-8,86
frame=6,4,213,292,17,66,-15,78
frame=6,5,191,426,12,64,-16,69
frame=6,6,457,426,8,63,-4,63
frame=6,7,204,426,15,64,17,64
frame=7,0,160,426,30,64,27,68
frame=7,1,394,555,23,57,27,71
frame=7,2,263,673,8,54,14,76
frame=7,3,418,555,23,57,9,79
frame=7,4,372,426,30,63,1,78
frame=7,5,367,77,23,71,-6,75
frame=7,6,207,0,8,74,-8,71
frame=7,7,470,0,23,72,12,68

[hit]
frames=2
duration=300ms
type=play_once
frame=0,0,466,426,31,63,27,68
frame=0,1,84,616,25,56,28,71
frame=0,2,84,729,8,52,14,75
frame=0,3,110,616,24,56,10,79
frame=0,4,220,426,31,64,2,79
frame=0,5,33,77,25,72,-5,76
frame=0,6,123,0,8,75,-8,72
frame=0,7,0,150,24,71,12,68
frame=1,0,0,491,31,63,27,68
frame=1,1,135,616,25,56,28,71
frame=1,2,93,729,8,52,14,75
frame=1,3,161,616,24,56,10,79
frame=1,4,252,426,31,64,2,79
frame=1,5,59,77,25,72,-5,76
frame=1,6,132,0,8,75,-8,72
frame=1,7,25,150,24,71,12,68

[block]
frames=2
duration=300ms
type=play_once
frame=0,0,231,292,20,66,17,67
frame=0,1,240,491,16,62,21,70
frame=0,2,291,491,8,61,14,75
frame=0,3,101,1176,9,20,8,78
frame=0,4,259,360,20,65,1,77
frame=0,5,50,150,16,71,-7,75
frame=0,6,325,0,8,73,-8,71
frame=0,7,320,150,15,70,5,67
frame=1,0,76,1153,75,22,47,57
frame=1,1,125,1197,54,17,41,58
frame=1,2,294,1072,8,27,14,68
frame=1,3,180,1197,54,17,26,66
frame=1,4,152,1153,75,22,26,68
frame=1,5,114,832,54,46,11,75
frame=1,6,186,616,8,56,-8,74
frame=1,7,169,832,54,46,26,67

[cast]
frames=6
duration=600ms
type=play_once
hit=300ms
frame=0,0,0,1101,74,26,47,54
frame=0,1,422,729,49,49,38,71
frame=0,2,195,616,13,56,15,79
frame=0,3,51,880,59,45,27,75
frame=0,4,111,1176,74,20,25,59
frame=0,5,257,1176,49,19,9,56
frame=0,6,303,1072,13,27,-4,55
frame=0,7,284,1215,59,14,30,47
frame=1,0,234,1128,74,23,46,50
frame=1,1,416,783,53,47,39,67
frame=1,2,319,555,8,58,12,77
frame=1,3,109,783,55,48,26,73
frame=1,4,186,1101,74,25,26,59
frame=1,5,344,1215,53,14,12,51
frame=1,6,500,1101,8,24,-6,51
frame=1,7,398,1215,55,14,27,44
frame=2,0,228,1153,74,22,47,49
frame=2,1,224,832,54,46,40,66
frame=2,2,209,616,8,56,12,76
frame=2,3,279,832,54,46,25,72
frame=2,4,303,1153,74,22,25,57
frame=2,5,235,1197,54,17,12,52
frame=2,6,317,1072,8,27,-6,52
frame=2,7,290,1197,54,17,27,45
frame=3,0,218,616,56,56,36,76
frame=3,1,97,966,54,37,47,73
frame=3,2,0,1128,24,24,32,76
frame=3,3,261,1101,29,25,22,83
frame=3,4,379,880,56,40,18,90
frame=3,5,62,555,54,60,5,93
frame=3,6,85,77,24,72,-10,90
frame=3,7,67,150,29,71,5,83
frame=4,0,102,729,60,52,35,74
frame=4,1,264,1040,58,30,48,69
frame=4,2,345,1197,25,17,33,72
frame=4,3,307,1176,32,18,26,79
frame=4,4,63,1005,60,34,23,88
frame=4,5,275,616,58,56,8,93
frame=4,6,336,150,25,70,-10,91
frame=4,7,187,222,32,68,4,83
frame=5,0,160,426,30,64,27,68
frame=5,1,394,555,23,57,27,71
frame=5,2,263,673,8,54,14,76
frame=5,3,418,555,23,57,9,79
frame=5,4,372,426,30,63,1,78
frame=5,5,367,77,23,71,-6,75
frame=5,6,207,0,8,74,-8,71
frame=5,7,470,0,23,72,12,68

[shoot]
frames=7
duration=700ms
type=play_once
hit=300ms
frame=0,0,220,222,9,68,12,68
frame=0,1,252,292,10,66,27,74
frame=0,2,230,222,9,68,27,84
frame=0,3,240,222,7,68,13,91
frame=0,4,18,292,9,67,-5,91
frame=0,5,263,292,10,66,-19,84
frame=0,6,28,292,9,67,-20,75
frame=0,7,248,222,7,68,-8,68
frame=1,0,52,222,11,69,9,69
frame=1,1,274,292,13,66,26,73
frame=1,2,280,360,11,65,29,81
frame=1,3,288,292,8,66,17,89
frame=1,4,297,292,11,66,0,91
frame=1,5,309,292,13,66,-15,87
frame=1,6,64,222,11,69,-20,79
frame=1,7,362,150,8,70,-11,72
frame=2,0,52,222,11,69,9,69
frame=2,1,274,292,13,66,26,73
frame=2,2,280,360,11,65,29,81
frame=2,3,288,292,8,66,17,89
frame=2,4,323,292,11,66,0,91
frame=2,5,309,292,13,66,-15,87
frame=2,6,64,222,11,69,-20,79
frame=2,7,362,150,8,70,-11,72
frame=3,0,371,150,27,70,16,76
frame=3,1,300,491,34,61,35,76
frame=3,2,316,673,24,54,34,80
frame=3,3,325,729,9,50,17,85
frame=3,4,101,673,27,55,9,90
frame=3,5,292,360,34,65,-3,91
frame=3,6,110,77,24,72,-12,87
frame=3,7,141,0,10,75,-9,81
frame=4,0,399,150,22,70,14,74
frame=4,1,32,491,27,63,32,75
frame=4,2,442,555,19,57,32,80
frame=4,3,334,616,8,56,16,87
frame=4,4,117,555,22,60,6,91
frame=4,5,335,292,27,66,-7,90
frame=4,6,135,77,19,72,-15,85
frame=4,7,244,0,9,74,-9,78
frame=5,0,326,1231,68,12,43,41
frame=5,1,0,966,68,38,52,60
frame=5,2,343,616,33,56,32,77
frame=5,3,377,616,31,56,19,81
frame=5,4,220,926,68,39,23,71
frame=5,5,112,1231,68,13,14,52
frame=5,6,391,1197,26,16,-8,46
frame=5,7,378,1153,31,21,10,46
frame=6,0,160,426,30,64,27,68
frame=6,1,394,555,23,57,27,71
frame=6,2,341,673,8,54,14,76
frame=6,3,418,555,23,57,9,79
frame=6,4,372,426,30,63,1,78
frame=6,5,367,77,23,71,-6,75
frame=6,6,254,0,8,74,-8,71
frame=6,7,470,0,23,72,12,68

[die]
frames=6
duration=900ms
type=play_once
frame=0,0,38,292,13,67,16,65
frame=0,1,76,222,12,69,20,71
frame=0,2,422,150,8,70,14,77
frame=0,3,186,1176,9,20,2,79
frame=0,4,363,292,13,66,-5,75
frame=0,5,327,360,12,65,-10,70
frame=0,6,284,426,8,64,-8,65
frame=0,7,340,360,12,65,5,63
frame=1,0,129,673,26,55,13,64
frame=1,1,163,729,9,52,10,65
frame=1,2,443,1040,14,28,19,70
frame=1,3,60,491,32,63,20,76
frame=1,4,97,150,26,71,11,80
frame=1,5,152,0,9,75,-3,80
frame=1,6,334,0,23,73,2,76
frame=1,7,293,426,32,64,10,69
frame=2,0,326,1072,53,27,10,53
frame=2,1,418,1197,17,16,1,43
frame=2,2,340,1176,37,18,24,46
frame=2,3,289,926,62,39,45,59
frame=2,4,149,555,53,59,41,75
frame=2,5,124,150,17,71,14,85
frame=2,6,377,292,37,66,11,82
frame=2,7,165,783,62,48,15,69
frame=3,0,0,1072,60,28,-9,44
frame=3,1,248,880,14,42,-18,38
frame=3,2,300,966,50,35,29,31
frame=3,3,74,1246,76,11,67,26
frame=3,4,323,1040,60,30,67,52
frame=3,5,233,880,14,43,30,71
frame=3,6,351,966,50,35,19,71
frame=3,7,151,1246,76,11,7,51
frame=4,0,415,292,36,66,-40,40
frame=4,1,256,222,22,68,-26,22
frame=4,2,0,729,59,53,34,8
frame=4,3,49,1040,64,31,75,7
frame=4,4,454,1215,36,14,74,19
frame=4,5,228,1246,22,11,46,36
frame=4,6,291,1101,59,25,23,50
frame=4,7,0,832,64,47,-13,51
frame=5,0,353,360,36,65,-40,39
frame=5,1,279,222,23,68,-25,22
frame=5,2,350,673,59,54,34,8
frame=5,3,419,1005,64,32,75,7
frame=5,4,0,1231,36,14,74,19
frame=5,5,251,1246,23,11,46,36
frame=5,6,75,1101,59,26,23,50
frame=5,7,228,783,64,48,-13,51
