image=custom_gear_greatsword.png

[stance]
frames=4
duration=800ms
type=back_forth
frame=0,0,73,171,17,38,17,66
frame=0,1,491,211,16,34,22,69
frame=0,2,494,284,9,30,16,73
frame=0,3,234,425,10,18,7,77
frame=0,4,91,171,17,38,-2,77
frame=0,5,0,45,16,42,-8,74
frame=0,6,0,0,12,44,-6,70
frame=0,7,287,0,16,43,7,67
frame=1,0,74,130,16,39,17,66
frame=1,1,0,249,15,34,22,69
frame=1,2,0,317,9,30,16,73
frame=1,3,245,425,10,18,7,77
frame=1,4,91,130,16,39,-3,77
frame=1,5,304,0,15,43,-9,74
frame=1,6,13,0,12,44,-6,69
frame=1,7,17,45,16,42,7,66
frame=2,0,109,171,18,38,17,67
frame=2,1,155,249,17,33,22,69
frame=2,2,132,317,9,29,16,73
frame=2,3,314,284,17,31,8,77
frame=2,4,128,171,18,38,-1,77
frame=2,5,320,0,17,43,-7,75
frame=2,6,26,0,12,44,-6,70
frame=2,7,34,45,17,42,7,67
frame=3,0,147,171,17,38,17,66
frame=3,1,16,249,16,34,22,69
frame=3,2,10,317,9,30,16,73
frame=3,3,234,425,10,18,7,77
frame=3,4,91,171,17,38,-2,77
frame=3,5,52,45,16,42,-8,74
frame=3,6,39,0,12,44,-6,70
frame=3,7,287,0,16,43,7,67

[run]
frames=10
duration=660ms
type=looped
frame=0,0,203,88,8,40,14,60
frame=0,1,449,45,8,41,20,66
frame=0,2,458,45,8,41,17,72
frame=0,3,76,348,7,27,3,75
frame=0,4,212,88,7,40,-9,73
frame=0,5,108,130,10,39,-12,66
frame=0,6,165,171,11,38,-8,59
frame=0,7,119,130,11,39,3,57
frame=1,0,220,88,6,40,13,60
frame=1,1,467,45,7,41,20,66
frame=1,2,131,130,9,39,17,71
frame=1,3,84,348,7,27,3,74
frame=1,4,227,88,5,40,-10,72
frame=1,5,233,88,9,40,-13,66
frame=1,6,141,130,12,39,-7,59
frame=1,7,243,88,11,40,4,57
frame=2,0,154,130,9,39,16,61
frame=2,1,164,130,11,39,22,67
frame=2,2,291,211,9,35,16,72
frame=2,3,394,402,7,20,3,75
frame=2,4,255,88,9,40,-9,73
frame=2,5,475,45,11,41,-13,67
frame=2,6,69,45,11,42,-7,62
frame=2,7,487,45,11,41,6,59
frame=3,0,176,130,15,39,19,64
frame=3,1,301,211,14,35,23,68
frame=3,2,332,284,9,31,15,72
frame=3,3,472,249,15,32,4,75
frame=3,4,192,130,15,39,-6,74
frame=3,5,338,0,14,43,-11,70
frame=3,6,52,0,12,44,-5,65
frame=3,7,81,45,15,42,9,62
frame=4,0,105,211,20,36,22,64
frame=4,1,488,249,17,32,24,68
frame=4,2,319,317,9,28,13,72
frame=4,3,0,284,18,32,5,75
frame=4,4,208,130,20,39,-4,75
frame=4,5,353,0,17,43,-9,71
frame=4,6,65,0,11,44,-4,66
frame=4,7,97,45,18,42,11,64
frame=5,0,126,211,21,36,22,64
frame=5,1,342,284,18,31,24,67
frame=5,2,92,348,9,27,13,71
frame=5,3,19,284,20,32,6,74
frame=5,4,177,171,21,38,-3,74
frame=5,5,77,0,18,44,-8,71
frame=5,6,96,0,12,44,-3,66
frame=5,7,0,88,20,41,12,63
frame=6,0,425,171,20,37,22,63
frame=6,1,40,284,17,32,24,66
frame=6,2,102,348,9,27,13,70
frame=6,3,58,284,18,32,5,73
frame=6,4,199,171,20,38,-4,73
frame=6,5,371,0,17,43,-9,69
frame=6,6,109,0,11,44,-4,65
frame=6,7,116,45,18,42,11,62
frame=7,0,229,130,15,39,19,63
frame=7,1,316,211,14,35,23,67
frame=7,2,361,284,9,31,15,71
frame=7,3,77,284,15,32,4,74
frame=7,4,245,130,15,39,-6,73
frame=7,5,389,0,14,43,-11,69
frame=7,6,121,0,12,44,-5,64
frame=7,7,135,45,15,42,9,61
frame=8,0,261,130,9,39,16,62
frame=8,1,271,130,11,39,22,68
frame=8,2,331,211,9,35,16,73
frame=8,3,402,402,7,20,3,76
frame=8,4,265,88,9,40,-9,74
frame=8,5,21,88,11,41,-13,68
frame=8,6,151,45,11,42,-7,63
frame=8,7,33,88,11,41,6,60
frame=9,0,275,88,6,40,13,61
frame=9,1,282,88,7,40,20,67
frame=9,2,290,88,9,40,17,73
frame=9,3,112,348,7,27,3,76
frame=9,4,300,88,5,40,-10,74
frame=9,5,283,130,9,39,-13,67
frame=9,6,293,130,12,39,-7,61
frame=9,7,306,88,11,40,4,59

[swing]
frames=8
duration=640ms
type=play_once
hit=160ms
frame=0,0,329,317,27,28,-13,41
frame=0,1,371,284,13,31,12,38
frame=0,2,158,377,38,23,53,43
frame=0,3,47,495,40,11,63,53
frame=0,4,0,446,27,17,38,70
frame=0,5,197,377,13,23,-1,76
frame=0,6,36,464,38,15,-17,63
frame=0,7,28,446,43,17,-22,50
frame=1,0,256,425,43,18,-19,46
frame=1,1,142,317,24,29,-6,40
frame=1,2,20,317,15,30,22,40
frame=1,3,97,402,39,21,57,47
frame=1,4,88,495,43,11,60,57
frame=1,5,253,446,23,16,28,73
frame=1,6,446,377,16,22,-8,74
frame=1,7,466,464,39,13,-20,58
frame=2,0,132,495,39,11,62,43
frame=2,1,277,446,20,16,40,58
frame=2,2,75,464,18,15,9,65
frame=2,3,226,481,38,12,-12,59
frame=2,4,382,348,39,24,-25,50
frame=2,5,173,249,20,33,-22,39
frame=2,6,194,249,18,33,7,32
frame=2,7,422,348,40,24,48,34
frame=3,0,394,495,27,10,-3,56
frame=3,1,72,446,39,17,-4,53
frame=3,2,357,317,21,28,-12,49
frame=3,3,167,317,18,29,0,44
frame=3,4,410,402,40,20,28,40
frame=3,5,422,495,42,10,41,40
frame=3,6,137,402,23,21,31,54
frame=3,7,451,402,18,20,16,61
frame=4,0,0,519,31,7,-7,46
frame=4,1,300,425,31,18,-5,43
frame=4,2,186,317,7,29,-8,45
frame=4,3,463,348,33,24,19,41
frame=4,4,172,495,44,11,36,39
frame=4,5,332,425,34,18,34,48
frame=4,6,211,377,7,23,13,57
frame=4,7,388,464,22,14,1,56
frame=5,0,33,249,29,34,18,75
frame=5,1,470,402,24,20,0,69
frame=5,2,94,464,19,15,-7,60
frame=5,3,367,425,13,18,-9,53
frame=5,4,219,377,29,23,9,52
frame=5,5,213,249,32,33,22,58
frame=5,6,45,88,21,41,24,66
frame=5,7,404,0,13,43,20,73
frame=6,0,134,0,13,44,22,75
frame=6,1,446,171,20,37,18,78
frame=6,2,463,377,11,22,-3,77
frame=6,3,246,249,10,33,-10,72
frame=6,4,93,284,13,32,-11,65
frame=6,5,148,211,20,36,0,62
frame=6,6,318,88,18,40,12,63
frame=6,7,148,0,10,44,18,69
frame=7,0,306,130,17,39,17,67
frame=7,1,63,249,16,34,22,69
frame=7,2,194,317,9,29,16,73
frame=7,3,381,425,10,18,7,77
frame=7,4,220,171,17,38,-2,77
frame=7,5,163,45,16,42,-8,74
frame=7,6,159,0,12,44,-6,70
frame=7,7,418,0,16,43,7,67

[swing2]
frames=8
duration=680ms
type=play_once
hit=170ms
frame=0,0,161,402,43,21,-4,73
frame=0,1,295,508,37,9,7,60
frame=0,2,265,481,15,12,17,62
frame=0,3,333,508,28,9,37,67
frame=0,4,411,464,43,14,45,79
frame=0,5,379,317,37,28,28,94
frame=0,6,169,211,15,36,-4,98
frame=0,7,107,284,28,32,-11,89
frame=1,0,385,284,23,31,-17,55
frame=1,1,324,130,25,39,-4,50
frame=1,2,172,0,18,44,14,50
frame=1,3,191,0,14,44,28,56
frame=1,4,350,130,23,39,38,64
frame=1,5,257,249,24,33,27,70
frame=1,6,392,425,13,18,-3,69
frame=1,7,227,348,14,26,-16,63
frame=2,0,185,211,27,36,50,29
frame=2,1,120,348,24,27,51,40
frame=2,2,205,402,12,21,23,48
frame=2,3,455,464,10,14,-14,41
frame=2,4,36,317,27,30,-25,43
frame=2,5,374,130,27,39,-26,32
frame=2,6,206,0,16,44,-9,23
frame=2,7,435,0,19,43,22,22
frame=3,0,455,0,6,43,22,24
frame=3,1,180,45,12,42,30,33
frame=3,2,467,171,16,37,23,38
frame=3,3,495,402,8,20,2,25
frame=3,4,213,211,6,36,-18,37
frame=3,5,484,171,12,37,-20,28
frame=3,6,402,130,16,39,-9,20
frame=3,7,67,88,13,41,8,18
frame=4,0,462,0,5,43,22,24
frame=4,1,81,88,10,41,31,33
frame=4,2,0,211,16,37,23,39
frame=4,3,69,425,8,19,2,25
frame=4,4,220,211,5,36,-19,38
frame=4,5,238,171,12,38,-21,29
frame=4,6,337,88,16,40,-9,21
frame=4,7,193,45,13,42,9,19
frame=5,0,417,317,35,28,51,26
frame=5,1,298,446,27,16,49,34
frame=5,2,465,495,13,10,19,42
frame=5,3,70,519,5,6,-22,36
frame=5,4,249,377,35,23,-18,38
frame=5,5,226,211,31,36,-20,31
frame=5,6,354,88,13,40,-8,23
frame=5,7,17,211,26,37,25,21
frame=6,0,341,211,27,35,39,60
frame=6,1,207,45,20,42,36,74
frame=6,2,92,88,10,41,16,83
frame=6,3,282,249,16,33,-7,82
frame=6,4,80,249,27,34,-14,70
frame=6,5,145,348,22,27,-16,56
frame=6,6,475,377,11,22,-7,46
frame=6,7,168,348,23,27,21,48
frame=7,0,306,130,17,39,17,67
frame=7,1,63,249,16,34,22,69
frame=7,2,194,317,9,29,16,73
frame=7,3,381,425,10,18,7,77
frame=7,4,220,171,17,38,-2,77
frame=7,5,163,45,16,42,-8,74
frame=7,6,159,0,12,44,-6,70
frame=7,7,418,0,16,43,7,67

[swing3]
frames=8
duration=600ms
type=play_once
hit=150ms
frame=0,0,0,481,39,13,31,35
frame=0,1,281,481,41,12,47,42
frame=0,2,285,377,27,23,37,59
frame=0,3,0,377,18,24,18,67
frame=0,4,326,446,30,16,-3,62
frame=0,5,0,508,43,10,-6,51
frame=0,6,218,402,28,21,-11,45
frame=0,7,487,377,18,22,-2,38
frame=1,0,78,425,37,19,26,34
frame=1,1,76,519,41,6,44,34
frame=1,2,112,446,30,17,38,50
frame=1,3,313,377,14,23,19,60
frame=1,4,323,481,26,12,-2,57
frame=1,5,40,481,43,13,-3,50
frame=1,6,19,377,30,24,-10,45
frame=1,7,242,348,14,26,-7,38
frame=2,0,50,377,37,24,63,64
frame=2,1,64,317,16,30,29,82
frame=2,2,453,317,23,28,-4,83
frame=2,3,143,446,41,17,-22,66
frame=2,4,44,508,37,10,-28,45
frame=2,5,185,446,16,17,-15,34
frame=2,6,114,464,28,15,25,31
frame=2,7,82,508,41,10,61,39
frame=3,0,88,377,36,24,62,64
frame=3,1,204,317,13,29,25,81
frame=3,2,257,348,26,26,-6,80
frame=3,3,143,464,41,15,-25,62
frame=3,4,350,481,36,12,-28,43
frame=3,5,202,446,13,17,-14,31
frame=3,6,357,446,31,16,30,30
frame=3,7,217,495,41,11,64,39
frame=4,0,88,377,36,24,62,64
frame=4,1,204,317,13,29,25,81
frame=4,2,257,348,26,26,-6,80
frame=4,3,143,464,41,15,-25,62
frame=4,4,350,481,36,12,-28,43
frame=4,5,202,446,13,17,-14,31
frame=4,6,357,446,31,16,30,30
frame=4,7,217,495,41,11,64,39
frame=5,0,299,249,34,33,58,69
frame=5,1,419,130,17,39,31,87
frame=5,2,369,211,23,35,4,90
frame=5,3,409,284,36,31,-18,77
frame=5,4,116,425,34,19,-26,55
frame=5,5,362,508,17,9,-16,36
frame=5,6,387,481,23,12,17,34
frame=5,7,247,402,35,21,52,47
frame=6,0,368,88,10,40,27,70
frame=6,1,103,88,11,41,25,80
frame=6,2,44,211,7,37,10,86
frame=6,3,379,88,9,40,-8,85
frame=6,4,437,130,10,39,-19,77
frame=6,5,251,171,11,38,-16,67
frame=6,6,258,211,11,36,-3,60
frame=6,7,263,171,11,38,15,62
frame=7,0,306,130,17,39,17,67
frame=7,1,63,249,16,34,22,69
frame=7,2,194,317,9,29,16,73
frame=7,3,381,425,10,18,7,77
frame=7,4,220,171,17,38,-2,77
frame=7,5,163,45,16,42,-8,74
frame=7,6,159,0,12,44,-6,70
frame=7,7,418,0,16,43,7,67

[hit]
frames=2
duration=300ms
type=play_once
frame=0,0,275,171,19,38,17,67
frame=0,1,334,249,17,33,22,69
frame=0,2,132,317,9,29,16,73
frame=0,3,446,284,17,31,8,76
frame=0,4,52,211,19,37,0,77
frame=0,5,228,45,17,42,-7,75
frame=0,6,223,0,12,44,-6,71
frame=0,7,246,45,17,42,7,67
frame=1,0,295,171,18,38,17,67
frame=1,1,334,249,17,33,22,69
frame=1,2,132,317,9,29,16,73
frame=1,3,464,284,17,31,8,76
frame=1,4,72,211,18,37,-1,77
frame=1,5,228,45,17,42,-7,75
frame=1,6,236,0,12,44,-6,71
frame=1,7,264,45,17,42,7,67

[block]
frames=2
duration=300ms
type=play_once
frame=0,0,389,88,12,40,12,66
frame=0,1,91,211,13,37,19,69
frame=0,2,352,249,9,33,16,72
frame=0,3,406,425,8,18,7,76
frame=0,4,402,88,12,40,-2,77
frame=0,5,282,45,13,42,-8,74
frame=0,6,296,45,12,42,-6,69
frame=0,7,309,45,13,42,4,66
frame=1,0,185,464,43,15,17,55
frame=1,1,411,481,34,12,21,55
frame=1,2,229,464,12,15,16,59
frame=1,3,259,495,34,11,26,62
frame=1,4,242,464,43,15,24,66
frame=1,5,192,348,34,27,11,72
frame=1,6,362,249,12,33,-6,72
frame=1,7,477,317,34,28,6,65

[cast]
frames=6
duration=600ms
type=play_once
hit=300ms
frame=0,0,415,425,43,18,18,47
frame=0,1,218,317,31,29,20,53
frame=0,2,375,249,12,33,14,58
frame=0,3,0,402,26,22,26,54
frame=0,4,84,481,43,13,23,55
frame=0,5,294,495,31,11,9,53
frame=0,6,389,446,12,16,-4,52
frame=0,7,326,495,35,11,7,45
frame=1,0,459,425,43,18,17,45
frame=1,1,250,317,34,29,20,50
frame=1,2,108,249,12,34,14,55
frame=1,3,284,348,26,26,24,54
frame=1,4,286,464,43,15,24,52
frame=1,5,422,508,34,8,12,48
frame=1,6,402,446,12,16,-4,49
frame=1,7,446,481,32,12,6,43
frame=2,0,415,446,44,16,18,44
frame=2,1,285,317,33,29,20,50
frame=2,2,388,249,12,33,14,55
frame=2,3,311,348,27,26,24,54
frame=2,4,128,481,44,13,24,51
frame=2,5,124,508,33,10,11,49
frame=2,6,460,446,12,16,-4,49
frame=2,7,173,481,33,13,7,43
frame=3,0,121,249,33,34,15,75
frame=3,1,125,377,32,24,27,72
frame=3,2,473,446,17,16,26,74
frame=3,3,330,464,21,15,22,80
frame=3,4,328,377,33,23,16,87
frame=3,5,393,211,32,35,3,91
frame=3,6,323,45,17,42,-11,88
frame=3,7,341,45,21,42,-3,82
frame=4,0,136,284,36,32,13,73
frame=4,1,283,402,34,21,26,68
frame=4,2,207,481,18,13,27,70
frame=4,3,479,481,22,12,25,77
frame=4,4,0,425,36,20,21,85
frame=4,5,173,284,34,32,6,90
frame=4,6,115,88,18,41,-11,89
frame=4,7,415,88,22,40,-5,81
frame=5,0,306,130,17,39,17,67
frame=5,1,63,249,16,34,22,69
frame=5,2,194,317,9,29,16,73
frame=5,3,381,425,10,18,7,77
frame=5,4,220,171,17,38,-2,77
frame=5,5,163,45,16,42,-8,74
frame=5,6,159,0,12,44,-6,70
frame=5,7,418,0,16,43,7,67

[shoot]
frames=7
duration=700ms
type=play_once
hit=300ms
frame=0,0,438,88,10,40,13,42
frame=0,1,449,88,5,40,24,48
frame=0,2,455,88,10,40,27,58
frame=0,3,466,88,11,40,15,65
frame=0,4,478,88,10,40,-5,65
frame=0,5,489,88,5,40,-21,59
frame=0,6,495,88,10,40,-19,49
frame=0,7,448,130,11,39,-6,42
frame=1,0,134,88,11,41,8,43
frame=1,1,0,130,8,40,23,47
frame=1,2,460,130,9,39,27,56
frame=1,3,314,171,12,38,19,64
frame=1,4,470,130,11,39,1,66
frame=1,5,9,130,8,40,-17,61
frame=1,6,146,88,9,41,-20,53
frame=1,7,156,88,12,41,-9,45
frame=2,0,134,88,11,41,8,43
frame=2,1,0,130,8,40,23,47
frame=2,2,460,130,9,39,27,56
frame=2,3,314,171,12,38,19,64
frame=2,4,482,130,11,39,1,66
frame=2,5,9,130,8,40,-17,61
frame=2,6,146,88,9,41,-20,53
frame=2,7,156,88,12,41,-9,45
frame=3,0,363,45,19,42,15,49
frame=3,1,270,211,20,36,32,52
frame=3,2,208,284,16,32,32,60
frame=3,3,81,317,12,30,19,67
frame=3,4,401,249,19,33,2,70
frame=3,5,327,171,20,38,-14,66
frame=3,6,468,0,16,43,-18,58
frame=3,7,249,0,12,44,-9,51
frame=4,0,383,45,16,42,13,47
frame=4,1,348,171,16,38,29,51
frame=4,2,426,211,14,35,30,59
frame=4,3,421,249,11,33,18,66
frame=4,4,441,211,16,35,1,68
frame=4,5,494,130,16,39,-15,64
frame=4,6,400,45,14,42,-18,56
frame=4,7,485,0,11,43,-9,49
frame=5,0,380,508,41,9,17,40
frame=5,1,362,377,41,23,26,47
frame=5,2,433,249,22,33,22,56
frame=5,3,225,284,16,32,19,59
frame=5,4,404,377,41,23,22,58
frame=5,5,158,508,41,10,13,51
frame=5,6,362,495,16,11,-8,46
frame=5,7,0,495,22,12,1,43
frame=6,0,306,130,17,39,17,67
frame=6,1,63,249,16,34,22,69
frame=6,2,194,317,9,29,16,73
frame=6,3,381,425,10,18,7,77
frame=6,4,220,171,17,38,-2,77
frame=6,5,163,45,16,42,-8,74
frame=6,6,262,0,12,44,-6,70
frame=6,7,418,0,16,43,7,67

[die]
frames=6
duration=900ms
type=play_once
frame=0,0,18,130,8,40,13,64
frame=0,1,169,88,8,41,18,70
frame=0,2,178,88,9,41,16,75
frame=0,3,503,425,7,18,2,77
frame=0,4,27,130,8,40,-7,75
frame=0,5,0,171,10,39,-10,69
frame=0,6,365,171,12,38,-6,63
frame=0,7,11,171,10,39,3,61
frame=1,0,456,249,15,33,5,63
frame=1,1,482,284,11,31,12,63
frame=1,2,339,348,14,25,18,67
frame=1,3,151,425,12,19,18,74
frame=1,4,415,45,15,42,8,79
frame=1,5,275,0,11,44,-3,79
frame=1,6,431,45,17,42,-3,74
frame=1,7,378,171,21,38,1,68
frame=2,0,164,425,32,19,-9,52
frame=2,1,379,495,14,11,-1,41
frame=2,2,23,495,23,12,24,43
frame=2,3,27,402,37,22,44,56
frame=2,4,458,211,32,35,39,73
frame=2,5,188,88,14,41,13,83
frame=2,6,22,171,25,39,-1,81
frame=2,7,94,317,37,30,-9,68
frame=3,0,197,425,36,19,-32,36
frame=3,1,354,348,13,25,-18,24
frame=3,2,37,425,31,20,29,19
frame=3,3,457,508,44,8,66,26
frame=3,4,216,446,36,17,66,49
frame=3,5,368,348,13,25,29,68
frame=3,6,65,402,31,22,0,69
frame=3,7,200,508,44,10,-24,50
frame=4,0,400,171,24,38,-51,15
frame=4,1,36,130,18,40,-26,-4
frame=4,2,242,284,35,32,33,-12
frame=4,3,318,402,37,21,73,-2
frame=4,4,245,508,24,10,73,17
frame=4,5,32,519,18,7,42,35
frame=4,6,0,464,35,16,0,43
frame=4,7,0,348,37,28,-38,34
frame=5,0,48,171,24,39,-51,15
frame=5,1,55,130,18,40,-26,-4
frame=5,2,278,284,35,32,33,-12
frame=5,3,356,402,37,21,73,-2
frame=5,4,270,508,24,10,73,17
frame=5,5,51,519,18,7,42,35
frame=5,6,352,464,35,15,0,42
frame=5,7,38,348,37,28,-38,34
