image=custom_gear_greatsword_smear.png

[stance]
frames=1
duration=100ms
type=play_once
frame=0,0,32,295,1,1,80,112
frame=0,1,32,295,1,1,80,112
frame=0,2,32,295,1,1,80,112
frame=0,3,32,295,1,1,80,112
frame=0,4,32,295,1,1,80,112
frame=0,5,32,295,1,1,80,112
frame=0,6,32,295,1,1,80,112
frame=0,7,32,295,1,1,80,112

[swing]
frames=8
duration=640ms
type=play_once
frame=0,0,32,295,1,1,80,112
frame=0,1,32,295,1,1,80,112
frame=0,2,32,295,1,1,80,112
frame=0,3,32,295,1,1,80,112
frame=0,4,32,295,1,1,80,112
frame=0,5,32,295,1,1,80,112
frame=0,6,32,295,1,1,80,112
frame=0,7,32,295,1,1,80,112
frame=1,0,32,295,1,1,80,112
frame=1,1,32,295,1,1,80,112
frame=1,2,32,295,1,1,80,112
frame=1,3,32,295,1,1,80,112
frame=1,4,32,295,1,1,80,112
frame=1,5,32,295,1,1,80,112
frame=1,6,32,295,1,1,80,112
frame=1,7,32,295,1,1,80,112
frame=2,0,304,234,123,23,62,34
frame=2,1,188,185,93,43,64,55
frame=2,2,271,110,63,54,64,66
frame=2,3,81,185,106,45,63,73
frame=2,4,282,185,122,42,58,76
frame=2,5,178,110,92,65,26,77
frame=2,6,114,110,63,71,-3,73
frame=2,7,335,110,106,51,41,57
frame=3,0,197,234,85,25,58,59
frame=3,1,0,272,81,22,38,61
frame=3,2,454,185,43,39,-6,63
frame=3,3,0,234,52,37,-5,53
frame=3,4,82,272,87,21,24,31
frame=3,5,109,234,82,34,41,38
frame=3,6,442,110,44,51,47,53
frame=3,7,0,185,52,48,55,60
frame=4,0,32,295,1,1,80,112
frame=4,1,32,295,1,1,80,112
frame=4,2,32,295,1,1,80,112
frame=4,3,32,295,1,1,80,112
frame=4,4,32,295,1,1,80,112
frame=4,5,32,295,1,1,80,112
frame=4,6,32,295,1,1,80,112
frame=4,7,32,295,1,1,80,112
frame=5,0,32,295,1,1,80,112
frame=5,1,32,295,1,1,80,112
frame=5,2,32,295,1,1,80,112
frame=5,3,32,295,1,1,80,112
frame=5,4,32,295,1,1,80,112
frame=5,5,32,295,1,1,80,112
frame=5,6,32,295,1,1,80,112
frame=5,7,32,295,1,1,80,112
frame=6,0,32,295,1,1,80,112
frame=6,1,32,295,1,1,80,112
frame=6,2,32,295,1,1,80,112
frame=6,3,32,295,1,1,80,112
frame=6,4,32,295,1,1,80,112
frame=6,5,32,295,1,1,80,112
frame=6,6,32,295,1,1,80,112
frame=6,7,32,295,1,1,80,112
frame=7,0,32,295,1,1,80,112
frame=7,1,32,295,1,1,80,112
frame=7,2,32,295,1,1,80,112
frame=7,3,32,295,1,1,80,112
frame=7,4,32,295,1,1,80,112
frame=7,5,32,295,1,1,80,112
frame=7,6,32,295,1,1,80,112
frame=7,7,32,295,1,1,80,112

[swing2]
frames=8
duration=680ms
type=play_once
frame=0,0,32,295,1,1,80,112
frame=0,1,32,295,1,1,80,112
frame=0,2,32,295,1,1,80,112
frame=0,3,32,295,1,1,80,112
frame=0,4,32,295,1,1,80,112
frame=0,5,32,295,1,1,80,112
frame=0,6,32,295,1,1,80,112
frame=0,7,32,295,1,1,80,112
frame=1,0,32,295,1,1,80,112
frame=1,1,32,295,1,1,80,112
frame=1,2,32,295,1,1,80,112
frame=1,3,32,295,1,1,80,112
frame=1,4,32,295,1,1,80,112
frame=1,5,32,295,1,1,80,112
frame=1,6,32,295,1,1,80,112
frame=1,7,32,295,1,1,80,112
frame=2,0,283,0,113,78,64,84
frame=2,1,397,0,96,78,62,90
frame=2,2,93,0,25,95,24,102
frame=2,3,216,0,66,92,35,105
frame=2,4,0,110,113,74,47,101
frame=2,5,119,0,96,95,32,99
frame=2,6,0,0,25,109,-1,97
frame=2,7,26,0,66,102,29,90
frame=3,0,256,272,28,17,48,-1
frame=3,1,283,234,20,25,48,17
frame=3,2,192,234,4,26,22,31
frame=3,3,170,272,16,21,-3,31
frame=3,4,0,295,27,14,-22,18
frame=3,5,390,272,21,15,-30,7
frame=3,6,28,295,3,4,-21,-17
frame=3,7,412,272,19,15,18,-8
frame=4,0,32,295,1,1,80,112
frame=4,1,32,295,1,1,80,112
frame=4,2,32,295,1,1,80,112
frame=4,3,32,295,1,1,80,112
frame=4,4,32,295,1,1,80,112
frame=4,5,32,295,1,1,80,112
frame=4,6,32,295,1,1,80,112
frame=4,7,32,295,1,1,80,112
frame=5,0,32,295,1,1,80,112
frame=5,1,32,295,1,1,80,112
frame=5,2,32,295,1,1,80,112
frame=5,3,32,295,1,1,80,112
frame=5,4,32,295,1,1,80,112
frame=5,5,32,295,1,1,80,112
frame=5,6,32,295,1,1,80,112
frame=5,7,32,295,1,1,80,112
frame=6,0,32,295,1,1,80,112
frame=6,1,32,295,1,1,80,112
frame=6,2,32,295,1,1,80,112
frame=6,3,32,295,1,1,80,112
frame=6,4,32,295,1,1,80,112
frame=6,5,32,295,1,1,80,112
frame=6,6,32,295,1,1,80,112
frame=6,7,32,295,1,1,80,112
frame=7,0,32,295,1,1,80,112
frame=7,1,32,295,1,1,80,112
frame=7,2,32,295,1,1,80,112
frame=7,3,32,295,1,1,80,112
frame=7,4,32,295,1,1,80,112
frame=7,5,32,295,1,1,80,112
frame=7,6,32,295,1,1,80,112
frame=7,7,32,295,1,1,80,112

[swing3]
frames=8
duration=600ms
type=play_once
frame=0,0,32,295,1,1,80,112
frame=0,1,32,295,1,1,80,112
frame=0,2,32,295,1,1,80,112
frame=0,3,32,295,1,1,80,112
frame=0,4,32,295,1,1,80,112
frame=0,5,32,295,1,1,80,112
frame=0,6,32,295,1,1,80,112
frame=0,7,32,295,1,1,80,112
frame=1,0,32,295,1,1,80,112
frame=1,1,32,295,1,1,80,112
frame=1,2,32,295,1,1,80,112
frame=1,3,32,295,1,1,80,112
frame=1,4,32,295,1,1,80,112
frame=1,5,32,295,1,1,80,112
frame=1,6,32,295,1,1,80,112
frame=1,7,32,295,1,1,80,112
frame=2,0,405,185,48,41,64,57
frame=2,1,53,185,27,47,53,77
frame=2,2,53,234,55,35,37,80
frame=2,3,432,272,68,15,10,68
frame=2,4,285,272,48,17,-18,56
frame=2,5,428,234,27,23,-28,42
frame=2,6,334,272,55,17,16,28
frame=2,7,187,272,68,21,56,32
frame=3,0,32,295,1,1,80,112
frame=3,1,32,295,1,1,80,112
frame=3,2,32,295,1,1,80,112
frame=3,3,32,295,1,1,80,112
frame=3,4,32,295,1,1,80,112
frame=3,5,32,295,1,1,80,112
frame=3,6,32,295,1,1,80,112
frame=3,7,32,295,1,1,80,112
frame=4,0,32,295,1,1,80,112
frame=4,1,32,295,1,1,80,112
frame=4,2,32,295,1,1,80,112
frame=4,3,32,295,1,1,80,112
frame=4,4,32,295,1,1,80,112
frame=4,5,32,295,1,1,80,112
frame=4,6,32,295,1,1,80,112
frame=4,7,32,295,1,1,80,112
frame=5,0,32,295,1,1,80,112
frame=5,1,32,295,1,1,80,112
frame=5,2,32,295,1,1,80,112
frame=5,3,32,295,1,1,80,112
frame=5,4,32,295,1,1,80,112
frame=5,5,32,295,1,1,80,112
frame=5,6,32,295,1,1,80,112
frame=5,7,32,295,1,1,80,112
frame=6,0,32,295,1,1,80,112
frame=6,1,32,295,1,1,80,112
frame=6,2,32,295,1,1,80,112
frame=6,3,32,295,1,1,80,112
frame=6,4,32,295,1,1,80,112
frame=6,5,32,295,1,1,80,112
frame=6,6,32,295,1,1,80,112
frame=6,7,32,295,1,1,80,112
frame=7,0,32,295,1,1,80,112
frame=7,1,32,295,1,1,80,112
frame=7,2,32,295,1,1,80,112
frame=7,3,32,295,1,1,80,112
frame=7,4,32,295,1,1,80,112
frame=7,5,32,295,1,1,80,112
frame=7,6,32,295,1,1,80,112
frame=7,7,32,295,1,1,80,112
