image=custom_gear_hand_axe_smear.png

[stance]
frames=1
duration=100ms
type=play_once
frame=0,0,312,156,1,1,80,112
frame=0,1,312,156,1,1,80,112
frame=0,2,312,156,1,1,80,112
frame=0,3,312,156,1,1,80,112
frame=0,4,312,156,1,1,80,112
frame=0,5,312,156,1,1,80,112
frame=0,6,312,156,1,1,80,112
frame=0,7,312,156,1,1,80,112

[swing]
frames=8
duration=640ms
type=play_once
frame=0,0,312,156,1,1,80,112
frame=0,1,312,156,1,1,80,112
frame=0,2,312,156,1,1,80,112
frame=0,3,312,156,1,1,80,112
frame=0,4,312,156,1,1,80,112
frame=0,5,312,156,1,1,80,112
frame=0,6,312,156,1,1,80,112
frame=0,7,312,156,1,1,80,112
frame=1,0,312,156,1,1,80,112
frame=1,1,312,156,1,1,80,112
frame=1,2,312,156,1,1,80,112
frame=1,3,312,156,1,1,80,112
frame=1,4,312,156,1,1,80,112
frame=1,5,312,156,1,1,80,112
frame=1,6,312,156,1,1,80,112
frame=1,7,312,156,1,1,80,112
frame=2,0,209,126,89,18,45,38
frame=2,1,341,79,68,31,47,52
frame=2,2,68,79,41,39,46,61
frame=2,3,204,79,74,32,45,66
frame=2,4,0,126,89,29,42,69
frame=2,5,0,79,67,46,18,69
frame=2,6,287,0,41,52,-7,66
frame=2,7,110,79,74,38,27,54
frame=3,0,299,126,54,18,44,54
frame=3,1,43,156,58,13,32,57
frame=3,2,166,126,23,25,-9,58
frame=3,3,134,126,31,27,-10,53
frame=3,4,412,126,57,16,10,37
frame=3,5,354,126,57,18,24,34
frame=3,6,279,79,33,32,30,46
frame=3,7,313,79,27,32,39,52
frame=4,0,312,156,1,1,80,112
frame=4,1,312,156,1,1,80,112
frame=4,2,312,156,1,1,80,112
frame=4,3,312,156,1,1,80,112
frame=4,4,312,156,1,1,80,112
frame=4,5,312,156,1,1,80,112
frame=4,6,312,156,1,1,80,112
frame=4,7,312,156,1,1,80,112
frame=5,0,312,156,1,1,80,112
frame=5,1,312,156,1,1,80,112
frame=5,2,312,156,1,1,80,112
frame=5,3,312,156,1,1,80,112
frame=5,4,312,156,1,1,80,112
frame=5,5,312,156,1,1,80,112
frame=5,6,312,156,1,1,80,112
frame=5,7,312,156,1,1,80,112
frame=6,0,312,156,1,1,80,112
frame=6,1,312,156,1,1,80,112
frame=6,2,312,156,1,1,80,112
frame=6,3,312,156,1,1,80,112
frame=6,4,312,156,1,1,80,112
frame=6,5,312,156,1,1,80,112
frame=6,6,312,156,1,1,80,112
frame=6,7,312,156,1,1,80,112
frame=7,0,312,156,1,1,80,112
frame=7,1,312,156,1,1,80,112
frame=7,2,312,156,1,1,80,112
frame=7,3,312,156,1,1,80,112
frame=7,4,312,156,1,1,80,112
frame=7,5,312,156,1,1,80,112
frame=7,6,312,156,1,1,80,112
frame=7,7,312,156,1,1,80,112

[swing2]
frames=8
duration=680ms
type=play_once
frame=0,0,312,156,1,1,80,112
frame=0,1,312,156,1,1,80,112
frame=0,2,312,156,1,1,80,112
frame=0,3,312,156,1,1,80,112
frame=0,4,312,156,1,1,80,112
frame=0,5,312,156,1,1,80,112
frame=0,6,312,156,1,1,80,112
frame=0,7,312,156,1,1,80,112
frame=1,0,312,156,1,1,80,112
frame=1,1,312,156,1,1,80,112
frame=1,2,312,156,1,1,80,112
frame=1,3,312,156,1,1,80,112
frame=1,4,312,156,1,1,80,112
frame=1,5,312,156,1,1,80,112
frame=1,6,312,156,1,1,80,112
frame=1,7,312,156,1,1,80,112
frame=2,0,205,0,81,54,47,70
frame=2,1,411,0,68,49,47,76
frame=2,2,137,0,17,60,20,85
frame=2,3,155,0,49,57,27,88
frame=2,4,329,0,81,51,32,85
frame=2,5,68,0,68,67,19,83
frame=2,6,0,0,17,78,-5,81
frame=2,7,18,0,49,72,20,75
frame=3,0,208,156,18,11,38,10
frame=3,1,470,126,14,16,40,25
frame=3,2,39,156,3,14,18,37
frame=3,3,312,156,1,1,80,112
frame=3,4,271,156,14,9,-25,27
frame=3,5,286,156,13,8,-28,15
frame=3,6,312,156,1,1,80,112
frame=3,7,300,156,11,8,14,2
frame=4,0,312,156,1,1,80,112
frame=4,1,312,156,1,1,80,112
frame=4,2,312,156,1,1,80,112
frame=4,3,312,156,1,1,80,112
frame=4,4,312,156,1,1,80,112
frame=4,5,312,156,1,1,80,112
frame=4,6,312,156,1,1,80,112
frame=4,7,312,156,1,1,80,112
frame=5,0,312,156,1,1,80,112
frame=5,1,312,156,1,1,80,112
frame=5,2,312,156,1,1,80,112
frame=5,3,312,156,1,1,80,112
frame=5,4,312,156,1,1,80,112
frame=5,5,312,156,1,1,80,112
frame=5,6,312,156,1,1,80,112
frame=5,7,312,156,1,1,80,112
frame=6,0,312,156,1,1,80,112
frame=6,1,312,156,1,1,80,112
frame=6,2,312,156,1,1,80,112
frame=6,3,312,156,1,1,80,112
frame=6,4,312,156,1,1,80,112
frame=6,5,312,156,1,1,80,112
frame=6,6,312,156,1,1,80,112
frame=6,7,312,156,1,1,80,112
frame=7,0,312,156,1,1,80,112
frame=7,1,312,156,1,1,80,112
frame=7,2,312,156,1,1,80,112
frame=7,3,312,156,1,1,80,112
frame=7,4,312,156,1,1,80,112
frame=7,5,312,156,1,1,80,112
frame=7,6,312,156,1,1,80,112
frame=7,7,312,156,1,1,80,112

[swing3]
frames=8
duration=600ms
type=play_once
frame=0,0,312,156,1,1,80,112
frame=0,1,312,156,1,1,80,112
frame=0,2,312,156,1,1,80,112
frame=0,3,312,156,1,1,80,112
frame=0,4,312,156,1,1,80,112
frame=0,5,312,156,1,1,80,112
frame=0,6,312,156,1,1,80,112
frame=0,7,312,156,1,1,80,112
frame=1,0,312,156,1,1,80,112
frame=1,1,312,156,1,1,80,112
frame=1,2,312,156,1,1,80,112
frame=1,3,312,156,1,1,80,112
frame=1,4,312,156,1,1,80,112
frame=1,5,312,156,1,1,80,112
frame=1,6,312,156,1,1,80,112
frame=1,7,312,156,1,1,80,112
frame=2,0,90,126,43,28,48,50
frame=2,1,185,79,18,36,38,66
frame=2,2,410,79,38,30,27,70
frame=2,3,102,156,50,13,12,60
frame=2,4,227,156,43,11,-7,51
frame=2,5,190,126,18,20,-22,44
frame=2,6,0,156,38,16,9,34
frame=2,7,153,156,54,13,40,32
frame=3,0,312,156,1,1,80,112
frame=3,1,312,156,1,1,80,112
frame=3,2,312,156,1,1,80,112
frame=3,3,312,156,1,1,80,112
frame=3,4,312,156,1,1,80,112
frame=3,5,312,156,1,1,80,112
frame=3,6,312,156,1,1,80,112
frame=3,7,312,156,1,1,80,112
frame=4,0,312,156,1,1,80,112
frame=4,1,312,156,1,1,80,112
frame=4,2,312,156,1,1,80,112
frame=4,3,312,156,1,1,80,112
frame=4,4,312,156,1,1,80,112
frame=4,5,312,156,1,1,80,112
frame=4,6,312,156,1,1,80,112
frame=4,7,312,156,1,1,80,112
frame=5,0,312,156,1,1,80,112
frame=5,1,312,156,1,1,80,112
frame=5,2,312,156,1,1,80,112
frame=5,3,312,156,1,1,80,112
frame=5,4,312,156,1,1,80,112
frame=5,5,312,156,1,1,80,112
frame=5,6,312,156,1,1,80,112
frame=5,7,312,156,1,1,80,112
frame=6,0,312,156,1,1,80,112
frame=6,1,312,156,1,1,80,112
frame=6,2,312,156,1,1,80,112
frame=6,3,312,156,1,1,80,112
frame=6,4,312,156,1,1,80,112
frame=6,5,312,156,1,1,80,112
frame=6,6,312,156,1,1,80,112
frame=6,7,312,156,1,1,80,112
frame=7,0,312,156,1,1,80,112
frame=7,1,312,156,1,1,80,112
frame=7,2,312,156,1,1,80,112
frame=7,3,312,156,1,1,80,112
frame=7,4,312,156,1,1,80,112
frame=7,5,312,156,1,1,80,112
frame=7,6,312,156,1,1,80,112
frame=7,7,312,156,1,1,80,112
