image=custom_gear_infantry_axe.png

[stance]
frames=4
duration=800ms
type=back_forth
frame=0,0,404,164,22,35,17,64
frame=0,1,244,237,17,31,20,67
frame=0,2,438,333,5,23,12,72
frame=0,3,154,426,13,16,10,75
frame=0,4,408,125,22,36,3,75
frame=0,5,335,0,17,40,-5,72
frame=0,6,33,0,5,42,-9,68
frame=0,7,299,44,17,39,5,64
frame=1,0,431,125,21,36,17,64
frame=1,1,102,237,16,32,20,67
frame=1,2,444,333,5,23,12,72
frame=1,3,168,426,12,16,9,75
frame=1,4,453,125,21,36,2,75
frame=1,5,317,44,16,39,-6,71
frame=1,6,0,0,5,43,-9,68
frame=1,7,353,0,16,40,5,64
frame=2,0,475,125,23,36,17,65
frame=2,1,262,237,17,31,20,67
frame=2,2,450,333,5,23,12,72
frame=2,3,181,426,14,16,11,75
frame=2,4,427,164,23,35,4,75
frame=2,5,370,0,17,40,-5,73
frame=2,6,39,0,5,42,-9,69
frame=2,7,388,0,18,40,5,65
frame=3,0,404,164,22,35,17,64
frame=3,1,280,237,17,31,20,67
frame=3,2,456,333,5,23,12,72
frame=3,3,154,426,13,16,10,75
frame=3,4,408,125,22,36,3,75
frame=3,5,335,0,17,40,-5,72
frame=3,6,45,0,5,42,-9,68
frame=3,7,334,44,17,39,5,64

[run]
frames=10
duration=660ms
type=looped
frame=0,0,289,85,11,38,14,58
frame=0,1,301,85,10,38,20,64
frame=0,2,312,85,5,38,14,70
frame=0,3,142,333,9,25,5,73
frame=0,4,50,125,11,37,-5,70
frame=0,5,318,85,10,38,-12,66
frame=0,6,352,44,5,39,-11,61
frame=0,7,329,85,9,38,2,57
frame=1,0,62,125,11,37,14,57
frame=1,1,339,85,10,38,19,64
frame=1,2,350,85,5,38,14,70
frame=1,3,294,333,9,24,5,72
frame=1,4,356,85,11,38,-5,70
frame=1,5,368,85,10,38,-11,65
frame=1,6,358,44,5,39,-11,60
frame=1,7,364,44,9,39,2,57
frame=2,0,74,125,15,37,16,59
frame=2,1,499,125,12,36,20,65
frame=2,2,152,333,5,25,13,70
frame=2,3,288,406,10,17,6,73
frame=2,4,379,85,15,38,-3,71
frame=2,5,374,44,12,39,-10,66
frame=2,6,164,0,5,41,-10,62
frame=2,7,407,0,12,40,4,59
frame=3,0,0,164,20,36,19,62
frame=3,1,322,201,15,33,21,66
frame=3,2,462,333,6,23,12,71
frame=3,3,280,303,15,27,7,74
frame=3,4,90,125,20,37,-1,72
frame=3,5,420,0,15,40,-8,68
frame=3,6,51,0,6,42,-8,64
frame=3,7,387,44,16,39,7,60
frame=4,0,451,164,24,35,21,63
frame=4,1,115,271,17,30,22,66
frame=4,2,469,333,7,23,12,71
frame=4,3,133,271,20,30,8,73
frame=4,4,111,125,24,37,1,73
frame=4,5,170,0,17,41,-7,69
frame=4,6,6,0,7,43,-7,65
frame=4,7,436,0,20,40,10,62
frame=5,0,151,201,25,34,22,62
frame=5,1,105,303,17,28,22,65
frame=5,2,304,333,8,24,12,70
frame=5,3,154,271,22,30,9,72
frame=5,4,21,164,25,36,1,72
frame=5,5,457,0,17,40,-7,68
frame=5,6,58,0,8,42,-6,64
frame=5,7,404,44,22,39,11,61
frame=6,0,177,201,24,34,21,61
frame=6,1,177,271,17,30,22,65
frame=6,2,477,333,7,23,12,69
frame=6,3,195,271,19,30,8,72
frame=6,4,47,164,24,36,1,71
frame=6,5,475,0,17,40,-7,67
frame=6,6,67,0,7,42,-7,63
frame=6,7,427,44,20,39,10,60
frame=7,0,72,164,20,36,19,61
frame=7,1,338,201,15,33,21,65
frame=7,2,485,333,6,23,12,70
frame=7,3,296,303,15,27,7,73
frame=7,4,136,125,20,37,-1,71
frame=7,5,493,0,15,40,-8,67
frame=7,6,75,0,6,42,-8,63
frame=7,7,448,44,16,39,7,59
frame=8,0,157,125,15,37,16,60
frame=8,1,93,164,12,36,20,66
frame=8,2,158,333,5,25,13,71
frame=8,3,299,406,10,17,6,74
frame=8,4,395,85,15,38,-3,72
frame=8,5,465,44,12,39,-10,67
frame=8,6,188,0,5,41,-10,63
frame=8,7,0,44,12,40,4,60
frame=9,0,173,125,11,37,14,59
frame=9,1,185,125,10,37,19,65
frame=9,2,215,271,5,30,14,71
frame=9,3,164,333,9,25,5,74
frame=9,4,196,125,11,37,-5,71
frame=9,5,478,44,10,39,-11,67
frame=9,6,13,44,5,40,-11,62
frame=9,7,489,44,9,39,2,59

[swing]
frames=8
duration=640ms
type=play_once
hit=160ms
frame=0,0,174,333,26,25,-13,39
frame=0,1,123,303,17,28,17,37
frame=0,2,338,384,36,19,54,40
frame=0,3,43,486,36,9,61,53
frame=0,4,310,406,26,17,37,71
frame=0,5,375,384,18,19,-1,74
frame=0,6,369,460,39,11,-17,62
frame=0,7,59,444,41,14,-22,47
frame=1,0,196,426,40,16,-19,44
frame=1,1,360,303,23,26,-6,38
frame=1,2,141,303,20,28,27,39
frame=1,3,111,406,36,18,58,44
frame=1,4,80,486,40,9,57,58
frame=1,5,237,426,20,16,27,73
frame=1,6,394,384,21,19,-8,73
frame=1,7,323,474,40,10,-20,57
frame=2,0,121,486,35,9,60,41
frame=2,1,318,444,16,13,39,59
frame=2,2,409,460,20,11,6,64
frame=2,3,157,486,37,9,-13,56
frame=2,4,297,360,36,21,-26,47
frame=2,5,221,271,19,30,-22,37
frame=2,6,241,271,23,30,12,31
frame=2,7,37,384,37,20,48,31
frame=3,0,195,486,28,9,-3,55
frame=3,1,196,460,31,12,-10,49
frame=3,2,492,333,20,23,-12,46
frame=3,3,201,333,20,25,4,41
frame=3,4,337,406,41,17,29,38
frame=3,5,228,460,40,12,39,44
frame=3,6,334,360,20,21,30,56
frame=3,7,308,486,11,7,5,60
frame=4,0,320,486,29,7,-7,46
frame=4,1,379,406,30,17,-5,43
frame=4,2,355,360,10,21,-4,38
frame=4,3,366,360,34,21,21,39
frame=4,4,430,460,42,11,34,39
frame=4,5,416,384,33,19,33,51
frame=4,6,313,333,10,24,12,58
frame=4,7,335,444,24,13,1,55
frame=5,0,265,271,24,30,15,72
frame=5,1,148,406,23,18,0,67
frame=5,2,258,426,16,16,-9,61
frame=5,3,450,384,13,19,-6,56
frame=5,4,384,303,26,26,7,56
frame=5,5,476,164,31,35,21,60
frame=5,6,82,0,20,42,23,67
frame=5,7,194,0,14,41,18,71
frame=6,0,209,0,14,41,20,73
frame=6,1,368,271,14,29,13,76
frame=6,2,464,384,11,19,-2,75
frame=6,3,298,237,12,31,-8,70
frame=6,4,354,201,13,33,-8,66
frame=6,5,208,125,16,37,-1,64
frame=6,6,19,44,16,40,11,64
frame=6,7,224,0,12,41,18,67
frame=7,0,106,164,22,36,17,65
frame=7,1,119,237,17,32,20,68
frame=7,2,0,360,5,23,12,72
frame=7,3,275,426,13,16,10,75
frame=7,4,129,164,22,36,3,75
frame=7,5,36,44,17,40,-5,72
frame=7,6,14,0,5,43,-9,69
frame=7,7,54,44,17,40,5,65

[swing2]
frames=8
duration=680ms
type=play_once
hit=170ms
frame=0,0,75,384,41,20,-5,73
frame=0,1,364,474,36,10,6,59
frame=0,2,289,426,12,16,14,61
frame=0,3,101,444,25,14,35,67
frame=0,4,360,444,41,13,44,79
frame=0,5,312,303,36,27,28,93
frame=0,6,368,201,12,33,-4,96
frame=0,7,311,237,25,31,-12,88
frame=1,0,337,237,22,31,-17,55
frame=1,1,152,164,23,36,-5,49
frame=1,2,237,0,14,41,11,50
frame=1,3,103,0,11,42,27,56
frame=1,4,0,85,22,39,37,64
frame=1,5,202,201,23,34,26,69
frame=1,6,172,406,10,18,-3,69
frame=1,7,383,271,11,29,-18,63
frame=2,0,0,201,30,35,53,29
frame=2,1,411,303,25,26,52,40
frame=2,2,410,406,11,17,22,45
frame=2,3,402,444,11,13,-14,41
frame=2,4,162,303,30,28,-25,43
frame=2,5,176,164,28,36,-26,31
frame=2,6,115,0,12,42,-12,23
frame=2,7,252,0,18,41,23,22
frame=3,0,72,44,11,40,27,23
frame=3,1,226,201,13,34,34,27
frame=3,2,137,237,11,32,22,35
frame=3,3,183,406,10,18,2,25
frame=3,4,381,201,11,33,-18,36
frame=3,5,205,164,14,36,-22,28
frame=3,6,23,85,12,39,-12,20
frame=3,7,271,0,10,41,6,18
frame=4,0,36,85,11,39,28,23
frame=4,1,48,85,14,39,35,33
frame=4,2,360,237,11,31,22,35
frame=4,3,422,406,10,17,1,25
frame=4,4,393,201,11,33,-19,37
frame=4,5,220,164,15,36,-22,28
frame=4,6,63,85,12,39,-12,20
frame=4,7,282,0,10,41,7,18
frame=5,0,324,333,35,24,52,24
frame=5,1,127,444,26,14,49,33
frame=5,2,473,460,7,11,18,43
frame=5,3,224,486,9,9,-19,42
frame=5,4,26,360,34,22,-20,38
frame=5,5,405,201,30,33,-21,30
frame=5,6,76,85,9,39,-11,23
frame=5,7,31,201,24,35,26,20
frame=6,0,56,201,26,35,38,60
frame=6,1,293,0,19,41,35,73
frame=6,2,149,237,6,32,13,81
frame=6,3,372,237,15,31,-7,80
frame=6,4,240,201,26,34,-14,71
frame=6,5,395,271,19,29,-18,58
frame=6,6,222,333,6,25,-9,50
frame=6,7,290,271,21,30,20,51
frame=7,0,106,164,22,36,17,65
frame=7,1,119,237,17,32,20,68
frame=7,2,0,360,5,23,12,72
frame=7,3,275,426,13,16,10,75
frame=7,4,129,164,22,36,3,75
frame=7,5,36,44,17,40,-5,72
frame=7,6,14,0,5,43,-9,69
frame=7,7,54,44,17,40,5,65

[swing3]
frames=8
duration=600ms
type=play_once
hit=150ms
frame=0,0,414,444,36,13,29,35
frame=0,1,302,426,39,16,45,47
frame=0,2,437,303,22,26,36,63
frame=0,3,6,360,13,23,13,70
frame=0,4,476,384,28,19,-3,65
frame=0,5,234,486,41,9,-6,50
frame=0,6,0,406,25,19,-13,44
frame=0,7,401,360,14,21,-2,38
frame=1,0,433,406,34,17,25,33
frame=1,1,401,474,39,10,42,39
frame=1,2,416,360,24,21,37,55
frame=1,3,468,406,10,17,14,63
frame=1,4,485,426,25,15,-2,60
frame=1,5,0,474,41,11,-3,48
frame=1,6,61,360,27,22,-12,44
frame=1,7,460,303,12,26,-6,39
frame=2,0,360,333,32,24,61,67
frame=2,1,312,271,12,30,28,85
frame=2,2,193,303,22,28,-4,86
frame=2,3,117,384,39,20,-22,70
frame=2,4,42,474,35,11,-28,46
frame=2,5,342,426,12,16,-18,34
frame=2,6,451,444,25,13,24,30
frame=2,7,269,460,38,12,59,43
frame=3,0,393,333,31,24,60,67
frame=3,1,325,271,9,30,24,84
frame=3,2,473,303,24,26,-6,83
frame=3,3,194,406,39,18,-25,66
frame=3,4,78,474,33,11,-29,42
frame=3,5,479,406,9,17,-17,31
frame=3,6,154,444,27,14,28,29
frame=3,7,0,460,40,13,62,43
frame=4,0,393,333,31,24,60,67
frame=4,1,325,271,9,30,24,84
frame=4,2,473,303,24,26,-6,83
frame=4,3,194,406,39,18,-25,66
frame=4,4,78,474,33,11,-29,42
frame=4,5,479,406,9,17,-17,31
frame=4,6,154,444,27,14,28,29
frame=4,7,0,460,40,13,62,43
frame=5,0,156,237,29,32,56,70
frame=5,1,83,201,13,35,30,87
frame=5,2,415,271,16,29,-2,90
frame=5,3,335,271,32,30,-20,78
frame=5,4,441,360,32,21,-26,58
frame=5,5,182,444,13,14,-19,42
frame=5,6,0,444,19,15,16,39
frame=5,7,89,360,32,22,50,50
frame=6,0,225,125,11,37,27,68
frame=6,1,86,85,9,39,25,78
frame=6,2,97,201,6,35,9,84
frame=6,3,411,85,10,38,-7,83
frame=6,4,422,85,11,38,-18,76
frame=6,5,434,85,9,38,-18,68
frame=6,6,444,85,6,38,-5,62
frame=6,7,451,85,10,38,15,62
frame=7,0,106,164,22,36,17,65
frame=7,1,119,237,17,32,20,68
frame=7,2,0,360,5,23,12,72
frame=7,3,275,426,13,16,10,75
frame=7,4,129,164,22,36,3,75
frame=7,5,36,44,17,40,-5,72
frame=7,6,14,0,5,43,-9,69
frame=7,7,54,44,17,40,5,65

[hit]
frames=2
duration=300ms
type=play_once
frame=0,0,236,164,23,36,17,65
frame=0,1,388,237,18,31,20,67
frame=0,2,122,360,5,22,12,71
frame=0,3,355,426,14,16,11,75
frame=0,4,260,164,23,36,4,76
frame=0,5,84,44,18,40,-4,73
frame=0,6,128,0,5,42,-9,69
frame=0,7,103,44,18,40,5,65
frame=1,0,284,164,23,36,17,65
frame=1,1,407,237,18,31,20,67
frame=1,2,128,360,5,22,12,71
frame=1,3,355,426,14,16,11,75
frame=1,4,308,164,23,36,4,76
frame=1,5,122,44,18,40,-4,73
frame=1,6,134,0,5,42,-9,69
frame=1,7,141,44,18,40,5,65

[block]
frames=2
duration=300ms
type=play_once
frame=0,0,237,125,17,37,12,64
frame=0,1,104,201,14,35,17,67
frame=0,2,134,360,5,22,12,71
frame=0,3,370,426,11,16,10,74
frame=0,4,255,125,17,37,3,74
frame=0,5,160,44,14,40,-5,72
frame=0,6,140,0,5,42,-9,69
frame=0,7,175,44,14,40,2,65
frame=1,0,41,460,42,13,17,55
frame=1,1,382,426,31,16,20,54
frame=1,2,157,384,5,20,12,59
frame=1,3,20,444,31,15,24,61
frame=1,4,196,444,42,14,23,66
frame=1,5,0,333,31,26,9,71
frame=1,6,426,237,5,31,-9,70
frame=1,7,32,333,31,26,5,64

[cast]
frames=6
duration=600ms
type=play_once
hit=300ms
frame=0,0,26,406,41,19,18,46
frame=0,1,432,237,28,31,19,53
frame=0,2,119,201,9,35,14,58
frame=0,3,229,333,24,25,24,54
frame=0,4,0,426,41,17,21,54
frame=0,5,112,474,28,11,7,53
frame=0,6,414,426,9,16,-7,52
frame=0,7,141,474,33,11,7,45
frame=1,0,42,426,41,17,17,43
frame=1,1,432,271,31,29,19,49
frame=1,2,332,164,8,36,11,55
frame=1,3,464,271,25,29,23,53
frame=1,4,163,384,41,20,22,52
frame=1,5,175,474,31,11,10,49
frame=1,6,52,444,6,15,-7,49
frame=1,7,276,486,31,9,6,42
frame=2,0,424,426,42,16,18,42
frame=2,1,0,303,31,29,19,49
frame=2,2,267,201,8,34,11,54
frame=2,3,216,303,25,28,22,53
frame=2,4,68,406,42,19,22,51
frame=2,5,207,474,31,11,10,49
frame=2,6,467,426,6,16,-7,49
frame=2,7,239,474,30,11,6,43
frame=3,0,186,237,34,32,15,73
frame=3,1,140,360,34,22,27,71
frame=3,2,239,444,17,14,24,73
frame=3,3,257,444,16,14,20,80
frame=3,4,175,360,34,22,17,86
frame=3,5,436,201,34,33,5,89
frame=3,6,190,44,17,40,-9,86
frame=3,7,208,44,17,40,-5,80
frame=4,0,32,303,35,29,12,71
frame=4,1,234,406,36,18,26,67
frame=4,2,441,474,17,10,24,69
frame=4,3,308,460,19,12,24,77
frame=4,4,205,384,35,20,21,85
frame=4,5,461,237,36,31,8,89
frame=4,6,96,85,18,39,-9,87
frame=4,7,462,85,19,38,-7,80
frame=5,0,106,164,22,36,17,65
frame=5,1,119,237,17,32,20,68
frame=5,2,0,360,5,23,12,72
frame=5,3,275,426,13,16,10,75
frame=5,4,129,164,22,36,3,75
frame=5,5,36,44,17,40,-5,72
frame=5,6,14,0,5,43,-9,69
frame=5,7,54,44,17,40,5,65

[shoot]
frames=7
duration=700ms
type=play_once
hit=300ms
frame=0,0,115,85,9,39,14,41
frame=0,1,482,85,11,38,30,48
frame=0,2,273,125,9,37,29,57
frame=0,3,283,125,5,37,12,64
frame=0,4,494,85,9,38,-7,65
frame=0,5,289,125,11,37,-21,58
frame=0,6,125,85,9,39,-22,49
frame=0,7,226,44,5,40,-9,42
frame=1,0,232,44,10,40,10,42
frame=1,1,301,125,14,37,29,47
frame=1,2,316,125,11,37,31,56
frame=1,3,341,164,6,36,16,63
frame=1,4,328,125,10,37,-2,66
frame=1,5,0,125,14,38,-17,61
frame=1,6,135,85,11,39,-22,52
frame=1,7,313,0,6,41,-12,44
frame=2,0,232,44,10,40,10,42
frame=2,1,301,125,14,37,29,47
frame=2,2,316,125,11,37,31,56
frame=2,3,341,164,6,36,16,63
frame=2,4,339,125,10,37,-2,66
frame=2,5,0,125,14,38,-17,61
frame=2,6,135,85,11,39,-22,52
frame=2,7,313,0,6,41,-12,44
frame=3,0,147,85,19,39,17,48
frame=3,1,276,201,25,34,37,52
frame=3,2,68,303,18,29,35,59
frame=3,3,87,303,6,29,15,67
frame=3,4,0,271,19,31,0,69
frame=3,5,348,164,25,36,-14,66
frame=3,6,243,44,18,40,-19,58
frame=3,7,146,0,6,42,-11,51
frame=4,0,167,85,16,39,15,46
frame=4,1,129,201,21,35,34,50
frame=4,2,221,237,15,32,33,58
frame=4,3,237,237,6,32,15,66
frame=4,4,471,201,16,33,-1,68
frame=4,5,350,125,21,37,-15,64
frame=4,6,262,44,15,40,-20,56
frame=4,7,20,0,6,43,-11,49
frame=5,0,84,460,38,13,16,39
frame=5,1,64,333,38,26,25,47
frame=5,2,302,201,19,34,20,55
frame=5,3,210,360,11,22,18,47
frame=5,4,103,333,38,26,20,58
frame=5,5,270,474,38,11,11,50
frame=5,6,459,474,14,10,-8,46
frame=5,7,328,460,19,12,-1,43
frame=6,0,106,164,22,36,17,65
frame=6,1,119,237,17,32,20,68
frame=6,2,20,360,5,23,12,72
frame=6,3,275,426,13,16,10,75
frame=6,4,129,164,22,36,3,75
frame=6,5,36,44,17,40,-5,72
frame=6,6,27,0,5,43,-9,69
frame=6,7,54,44,17,40,5,65

[die]
frames=6
duration=900ms
type=play_once
frame=0,0,372,125,12,37,14,62
frame=0,1,184,85,10,39,18,68
frame=0,2,195,85,5,39,12,73
frame=0,3,474,426,10,16,5,75
frame=0,4,15,125,12,38,-4,73
frame=0,5,28,125,10,38,-10,69
frame=0,6,374,164,5,36,-9,64
frame=0,7,39,125,10,38,3,61
frame=1,0,20,271,20,31,5,61
frame=1,1,94,303,10,29,9,62
frame=1,2,425,333,12,24,17,66
frame=1,3,271,406,16,18,21,73
frame=1,4,278,44,20,40,13,77
frame=1,5,153,0,10,42,-1,77
frame=1,6,320,0,14,41,-5,73
frame=1,7,380,164,23,36,0,66
frame=2,0,84,426,33,17,-10,51
frame=2,1,309,474,13,11,-4,41
frame=2,2,348,460,20,12,22,43
frame=2,3,222,360,37,22,44,56
frame=2,4,0,237,33,33,41,72
frame=2,5,201,85,13,39,15,81
frame=2,6,385,125,22,37,-2,79
frame=2,7,242,303,37,28,-9,67
frame=3,0,474,360,35,21,-32,35
frame=3,1,349,303,10,27,-21,22
frame=3,2,254,333,28,25,27,19
frame=3,3,123,460,42,13,64,25
frame=3,4,118,426,35,17,65,49
frame=3,5,283,333,10,25,29,68
frame=3,6,241,384,28,20,-1,68
frame=3,7,0,486,42,10,-24,50
frame=4,0,215,85,21,39,-53,14
frame=4,1,237,85,14,39,-27,-5
frame=4,2,34,237,33,33,31,-12
frame=4,3,260,360,36,22,72,-3
frame=4,4,274,444,21,14,72,16
frame=4,5,166,460,14,13,39,35
frame=4,6,270,384,33,20,0,42
frame=4,7,41,271,36,31,-38,34
frame=5,0,252,85,21,39,-53,14
frame=5,1,274,85,14,39,-27,-5
frame=5,2,68,237,33,33,31,-12
frame=5,3,0,384,36,21,72,-4
frame=5,4,296,444,21,14,72,16
frame=5,5,181,460,14,13,39,35
frame=5,6,304,384,33,20,0,42
frame=5,7,78,271,36,31,-38,34
