image=custom_gear_leather_hood.png

[stance]
frames=4
duration=800ms
type=back_forth
frame=0,0,29,20,12,18,4,63
frame=0,1,0,0,14,19,5,63
frame=0,2,42,20,12,18,5,62
frame=0,3,15,0,14,19,7,63
frame=0,4,55,20,12,18,6,63
frame=0,5,353,133,14,16,7,63
frame=0,6,159,185,12,14,5,63
frame=0,7,368,133,14,16,5,63
frame=1,0,68,20,13,18,5,63
frame=1,1,30,0,13,19,5,63
frame=1,2,82,20,12,18,5,62
frame=1,3,44,0,14,19,7,63
frame=1,4,95,20,13,18,6,63
frame=1,5,383,133,13,16,6,63
frame=1,6,181,168,12,15,5,63
frame=1,7,397,133,14,16,5,63
frame=2,0,109,20,13,18,4,63
frame=2,1,123,20,13,18,4,63
frame=2,2,137,20,12,18,5,62
frame=2,3,59,0,13,19,7,63
frame=2,4,150,20,13,18,7,63
frame=2,5,412,133,13,16,7,64
frame=2,6,194,168,12,15,5,64
frame=2,7,0,97,13,17,4,64
frame=3,0,29,20,12,18,4,63
frame=3,1,0,0,14,19,5,63
frame=3,2,82,20,12,18,5,62
frame=3,3,73,0,14,19,7,63
frame=3,4,164,20,12,18,6,63
frame=3,5,426,133,14,16,7,63
frame=3,6,159,185,12,14,5,63
frame=3,7,368,133,14,16,5,63

[run]
frames=10
duration=660ms
type=looped
frame=0,0,14,97,13,17,7,59
frame=0,1,177,20,13,18,7,60
frame=0,2,88,0,13,19,6,61
frame=0,3,102,0,13,19,5,61
frame=0,4,191,20,13,18,4,60
frame=0,5,441,133,13,16,4,59
frame=0,6,172,185,13,14,5,59
frame=0,7,455,133,13,16,6,59
frame=1,0,205,20,13,18,7,59
frame=1,1,116,0,13,19,7,60
frame=1,2,219,20,13,18,6,60
frame=1,3,233,20,13,18,5,60
frame=1,4,28,97,13,17,4,59
frame=1,5,469,133,13,16,4,59
frame=1,6,186,185,13,14,5,58
frame=1,7,483,133,13,16,6,58
frame=2,0,42,97,13,17,7,59
frame=2,1,247,20,14,18,7,60
frame=2,2,262,20,13,18,6,60
frame=2,3,276,20,14,18,5,60
frame=2,4,56,97,13,17,4,59
frame=2,5,497,133,14,16,5,59
frame=2,6,200,185,13,14,5,58
frame=2,7,70,97,14,17,7,59
frame=3,0,85,97,13,17,7,60
frame=3,1,291,20,14,18,7,61
frame=3,2,306,20,12,18,5,61
frame=3,3,319,20,14,18,5,61
frame=3,4,99,97,13,17,4,60
frame=3,5,113,97,14,17,5,60
frame=3,6,214,185,12,14,5,59
frame=3,7,128,97,14,17,7,60
frame=4,0,334,20,13,18,7,61
frame=4,1,130,0,13,19,6,62
frame=4,2,144,0,13,19,5,62
frame=4,3,348,20,14,18,5,61
frame=4,4,143,97,13,17,4,60
frame=4,5,0,151,13,16,5,60
frame=4,6,227,185,13,14,6,59
frame=4,7,14,151,14,16,7,60
frame=5,0,363,20,13,18,7,60
frame=5,1,158,0,13,19,6,61
frame=5,2,172,0,13,19,5,61
frame=5,3,377,20,14,18,5,60
frame=5,4,157,97,13,17,4,59
frame=5,5,29,151,13,16,5,59
frame=5,6,241,185,13,14,6,59
frame=5,7,43,151,14,16,7,59
frame=6,0,171,97,13,17,7,59
frame=6,1,392,20,13,18,6,60
frame=6,2,406,20,13,18,5,60
frame=6,3,420,20,14,18,5,60
frame=6,4,435,20,13,18,4,59
frame=6,5,58,151,13,16,5,58
frame=6,6,0,201,13,13,6,58
frame=6,7,185,97,14,17,7,59
frame=7,0,200,97,13,17,7,59
frame=7,1,449,20,14,18,7,60
frame=7,2,464,20,12,18,5,60
frame=7,3,477,20,14,18,5,60
frame=7,4,214,97,13,17,4,59
frame=7,5,228,97,14,17,5,59
frame=7,6,255,185,12,14,5,58
frame=7,7,72,151,14,16,7,59
frame=8,0,243,97,13,17,7,60
frame=8,1,492,20,14,18,7,61
frame=8,2,0,40,13,18,6,61
frame=8,3,14,40,14,18,5,61
frame=8,4,257,97,13,17,4,60
frame=8,5,271,97,14,17,5,60
frame=8,6,268,185,13,14,5,59
frame=8,7,286,97,14,17,7,60
frame=9,0,301,97,13,17,7,60
frame=9,1,29,40,13,18,7,61
frame=9,2,186,0,13,19,6,62
frame=9,3,200,0,13,19,5,62
frame=9,4,43,40,13,18,4,61
frame=9,5,87,151,13,16,4,60
frame=9,6,282,185,13,14,5,60
frame=9,7,101,151,13,16,6,60

[swing]
frames=8
duration=640ms
type=play_once
hit=160ms
frame=0,0,57,40,12,18,0,63
frame=0,1,70,40,13,18,1,61
frame=0,2,84,40,13,18,4,60
frame=0,3,98,40,13,18,8,60
frame=0,4,112,40,13,18,10,62
frame=0,5,315,97,13,17,10,63
frame=0,6,115,151,13,16,7,65
frame=0,7,129,151,13,16,3,64
frame=1,0,329,97,13,17,0,63
frame=1,1,126,40,13,18,0,61
frame=1,2,140,40,13,18,3,59
frame=1,3,154,40,14,18,8,59
frame=1,4,343,97,13,17,11,60
frame=1,5,357,97,13,17,11,63
frame=1,6,207,168,13,15,8,64
frame=1,7,371,97,14,17,4,65
frame=2,0,386,97,14,17,11,61
frame=2,1,169,40,14,18,9,63
frame=2,2,214,0,13,19,5,64
frame=2,3,184,40,14,18,2,63
frame=2,4,401,97,14,17,1,61
frame=2,5,143,151,14,16,3,59
frame=2,6,296,185,13,14,6,58
frame=2,7,158,151,14,16,10,59
frame=3,0,416,97,14,17,12,62
frame=3,1,199,40,14,18,8,64
frame=3,2,214,40,14,18,4,64
frame=3,3,431,97,15,17,1,62
frame=3,4,447,97,14,17,0,60
frame=3,5,173,151,14,16,4,58
frame=3,6,310,185,14,14,8,58
frame=3,7,462,97,15,17,12,60
frame=4,0,229,40,14,18,11,62
frame=4,1,244,40,14,18,8,64
frame=4,2,228,0,14,19,4,64
frame=4,3,478,97,15,17,1,62
frame=4,4,494,97,14,17,1,60
frame=4,5,221,168,14,15,4,58
frame=4,6,236,168,14,15,8,58
frame=4,7,0,115,14,17,11,60
frame=5,0,259,40,14,18,11,62
frame=5,1,243,0,14,19,9,64
frame=5,2,258,0,14,19,5,64
frame=5,3,274,40,14,18,2,63
frame=5,4,15,115,14,17,1,61
frame=5,5,188,151,14,16,3,59
frame=5,6,325,185,14,14,7,58
frame=5,7,30,115,14,17,10,60
frame=6,0,45,115,14,17,8,62
frame=6,1,289,40,14,18,7,63
frame=6,2,304,40,13,18,5,63
frame=6,3,318,40,14,18,5,63
frame=6,4,60,115,14,17,4,62
frame=6,5,203,151,14,16,5,61
frame=6,6,340,185,13,14,6,61
frame=6,7,218,151,14,16,7,61
frame=7,0,75,115,12,17,4,63
frame=7,1,333,40,14,18,5,63
frame=7,2,273,0,12,19,5,63
frame=7,3,348,40,14,18,7,63
frame=7,4,88,115,12,17,6,63
frame=7,5,101,115,14,17,7,64
frame=7,6,251,168,12,15,5,64
frame=7,7,233,151,14,16,5,63

[swing2]
frames=8
duration=680ms
type=play_once
hit=170ms
frame=0,0,363,40,13,18,-2,63
frame=0,1,377,40,14,18,0,61
frame=0,2,392,40,13,18,4,59
frame=0,3,406,40,13,18,10,60
frame=0,4,420,40,12,18,13,62
frame=0,5,248,151,12,16,11,65
frame=0,6,264,168,13,15,7,66
frame=0,7,261,151,13,16,1,66
frame=1,0,116,115,12,17,-6,63
frame=1,1,275,151,14,16,-3,59
frame=1,2,129,115,14,17,4,57
frame=1,3,144,115,13,17,12,58
frame=1,4,433,40,13,18,16,61
frame=1,5,290,151,13,16,15,65
frame=1,6,304,151,14,16,8,67
frame=1,7,319,151,13,16,-1,66
frame=2,0,158,115,15,17,20,58
frame=2,1,447,40,15,18,16,63
frame=2,2,463,40,12,18,5,65
frame=2,3,476,40,15,18,-3,63
frame=2,4,174,115,15,17,-7,58
frame=2,5,278,168,15,15,-3,53
frame=2,6,255,201,12,12,5,50
frame=2,7,294,168,15,15,16,53
frame=3,0,190,115,16,17,23,57
frame=3,1,492,40,15,18,18,63
frame=3,2,0,59,12,18,5,65
frame=3,3,13,59,15,18,-5,63
frame=3,4,207,115,16,17,-9,57
frame=3,5,310,168,15,15,-5,51
frame=3,6,268,201,12,12,5,48
frame=3,7,326,168,15,15,18,51
frame=4,0,333,151,15,16,22,57
frame=4,1,29,59,15,18,17,63
frame=4,2,45,59,12,18,5,65
frame=4,3,58,59,15,18,-4,63
frame=4,4,349,151,15,16,-9,57
frame=4,5,342,168,15,15,-4,51
frame=4,6,14,201,12,13,5,49
frame=4,7,354,185,15,14,17,51
frame=5,0,224,115,15,17,18,59
frame=5,1,286,0,14,19,14,64
frame=5,2,74,59,12,18,5,65
frame=5,3,87,59,15,18,-1,64
frame=5,4,240,115,15,17,-5,59
frame=5,5,358,168,14,15,-2,55
frame=5,6,27,201,12,13,5,53
frame=5,7,373,168,15,15,14,55
frame=6,0,256,115,13,17,9,62
frame=6,1,301,0,14,19,8,64
frame=6,2,316,0,12,19,5,64
frame=6,3,329,0,14,19,4,64
frame=6,4,270,115,13,17,2,62
frame=6,5,365,151,14,16,4,61
frame=6,6,40,201,12,13,5,60
frame=6,7,380,151,14,16,8,61
frame=7,0,75,115,12,17,4,63
frame=7,1,333,40,14,18,5,63
frame=7,2,273,0,12,19,5,63
frame=7,3,348,40,14,18,7,63
frame=7,4,88,115,12,17,6,63
frame=7,5,101,115,14,17,7,64
frame=7,6,251,168,12,15,5,64
frame=7,7,233,151,14,16,5,63

[swing3]
frames=8
duration=600ms
type=play_once
hit=150ms
frame=0,0,103,59,13,18,1,63
frame=0,1,117,59,13,18,1,61
frame=0,2,131,59,13,18,4,60
frame=0,3,145,59,14,18,9,60
frame=0,4,160,59,13,18,10,61
frame=0,5,284,115,13,17,10,63
frame=0,6,389,168,13,15,7,64
frame=0,7,395,151,14,16,3,64
frame=1,0,174,59,13,18,0,63
frame=1,1,188,59,13,18,0,60
frame=1,2,202,59,13,18,4,59
frame=1,3,216,59,14,18,9,59
frame=1,4,231,59,13,18,11,61
frame=1,5,298,115,13,17,11,63
frame=1,6,403,168,13,15,7,64
frame=1,7,410,151,14,16,3,64
frame=2,0,245,59,15,18,17,61
frame=2,1,261,59,14,18,12,64
frame=2,2,276,59,13,18,4,65
frame=2,3,290,59,15,18,-2,63
frame=2,4,312,115,15,17,-4,59
frame=2,5,417,168,14,15,0,55
frame=2,6,53,201,13,13,7,54
frame=2,7,432,168,15,15,15,56
frame=3,0,328,115,15,17,18,60
frame=3,1,306,59,14,18,12,64
frame=3,2,321,59,13,18,3,65
frame=3,3,344,0,16,19,-3,63
frame=3,4,344,115,15,17,-5,58
frame=3,5,425,151,14,16,0,54
frame=3,6,67,201,13,13,8,52
frame=3,7,440,151,16,16,17,56
frame=4,0,328,115,15,17,18,60
frame=4,1,306,59,14,18,12,64
frame=4,2,321,59,13,18,3,65
frame=4,3,344,0,16,19,-3,63
frame=4,4,344,115,15,17,-5,58
frame=4,5,425,151,14,16,0,54
frame=4,6,67,201,13,13,8,52
frame=4,7,440,151,16,16,17,56
frame=5,0,360,115,14,17,15,61
frame=5,1,335,59,14,18,11,64
frame=5,2,361,0,13,19,4,65
frame=5,3,350,59,14,18,-1,63
frame=5,4,457,151,14,16,-3,59
frame=5,5,448,168,14,15,1,56
frame=5,6,81,201,13,13,7,55
frame=5,7,463,168,14,15,13,57
frame=6,0,375,115,13,17,8,62
frame=6,1,365,59,13,18,7,63
frame=6,2,375,0,12,19,5,64
frame=6,3,379,59,14,18,4,63
frame=6,4,389,115,13,17,3,62
frame=6,5,472,151,13,16,4,61
frame=6,6,370,185,12,14,5,61
frame=6,7,486,151,14,16,8,61
frame=7,0,75,115,12,17,4,63
frame=7,1,333,40,14,18,5,63
frame=7,2,273,0,12,19,5,63
frame=7,3,348,40,14,18,7,63
frame=7,4,88,115,12,17,6,63
frame=7,5,101,115,14,17,7,64
frame=7,6,251,168,12,15,5,64
frame=7,7,233,151,14,16,5,63

[hit]
frames=2
duration=300ms
type=play_once
frame=0,0,403,115,13,17,4,63
frame=0,1,388,0,13,19,4,63
frame=0,2,82,20,12,18,5,62
frame=0,3,402,0,13,19,7,63
frame=0,4,394,59,13,18,7,63
frame=0,5,0,168,13,16,7,64
frame=0,6,478,168,12,15,5,64
frame=0,7,417,115,13,17,4,64
frame=1,0,431,115,13,17,4,63
frame=1,1,416,0,13,19,4,63
frame=1,2,408,59,12,18,5,62
frame=1,3,430,0,13,19,7,63
frame=1,4,421,59,13,18,7,63
frame=1,5,14,168,13,16,7,64
frame=1,6,491,168,12,15,5,64
frame=1,7,445,115,13,17,4,64

[block]
frames=2
duration=300ms
type=play_once
frame=0,0,403,115,13,17,4,63
frame=0,1,388,0,13,19,4,63
frame=0,2,82,20,12,18,5,62
frame=0,3,402,0,13,19,7,63
frame=0,4,394,59,13,18,7,63
frame=0,5,0,168,13,16,7,64
frame=0,6,478,168,12,15,5,64
frame=0,7,417,115,13,17,4,64
frame=1,0,435,59,12,18,0,62
frame=1,1,448,59,13,18,2,60
frame=1,2,462,59,12,18,5,59
frame=1,3,475,59,14,18,10,60
frame=1,4,490,59,12,18,10,62
frame=1,5,459,115,13,17,9,64
frame=1,6,383,185,12,14,5,64
frame=1,7,473,115,14,17,2,64

[cast]
frames=6
duration=600ms
type=play_once
hit=300ms
frame=0,0,488,115,13,17,6,62
frame=0,1,0,78,14,18,6,63
frame=0,2,444,0,12,19,5,63
frame=0,3,457,0,14,19,6,63
frame=0,4,15,78,13,18,5,63
frame=0,5,28,168,14,16,6,62
frame=0,6,396,185,12,14,5,62
frame=0,7,43,168,14,16,6,62
frame=1,0,0,133,14,17,10,61
frame=1,1,29,78,15,18,9,62
frame=1,2,472,0,12,19,5,63
frame=1,3,45,78,15,18,4,62
frame=1,4,15,133,14,17,2,61
frame=1,5,0,185,15,15,4,59
frame=1,6,95,201,12,13,5,58
frame=1,7,16,185,15,15,9,59
frame=2,0,61,78,15,18,11,61
frame=2,1,77,78,14,18,9,62
frame=2,2,485,0,12,19,5,63
frame=2,3,92,78,14,18,3,62
frame=2,4,107,78,15,18,2,61
frame=2,5,58,168,14,16,3,59
frame=2,6,108,201,12,13,5,58
frame=2,7,73,168,14,16,9,59
frame=3,0,30,133,12,17,-2,62
frame=3,1,43,133,13,17,1,60
frame=3,2,88,168,12,16,5,59
frame=3,3,57,133,13,17,10,60
frame=3,4,123,78,12,18,12,63
frame=3,5,136,78,13,18,10,65
frame=3,6,32,185,12,15,5,65
frame=3,7,150,78,13,18,1,65
frame=4,0,71,133,13,17,-2,62
frame=4,1,85,133,14,17,1,60
frame=4,2,100,133,12,17,5,59
frame=4,3,113,133,14,17,11,60
frame=4,4,128,133,13,17,13,62
frame=4,5,164,78,13,18,11,65
frame=4,6,409,185,12,14,5,65
frame=4,7,142,133,13,17,0,65
frame=5,0,75,115,12,17,4,63
frame=5,1,333,40,14,18,5,63
frame=5,2,273,0,12,19,5,63
frame=5,3,348,40,14,18,7,63
frame=5,4,88,115,12,17,6,63
frame=5,5,101,115,14,17,7,64
frame=5,6,251,168,12,15,5,64
frame=5,7,233,151,14,16,5,63

[shoot]
frames=7
duration=700ms
type=play_once
hit=300ms
frame=0,0,178,78,13,18,3,63
frame=0,1,192,78,13,18,4,62
frame=0,2,498,0,12,19,5,62
frame=0,3,206,78,14,18,8,62
frame=0,4,221,78,13,18,8,63
frame=0,5,156,133,13,17,7,64
frame=0,6,45,185,12,15,5,64
frame=0,7,170,133,14,17,4,64
frame=1,0,185,133,13,17,1,63
frame=1,1,235,78,14,18,2,61
frame=1,2,250,78,13,18,4,60
frame=1,3,0,20,14,19,8,61
frame=1,4,264,78,13,18,10,62
frame=1,5,199,133,13,17,10,63
frame=1,6,121,201,13,13,7,64
frame=1,7,101,168,14,16,4,64
frame=2,0,185,133,13,17,1,63
frame=2,1,235,78,14,18,2,61
frame=2,2,250,78,13,18,4,60
frame=2,3,0,20,14,19,8,61
frame=2,4,264,78,13,18,10,62
frame=2,5,199,133,13,17,10,63
frame=2,6,121,201,13,13,7,64
frame=2,7,101,168,14,16,4,64
frame=3,0,213,133,13,17,-1,63
frame=3,1,278,78,13,18,-1,61
frame=3,2,292,78,14,18,4,59
frame=3,3,307,78,13,18,9,59
frame=3,4,321,78,13,18,12,61
frame=3,5,335,78,13,18,12,64
frame=3,6,58,185,14,15,8,65
frame=3,7,116,168,13,16,2,65
frame=4,0,213,133,13,17,-1,63
frame=4,1,278,78,13,18,-1,61
frame=4,2,292,78,14,18,4,59
frame=4,3,307,78,13,18,9,59
frame=4,4,321,78,13,18,12,61
frame=4,5,335,78,13,18,12,64
frame=4,6,58,185,14,15,8,65
frame=4,7,116,168,13,16,2,65
frame=5,0,349,78,12,18,1,63
frame=5,1,15,20,13,19,2,62
frame=5,2,362,78,13,18,5,61
frame=5,3,376,78,14,18,9,61
frame=5,4,391,78,12,18,9,63
frame=5,5,227,133,13,17,9,64
frame=5,6,73,185,13,15,6,65
frame=5,7,130,168,14,16,3,64
frame=6,0,75,115,12,17,4,63
frame=6,1,333,40,14,18,5,63
frame=6,2,273,0,12,19,5,63
frame=6,3,348,40,14,18,7,63
frame=6,4,88,115,12,17,6,63
frame=6,5,101,115,14,17,7,64
frame=6,6,251,168,12,15,5,64
frame=6,7,233,151,14,16,5,63

[die]
frames=6
duration=900ms
type=play_once
frame=0,0,403,115,13,17,4,63
frame=0,1,388,0,13,19,4,63
frame=0,2,82,20,12,18,5,62
frame=0,3,402,0,13,19,7,63
frame=0,4,394,59,13,18,7,63
frame=0,5,0,168,13,16,7,64
frame=0,6,478,168,12,15,5,64
frame=0,7,417,115,13,17,4,64
frame=1,0,404,78,13,18,-9,63
frame=1,1,418,78,14,18,-4,58
frame=1,2,433,78,12,18,5,56
frame=1,3,446,78,13,18,16,58
frame=1,4,460,78,13,18,20,63
frame=1,5,241,133,13,17,16,68
frame=1,6,87,185,12,15,5,70
frame=1,7,255,133,13,17,-5,68
frame=2,0,474,78,12,18,-32,56
frame=2,1,269,133,13,17,-20,43
frame=2,2,145,168,12,16,5,37
frame=2,3,283,133,13,17,31,43
frame=2,4,487,78,12,18,42,56
frame=2,5,297,133,12,17,31,68
frame=2,6,100,185,12,15,5,73
frame=2,7,310,133,12,17,-21,68
frame=3,0,323,133,14,17,-52,36
frame=3,1,113,185,15,15,-34,15
frame=3,2,422,185,12,14,5,6
frame=3,3,129,185,15,15,47,15
frame=3,4,338,133,14,17,64,36
frame=3,5,158,168,10,16,47,56
frame=3,6,135,201,12,13,5,65
frame=3,7,169,168,11,16,-38,56
frame=4,0,435,185,16,14,-59,2
frame=4,1,148,201,17,13,-39,-22
frame=4,2,166,201,12,13,5,-32
frame=4,3,179,201,17,13,54,-22
frame=4,4,452,185,16,14,73,2
frame=4,5,197,201,8,13,54,27
frame=4,6,299,201,4,7,5,36
frame=4,7,281,201,8,12,-48,26
frame=5,0,469,185,16,14,-59,2
frame=5,1,206,201,17,13,-39,-22
frame=5,2,224,201,12,13,5,-32
frame=5,3,237,201,17,13,54,-22
frame=5,4,486,185,16,14,73,2
frame=5,5,290,201,8,12,54,26
frame=5,6,299,201,4,7,5,36
frame=5,7,145,185,13,15,-43,25
