image=custom_gear_leather_pants.png

[stance]
frames=4
duration=800ms
type=back_forth
frame=0,0,379,391,12,34,5,31
frame=0,1,461,164,20,37,9,35
frame=0,2,229,497,17,33,7,32
frame=0,3,193,85,20,38,9,36
frame=0,4,392,391,12,34,5,31
frame=0,5,482,164,20,37,9,35
frame=0,6,247,497,17,33,8,32
frame=0,7,0,203,20,37,9,35
frame=1,0,405,391,12,34,5,31
frame=1,1,21,203,20,37,9,35
frame=1,2,265,497,17,33,7,32
frame=1,3,214,85,20,38,9,35
frame=1,4,418,391,12,34,5,31
frame=1,5,42,203,20,37,9,35
frame=1,6,283,497,17,33,8,32
frame=1,7,235,85,20,38,9,35
frame=2,0,431,391,12,34,5,32
frame=2,1,63,203,20,37,9,35
frame=2,2,301,497,17,33,7,32
frame=2,3,256,85,20,38,9,36
frame=2,4,444,391,12,34,5,31
frame=2,5,277,85,20,38,9,36
frame=2,6,457,391,17,34,8,33
frame=2,7,84,203,20,37,9,35
frame=3,0,475,391,12,34,5,31
frame=3,1,461,164,20,37,9,35
frame=3,2,319,497,17,33,7,32
frame=3,3,298,85,20,38,9,36
frame=3,4,488,391,12,34,5,31
frame=3,5,105,203,20,37,9,35
frame=3,6,337,497,17,33,8,32
frame=3,7,0,203,20,37,9,35

[run]
frames=10
duration=660ms
type=looped
frame=0,0,387,532,29,32,18,29
frame=0,1,247,566,28,31,16,34
frame=0,2,288,599,17,28,7,31
frame=0,3,478,566,23,30,9,32
frame=0,4,306,599,29,28,9,29
frame=0,5,319,85,28,38,10,33
frame=0,6,126,203,17,37,8,30
frame=0,7,144,203,23,37,12,30
frame=1,0,276,566,23,31,16,28
frame=1,1,0,427,24,34,13,33
frame=1,2,336,599,17,28,7,30
frame=1,3,186,630,26,27,9,31
frame=1,4,213,630,23,27,5,28
frame=1,5,355,497,24,33,9,32
frame=1,6,417,532,17,32,8,29
frame=1,7,25,427,26,34,15,30
frame=2,0,300,566,31,31,18,28
frame=2,1,168,203,23,37,12,32
frame=2,2,380,497,17,33,7,29
frame=2,3,52,427,31,34,12,32
frame=2,4,354,599,31,28,11,28
frame=2,5,332,566,23,31,9,32
frame=2,6,237,630,17,27,8,29
frame=2,7,356,566,31,31,17,31
frame=3,0,0,599,37,30,18,29
frame=3,1,348,85,24,38,11,33
frame=3,2,84,427,17,34,7,30
frame=3,3,307,279,33,36,15,34
frame=3,4,386,599,37,28,17,29
frame=3,5,102,427,24,34,11,32
frame=3,6,435,532,17,32,8,30
frame=3,7,453,532,33,32,16,33
frame=4,0,197,599,33,29,17,31
frame=4,1,127,427,22,34,11,33
frame=4,2,388,566,17,31,7,31
frame=4,3,398,497,30,33,13,34
frame=4,4,38,599,33,30,14,30
frame=4,5,341,279,22,36,9,31
frame=4,6,364,279,17,36,8,31
frame=4,7,382,279,30,36,15,34
frame=5,0,424,599,29,28,18,29
frame=5,1,72,599,23,30,12,32
frame=5,2,454,599,17,28,7,31
frame=5,3,96,599,28,30,10,33
frame=5,4,429,497,29,33,9,30
frame=5,5,192,203,23,37,9,30
frame=5,6,216,203,17,37,8,30
frame=5,7,234,203,28,37,16,33
frame=6,0,472,599,23,28,16,29
frame=6,1,255,630,26,27,15,31
frame=6,2,0,630,17,28,7,30
frame=6,3,150,427,24,34,9,33
frame=6,4,459,497,23,33,5,30
frame=6,5,175,427,26,34,9,30
frame=6,6,483,497,17,33,8,30
frame=6,7,202,427,24,34,13,33
frame=7,0,18,630,31,28,18,28
frame=7,1,227,427,30,34,16,32
frame=7,2,0,532,17,33,7,29
frame=7,3,373,85,23,38,9,33
frame=7,4,258,427,31,34,11,31
frame=7,5,406,566,29,31,11,31
frame=7,6,282,630,17,27,8,29
frame=7,7,436,566,23,31,12,32
frame=8,0,50,630,37,28,18,29
frame=8,1,446,354,34,35,16,33
frame=8,2,290,427,17,34,7,30
frame=8,3,397,85,23,38,10,33
frame=8,4,125,599,37,30,17,29
frame=8,5,0,566,34,32,16,33
frame=8,6,35,566,17,32,8,30
frame=8,7,308,427,24,34,11,32
frame=9,0,163,599,33,30,17,30
frame=9,1,18,532,31,33,16,34
frame=9,2,460,566,17,31,7,31
frame=9,3,333,427,22,34,9,33
frame=9,4,88,630,33,28,14,30
frame=9,5,413,279,31,36,13,34
frame=9,6,445,279,17,36,8,31
frame=9,7,463,279,22,36,11,31

[swing]
frames=8
duration=640ms
type=play_once
hit=160ms
frame=0,0,263,203,21,37,9,34
frame=0,1,320,0,19,40,8,36
frame=0,2,285,203,17,37,7,33
frame=0,3,486,279,22,36,10,34
frame=0,4,303,203,21,37,10,34
frame=0,5,53,0,19,41,9,37
frame=0,6,421,85,17,38,8,35
frame=0,7,0,317,22,36,10,35
frame=1,0,23,317,20,36,8,33
frame=1,1,340,0,19,40,8,35
frame=1,2,439,85,17,38,7,34
frame=1,3,44,317,22,36,10,34
frame=1,4,67,317,20,36,10,33
frame=1,5,169,44,19,39,9,35
frame=1,6,457,85,17,38,8,35
frame=1,7,475,85,22,38,10,36
frame=2,0,356,427,28,34,17,31
frame=2,1,0,125,19,38,11,34
frame=2,2,20,125,17,38,7,34
frame=2,3,38,125,28,38,10,36
frame=2,4,53,566,28,32,9,30
frame=2,5,325,203,19,37,6,30
frame=2,6,345,203,17,37,8,30
frame=2,7,385,427,28,34,16,30
frame=3,0,88,317,29,36,18,33
frame=3,1,360,0,19,40,12,35
frame=3,2,189,44,17,39,7,36
frame=3,3,380,0,27,40,9,38
frame=3,4,414,427,29,34,9,32
frame=3,5,408,0,19,40,5,33
frame=3,6,207,44,17,39,8,31
frame=3,7,67,125,27,38,16,34
frame=4,0,481,354,29,35,18,32
frame=4,1,428,0,19,40,12,35
frame=4,2,225,44,17,39,7,36
frame=4,3,448,0,27,40,9,38
frame=4,4,444,427,29,34,9,32
frame=4,5,476,0,19,40,5,33
frame=4,6,0,44,17,40,8,32
frame=4,7,363,203,27,37,16,33
frame=5,0,118,317,29,36,18,33
frame=5,1,18,44,19,40,12,35
frame=5,2,95,125,17,38,7,35
frame=5,3,243,44,27,39,9,37
frame=5,4,474,427,29,34,9,32
frame=5,5,113,125,19,38,5,31
frame=5,6,133,125,17,38,8,30
frame=5,7,148,317,27,36,16,32
frame=6,0,176,317,19,36,11,33
frame=6,1,151,125,19,38,10,35
frame=6,2,196,317,17,36,7,34
frame=6,3,391,203,22,37,8,36
frame=6,4,214,317,19,36,6,33
frame=6,5,414,203,16,37,4,32
frame=6,6,431,203,17,37,8,32
frame=6,7,0,462,22,34,12,31
frame=7,0,23,462,12,34,5,32
frame=7,1,449,203,20,37,9,35
frame=7,2,50,532,17,33,7,32
frame=7,3,171,125,20,38,9,36
frame=7,4,36,462,12,34,5,31
frame=7,5,192,125,20,38,9,36
frame=7,6,49,462,17,34,8,33
frame=7,7,470,203,20,37,9,35

[swing2]
frames=8
duration=680ms
type=play_once
hit=170ms
frame=0,0,491,203,16,37,8,35
frame=0,1,213,125,19,38,8,36
frame=0,2,0,391,17,35,7,34
frame=0,3,18,391,20,35,9,35
frame=0,4,39,391,16,35,6,33
frame=0,5,38,44,19,40,9,37
frame=0,6,0,241,17,37,8,35
frame=0,7,234,317,20,36,9,35
frame=1,0,18,241,16,37,8,35
frame=1,1,233,125,19,38,8,36
frame=1,2,67,462,17,34,7,34
frame=1,3,56,391,20,35,9,35
frame=1,4,85,462,16,34,6,33
frame=1,5,58,44,19,40,9,38
frame=1,6,255,317,17,36,8,35
frame=1,7,35,241,20,37,9,36
frame=2,0,271,44,33,39,19,36
frame=2,1,73,0,21,41,12,36
frame=2,2,305,44,17,39,7,34
frame=2,3,323,44,31,39,12,36
frame=2,4,355,44,33,39,12,36
frame=2,5,273,317,21,36,7,29
frame=2,6,102,462,17,34,8,26
frame=2,7,77,391,31,35,17,30
frame=3,0,68,532,33,33,19,30
frame=3,1,30,0,22,42,13,36
frame=3,2,389,44,17,39,7,34
frame=3,3,407,44,31,39,12,36
frame=3,4,102,532,33,33,12,30
frame=3,5,253,125,22,38,7,30
frame=3,6,120,462,17,34,8,25
frame=3,7,295,317,31,36,17,30
frame=4,0,136,532,33,33,19,30
frame=4,1,95,0,22,41,13,35
frame=4,2,389,44,17,39,7,34
frame=4,3,276,125,31,38,12,35
frame=4,4,170,532,33,33,12,30
frame=4,5,308,125,22,38,7,30
frame=4,6,120,462,17,34,8,25
frame=4,7,327,317,31,36,17,30
frame=5,0,138,462,27,34,15,30
frame=5,1,118,0,19,41,11,36
frame=5,2,56,241,17,37,7,33
frame=5,3,331,125,27,38,10,35
frame=5,4,204,532,27,33,10,30
frame=5,5,359,125,19,38,6,31
frame=5,6,166,462,17,34,8,26
frame=5,7,359,317,27,36,15,31
frame=6,0,184,462,16,34,8,31
frame=6,1,379,125,20,38,10,35
frame=6,2,109,391,17,35,7,33
frame=6,3,387,317,20,36,8,35
frame=6,4,201,462,16,34,6,31
frame=6,5,400,125,20,38,8,34
frame=6,6,127,391,17,35,8,31
frame=6,7,408,317,20,36,10,34
frame=7,0,23,462,12,34,5,32
frame=7,1,449,203,20,37,9,35
frame=7,2,50,532,17,33,7,32
frame=7,3,171,125,20,38,9,36
frame=7,4,36,462,12,34,5,31
frame=7,5,192,125,20,38,9,36
frame=7,6,49,462,17,34,8,33
frame=7,7,470,203,20,37,9,35

[swing3]
frames=8
duration=600ms
type=play_once
hit=150ms
frame=0,0,74,241,21,37,7,34
frame=0,1,138,0,20,41,8,36
frame=0,2,421,125,17,38,7,33
frame=0,3,429,317,23,36,12,33
frame=0,4,453,317,21,36,12,33
frame=0,5,439,44,20,39,10,35
frame=0,6,439,125,17,38,8,35
frame=0,7,475,317,23,36,9,35
frame=1,0,0,354,21,36,7,33
frame=1,1,159,0,19,41,7,36
frame=1,2,457,125,17,38,7,33
frame=1,3,22,354,23,36,12,33
frame=1,4,46,354,21,36,12,33
frame=1,5,460,44,19,39,10,35
frame=1,6,96,241,17,37,8,34
frame=1,7,68,354,23,36,9,34
frame=2,0,218,462,35,34,23,31
frame=2,1,480,44,23,39,15,34
frame=2,2,475,125,17,38,7,34
frame=2,3,0,85,32,39,10,36
frame=2,4,82,566,35,32,10,30
frame=2,5,114,241,23,37,6,29
frame=2,6,138,241,17,37,8,27
frame=2,7,156,241,32,37,20,31
frame=3,0,254,462,35,34,24,30
frame=3,1,33,85,23,39,16,34
frame=3,2,57,85,17,39,7,35
frame=3,3,0,164,33,38,10,36
frame=3,4,118,566,35,32,9,30
frame=3,5,189,241,23,37,5,28
frame=3,6,92,354,17,36,8,26
frame=3,7,213,241,33,37,21,31
frame=4,0,254,462,35,34,24,30
frame=4,1,33,85,23,39,16,34
frame=4,2,57,85,17,39,7,35
frame=4,3,0,164,33,38,10,36
frame=4,4,118,566,35,32,9,30
frame=4,5,189,241,23,37,5,28
frame=4,6,92,354,17,36,8,26
frame=4,7,213,241,33,37,21,31
frame=5,0,145,391,29,35,19,31
frame=5,1,34,164,20,38,13,34
frame=5,2,55,164,17,38,7,34
frame=5,3,73,164,28,38,9,36
frame=5,4,290,462,29,34,8,31
frame=5,5,102,164,20,38,5,30
frame=5,6,247,241,17,37,8,28
frame=5,7,175,391,28,35,17,30
frame=6,0,320,462,16,34,9,31
frame=6,1,265,241,19,37,10,34
frame=6,2,110,354,17,36,7,34
frame=6,3,285,241,19,37,7,36
frame=6,4,337,462,16,34,5,31
frame=6,5,305,241,19,37,7,32
frame=6,6,204,391,17,35,8,31
frame=6,7,325,241,19,37,10,35
frame=7,0,23,462,12,34,5,32
frame=7,1,449,203,20,37,9,35
frame=7,2,50,532,17,33,7,32
frame=7,3,171,125,20,38,9,36
frame=7,4,36,462,12,34,5,31
frame=7,5,192,125,20,38,9,36
frame=7,6,49,462,17,34,8,33
frame=7,7,470,203,20,37,9,35

[hit]
frames=2
duration=300ms
type=play_once
frame=0,0,354,462,12,34,5,32
frame=0,1,345,241,20,37,9,35
frame=0,2,50,532,17,33,7,32
frame=0,3,123,164,20,38,9,36
frame=0,4,367,462,12,34,5,31
frame=0,5,144,164,20,38,9,36
frame=0,6,380,462,17,34,8,33
frame=0,7,165,164,20,38,9,36
frame=1,0,398,462,12,34,5,32
frame=1,1,345,241,20,37,9,35
frame=1,2,232,532,17,33,7,32
frame=1,3,186,164,20,38,9,36
frame=1,4,411,462,12,34,5,31
frame=1,5,207,164,20,38,9,36
frame=1,6,424,462,17,34,8,33
frame=1,7,228,164,20,38,9,36

[block]
frames=2
duration=300ms
type=play_once
frame=0,0,442,462,12,34,5,32
frame=0,1,366,241,20,37,9,35
frame=0,2,50,532,17,33,7,32
frame=0,3,249,164,18,38,9,36
frame=0,4,455,462,12,34,5,31
frame=0,5,268,164,18,38,7,36
frame=0,6,380,462,17,34,8,33
frame=0,7,287,164,20,38,9,36
frame=1,0,468,462,13,34,5,31
frame=1,1,387,241,19,37,8,34
frame=1,2,250,532,17,33,7,31
frame=1,3,128,354,19,36,9,33
frame=1,4,482,462,13,34,6,30
frame=1,5,308,164,19,38,9,35
frame=1,6,268,532,17,33,8,32
frame=1,7,407,241,19,37,8,34

[cast]
frames=6
duration=600ms
type=play_once
hit=300ms
frame=0,0,496,462,12,34,5,31
frame=0,1,427,241,20,37,9,35
frame=0,2,286,532,17,33,7,32
frame=0,3,75,85,20,39,9,36
frame=0,4,304,532,12,33,5,30
frame=0,5,448,241,20,37,9,34
frame=0,6,317,532,17,33,8,32
frame=0,7,469,241,20,37,9,34
frame=1,0,0,497,15,34,8,30
frame=1,1,490,241,21,37,10,34
frame=1,2,154,566,17,32,7,31
frame=1,3,0,279,21,37,9,34
frame=1,4,16,497,15,34,5,30
frame=1,5,148,354,21,36,9,32
frame=1,6,335,532,17,33,8,30
frame=1,7,22,279,21,37,10,33
frame=2,0,32,497,15,34,8,30
frame=2,1,44,279,21,37,10,34
frame=2,2,172,566,17,32,7,31
frame=2,3,66,279,21,37,9,34
frame=2,4,353,532,15,33,5,29
frame=2,5,88,279,21,37,9,33
frame=2,6,369,532,17,33,8,30
frame=2,7,110,279,21,37,10,33
frame=3,0,48,497,15,34,9,32
frame=3,1,170,354,20,36,10,35
frame=3,2,190,566,17,32,7,33
frame=3,3,64,497,19,34,7,35
frame=3,4,84,497,15,34,4,32
frame=3,5,78,44,20,40,8,37
frame=3,6,191,354,17,36,8,33
frame=3,7,328,164,19,38,10,36
frame=4,0,48,497,15,34,9,32
frame=4,1,132,279,20,37,10,36
frame=4,2,190,566,17,32,7,33
frame=4,3,100,497,19,34,7,35
frame=4,4,120,497,15,34,4,32
frame=4,5,99,44,20,40,8,37
frame=4,6,191,354,17,36,8,33
frame=4,7,348,164,19,38,10,36
frame=5,0,23,462,12,34,5,32
frame=5,1,449,203,20,37,9,35
frame=5,2,50,532,17,33,7,32
frame=5,3,171,125,20,38,9,36
frame=5,4,36,462,12,34,5,31
frame=5,5,192,125,20,38,9,36
frame=5,6,49,462,17,34,8,33
frame=5,7,470,203,20,37,9,35

[shoot]
frames=7
duration=700ms
type=play_once
hit=300ms
frame=0,0,153,279,21,37,11,34
frame=0,1,179,0,19,41,8,37
frame=0,2,175,279,17,37,7,34
frame=0,3,222,391,22,35,9,34
frame=0,4,209,354,21,36,8,34
frame=0,5,199,0,19,41,9,37
frame=0,6,368,164,17,38,8,35
frame=0,7,231,354,22,36,11,35
frame=1,0,254,354,21,36,10,33
frame=1,1,219,0,19,41,8,36
frame=1,2,386,164,17,38,7,34
frame=1,3,276,354,23,36,10,34
frame=1,4,245,391,21,35,9,33
frame=1,5,239,0,19,41,9,37
frame=1,6,404,164,17,38,8,35
frame=1,7,300,354,23,36,11,35
frame=2,0,254,354,21,36,10,33
frame=2,1,219,0,19,41,8,36
frame=2,2,386,164,17,38,7,34
frame=2,3,276,354,23,36,10,34
frame=2,4,245,391,21,35,9,33
frame=2,5,239,0,19,41,9,37
frame=2,6,404,164,17,38,8,35
frame=2,7,300,354,23,36,11,35
frame=3,0,193,279,21,37,9,34
frame=3,1,120,44,19,40,7,36
frame=3,2,215,279,17,37,7,33
frame=3,3,267,391,22,35,10,33
frame=3,4,290,391,21,35,10,33
frame=3,5,259,0,19,41,10,37
frame=3,6,422,164,17,38,8,35
frame=3,7,324,354,22,36,10,35
frame=4,0,193,279,21,37,9,34
frame=4,1,120,44,19,40,7,36
frame=4,2,215,279,17,37,7,33
frame=4,3,267,391,22,35,10,33
frame=4,4,290,391,21,35,10,33
frame=4,5,259,0,19,41,10,37
frame=4,6,422,164,17,38,8,35
frame=4,7,324,354,22,36,10,35
frame=5,0,347,354,15,36,6,33
frame=5,1,96,85,19,39,8,36
frame=5,2,312,391,17,35,7,33
frame=5,3,330,391,19,35,9,34
frame=5,4,363,354,15,36,7,33
frame=5,5,233,279,19,37,9,34
frame=5,6,379,354,17,36,8,34
frame=5,7,397,354,19,36,8,35
frame=6,0,23,462,12,34,5,32
frame=6,1,449,203,20,37,9,35
frame=6,2,50,532,17,33,7,32
frame=6,3,171,125,20,38,9,36
frame=6,4,36,462,12,34,5,31
frame=6,5,192,125,20,38,9,36
frame=6,6,49,462,17,34,8,33
frame=6,7,470,203,20,37,9,35

[die]
frames=6
duration=900ms
type=play_once
frame=0,0,136,497,12,34,5,32
frame=0,1,366,241,20,37,9,35
frame=0,2,50,532,17,33,7,32
frame=0,3,123,164,20,38,9,36
frame=0,4,367,462,12,34,5,31
frame=0,5,144,164,20,38,9,36
frame=0,6,380,462,17,34,8,33
frame=0,7,440,164,20,38,9,36
frame=1,0,149,497,17,34,3,33
frame=1,1,167,497,22,34,6,33
frame=1,2,231,599,17,29,7,28
frame=1,3,190,497,20,34,13,32
frame=1,4,211,497,17,34,12,32
frame=1,5,279,0,22,41,14,40
frame=1,6,253,279,17,37,8,38
frame=1,7,116,85,21,39,5,38
frame=2,0,417,354,28,36,1,35
frame=2,1,450,630,28,26,4,25
frame=2,2,285,659,17,18,7,16
frame=2,3,122,630,27,28,22,25
frame=2,4,350,391,28,35,25,33
frame=2,5,0,0,29,43,23,43
frame=2,6,302,0,17,41,8,43
frame=2,7,140,44,28,40,3,41
frame=3,0,249,599,38,29,-2,28
frame=3,1,383,659,26,17,2,14
frame=3,2,410,659,3,3,2,10
frame=3,3,222,659,26,20,22,15
frame=3,4,208,566,38,32,38,28
frame=3,5,138,85,36,39,32,38
frame=3,6,175,85,17,39,8,41
frame=3,7,271,279,35,37,1,38
frame=4,0,303,659,39,18,-6,9
frame=4,1,0,659,34,25,-1,2
frame=4,2,249,659,17,20,7,2
frame=4,3,300,630,38,27,35,4
frame=4,4,140,659,40,22,43,13
frame=4,5,339,630,35,27,36,23
frame=4,6,150,630,17,28,8,27
frame=4,7,35,659,34,25,-3,23
frame=5,0,343,659,39,18,-6,9
frame=5,1,70,659,34,25,-1,2
frame=5,2,267,659,17,20,7,2
frame=5,3,375,630,38,27,35,4
frame=5,4,181,659,40,22,43,13
frame=5,5,414,630,35,27,36,23
frame=5,6,168,630,17,28,8,27
frame=5,7,105,659,34,25,-3,23
