image=custom_gear_longsword_smear.png

[stance]
frames=1
duration=100ms
type=play_once
frame=0,0,146,216,1,1,80,112
frame=0,1,146,216,1,1,80,112
frame=0,2,146,216,1,1,80,112
frame=0,3,146,216,1,1,80,112
frame=0,4,146,216,1,1,80,112
frame=0,5,146,216,1,1,80,112
frame=0,6,146,216,1,1,80,112
frame=0,7,146,216,1,1,80,112

[swing]
frames=8
duration=640ms
type=play_once
frame=0,0,146,216,1,1,80,112
frame=0,1,146,216,1,1,80,112
frame=0,2,146,216,1,1,80,112
frame=0,3,146,216,1,1,80,112
frame=0,4,146,216,1,1,80,112
frame=0,5,146,216,1,1,80,112
frame=0,6,146,216,1,1,80,112
frame=0,7,146,216,1,1,80,112
frame=1,0,146,216,1,1,80,112
frame=1,1,146,216,1,1,80,112
frame=1,2,146,216,1,1,80,112
frame=1,3,146,216,1,1,80,112
frame=1,4,146,216,1,1,80,112
frame=1,5,146,216,1,1,80,112
frame=1,6,146,216,1,1,80,112
frame=1,7,146,216,1,1,80,112
frame=2,0,0,194,105,21,53,36
frame=2,1,0,156,79,37,55,53
frame=2,2,178,94,52,47,55,64
frame=2,3,421,94,90,38,54,69
frame=2,4,80,156,105,35,50,72
frame=2,5,98,94,79,56,22,73
frame=2,6,422,0,52,61,-5,69
frame=2,7,231,94,90,44,34,55
frame=3,0,110,194,72,20,52,56
frame=3,1,350,194,68,16,34,59
frame=3,2,279,156,33,32,-8,61
frame=3,3,313,156,42,32,-7,53
frame=3,4,201,194,72,18,17,33
frame=3,5,356,156,69,25,32,35
frame=3,6,322,94,38,41,39,49
frame=3,7,383,94,37,39,47,55
frame=4,0,146,216,1,1,80,112
frame=4,1,146,216,1,1,80,112
frame=4,2,146,216,1,1,80,112
frame=4,3,146,216,1,1,80,112
frame=4,4,146,216,1,1,80,112
frame=4,5,146,216,1,1,80,112
frame=4,6,146,216,1,1,80,112
frame=4,7,146,216,1,1,80,112
frame=5,0,146,216,1,1,80,112
frame=5,1,146,216,1,1,80,112
frame=5,2,146,216,1,1,80,112
frame=5,3,146,216,1,1,80,112
frame=5,4,146,216,1,1,80,112
frame=5,5,146,216,1,1,80,112
frame=5,6,146,216,1,1,80,112
frame=5,7,146,216,1,1,80,112
frame=6,0,146,216,1,1,80,112
frame=6,1,146,216,1,1,80,112
frame=6,2,146,216,1,1,80,112
frame=6,3,146,216,1,1,80,112
frame=6,4,146,216,1,1,80,112
frame=6,5,146,216,1,1,80,112
frame=6,6,146,216,1,1,80,112
frame=6,7,146,216,1,1,80,112
frame=7,0,146,216,1,1,80,112
frame=7,1,146,216,1,1,80,112
frame=7,2,146,216,1,1,80,112
frame=7,3,146,216,1,1,80,112
frame=7,4,146,216,1,1,80,112
frame=7,5,146,216,1,1,80,112
frame=7,6,146,216,1,1,80,112
frame=7,7,146,216,1,1,80,112

[swing2]
frames=8
duration=680ms
type=play_once
frame=0,0,146,216,1,1,80,112
frame=0,1,146,216,1,1,80,112
frame=0,2,146,216,1,1,80,112
frame=0,3,146,216,1,1,80,112
frame=0,4,146,216,1,1,80,112
frame=0,5,146,216,1,1,80,112
frame=0,6,146,216,1,1,80,112
frame=0,7,146,216,1,1,80,112
frame=1,0,146,216,1,1,80,112
frame=1,1,146,216,1,1,80,112
frame=1,2,146,216,1,1,80,112
frame=1,3,146,216,1,1,80,112
frame=1,4,146,216,1,1,80,112
frame=1,5,146,216,1,1,80,112
frame=1,6,146,216,1,1,80,112
frame=1,7,146,216,1,1,80,112
frame=2,0,242,0,97,70,56,77
frame=2,1,340,0,81,63,54,83
frame=2,2,162,0,21,78,22,94
frame=2,3,184,0,57,74,31,96
frame=2,4,0,94,97,61,39,93
frame=2,5,80,0,81,81,25,91
frame=2,6,0,0,21,93,-3,89
frame=2,7,22,0,57,86,24,82
frame=3,0,62,216,22,13,42,4
frame=3,1,183,194,17,20,44,21
frame=3,2,106,194,3,21,20,35
frame=3,3,274,194,13,17,-4,33
frame=3,4,85,216,21,13,-22,23
frame=3,5,107,216,18,12,-29,11
frame=3,6,142,216,3,2,-19,-10
frame=3,7,126,216,15,12,16,-3
frame=4,0,146,216,1,1,80,112
frame=4,1,146,216,1,1,80,112
frame=4,2,146,216,1,1,80,112
frame=4,3,146,216,1,1,80,112
frame=4,4,146,216,1,1,80,112
frame=4,5,146,216,1,1,80,112
frame=4,6,146,216,1,1,80,112
frame=4,7,146,216,1,1,80,112
frame=5,0,146,216,1,1,80,112
frame=5,1,146,216,1,1,80,112
frame=5,2,146,216,1,1,80,112
frame=5,3,146,216,1,1,80,112
frame=5,4,146,216,1,1,80,112
frame=5,5,146,216,1,1,80,112
frame=5,6,146,216,1,1,80,112
frame=5,7,146,216,1,1,80,112
frame=6,0,146,216,1,1,80,112
frame=6,1,146,216,1,1,80,112
frame=6,2,146,216,1,1,80,112
frame=6,3,146,216,1,1,80,112
frame=6,4,146,216,1,1,80,112
frame=6,5,146,216,1,1,80,112
frame=6,6,146,216,1,1,80,112
frame=6,7,146,216,1,1,80,112
frame=7,0,146,216,1,1,80,112
frame=7,1,146,216,1,1,80,112
frame=7,2,146,216,1,1,80,112
frame=7,3,146,216,1,1,80,112
frame=7,4,146,216,1,1,80,112
frame=7,5,146,216,1,1,80,112
frame=7,6,146,216,1,1,80,112
frame=7,7,146,216,1,1,80,112

[swing3]
frames=8
duration=600ms
type=play_once
frame=0,0,146,216,1,1,80,112
frame=0,1,146,216,1,1,80,112
frame=0,2,146,216,1,1,80,112
frame=0,3,146,216,1,1,80,112
frame=0,4,146,216,1,1,80,112
frame=0,5,146,216,1,1,80,112
frame=0,6,146,216,1,1,80,112
frame=0,7,146,216,1,1,80,112
frame=1,0,146,216,1,1,80,112
frame=1,1,146,216,1,1,80,112
frame=1,2,146,216,1,1,80,112
frame=1,3,146,216,1,1,80,112
frame=1,4,146,216,1,1,80,112
frame=1,5,146,216,1,1,80,112
frame=1,6,146,216,1,1,80,112
frame=1,7,146,216,1,1,80,112
frame=2,0,186,156,45,35,56,54
frame=2,1,361,94,21,41,45,71
frame=2,2,232,156,46,33,32,75
frame=2,3,0,216,61,14,11,64
frame=2,4,466,194,40,15,-18,54
frame=2,5,426,156,21,22,-26,43
frame=2,6,419,194,46,16,12,31
frame=2,7,288,194,61,17,48,32
frame=3,0,146,216,1,1,80,112
frame=3,1,146,216,1,1,80,112
frame=3,2,146,216,1,1,80,112
frame=3,3,146,216,1,1,80,112
frame=3,4,146,216,1,1,80,112
frame=3,5,146,216,1,1,80,112
frame=3,6,146,216,1,1,80,112
frame=3,7,146,216,1,1,80,112
frame=4,0,146,216,1,1,80,112
frame=4,1,146,216,1,1,80,112
frame=4,2,146,216,1,1,80,112
frame=4,3,146,216,1,1,80,112
frame=4,4,146,216,1,1,80,112
frame=4,5,146,216,1,1,80,112
frame=4,6,146,216,1,1,80,112
frame=4,7,146,216,1,1,80,112
frame=5,0,146,216,1,1,80,112
frame=5,1,146,216,1,1,80,112
frame=5,2,146,216,1,1,80,112
frame=5,3,146,216,1,1,80,112
frame=5,4,146,216,1,1,80,112
frame=5,5,146,216,1,1,80,112
frame=5,6,146,216,1,1,80,112
frame=5,7,146,216,1,1,80,112
frame=6,0,146,216,1,1,80,112
frame=6,1,146,216,1,1,80,112
frame=6,2,146,216,1,1,80,112
frame=6,3,146,216,1,1,80,112
frame=6,4,146,216,1,1,80,112
frame=6,5,146,216,1,1,80,112
frame=6,6,146,216,1,1,80,112
frame=6,7,146,216,1,1,80,112
frame=7,0,146,216,1,1,80,112
frame=7,1,146,216,1,1,80,112
frame=7,2,146,216,1,1,80,112
frame=7,3,146,216,1,1,80,112
frame=7,4,146,216,1,1,80,112
frame=7,5,146,216,1,1,80,112
frame=7,6,146,216,1,1,80,112
frame=7,7,146,216,1,1,80,112
