image=custom_gear_longbow.png

[stance]
frames=4
duration=800ms
type=back_forth
frame=0,0,361,83,17,36,22,51
frame=0,1,80,194,14,32,24,56
frame=0,2,17,228,5,30,12,61
frame=0,3,101,429,6,4,3,63
frame=0,4,379,83,17,36,-7,62
frame=0,5,137,0,14,40,-12,57
frame=0,6,152,0,5,40,-9,51
frame=0,7,390,0,14,39,9,49
frame=1,0,368,121,17,35,22,50
frame=1,1,166,194,14,31,24,55
frame=1,2,181,194,5,31,12,61
frame=1,3,108,429,5,4,2,63
frame=1,4,386,121,17,35,-7,61
frame=1,5,405,0,14,39,-12,56
frame=1,6,38,0,5,41,-9,51
frame=1,7,420,0,13,39,8,48
frame=2,0,404,121,17,35,22,51
frame=2,1,187,194,14,31,24,56
frame=2,2,199,228,5,29,12,61
frame=2,3,114,429,6,4,3,63
frame=2,4,422,121,17,35,-7,62
frame=2,5,434,0,14,39,-12,57
frame=2,6,44,0,5,41,-9,52
frame=2,7,158,0,14,40,9,50
frame=3,0,361,83,17,36,22,51
frame=3,1,80,194,14,32,24,56
frame=3,2,23,228,5,30,12,61
frame=3,3,101,429,6,4,3,63
frame=3,4,397,83,17,36,-7,62
frame=3,5,173,0,14,40,-12,57
frame=3,6,152,0,5,40,-9,51
frame=3,7,449,0,14,39,9,49

[run]
frames=10
duration=660ms
type=looped
frame=0,0,415,83,11,36,13,43
frame=0,1,478,43,10,37,19,49
frame=0,2,464,0,6,39,14,56
frame=0,3,401,158,4,33,4,54
frame=0,4,427,83,8,36,-7,56
frame=0,5,436,83,10,36,-11,50
frame=0,6,447,83,6,36,-10,44
frame=0,7,454,83,9,36,1,41
frame=1,0,489,43,11,37,14,43
frame=1,1,501,43,9,37,19,49
frame=1,2,0,83,6,37,14,55
frame=1,3,14,404,5,11,4,58
frame=1,4,7,83,9,37,-7,56
frame=1,5,17,83,9,37,-12,50
frame=1,6,27,83,6,37,-10,44
frame=1,7,34,83,8,37,1,41
frame=2,0,43,83,12,37,18,45
frame=2,1,440,121,10,35,21,51
frame=2,2,451,121,5,35,13,57
frame=2,3,20,404,5,11,3,59
frame=2,4,56,83,12,37,-8,57
frame=2,5,251,43,10,38,-13,51
frame=2,6,471,0,5,39,-10,45
frame=2,7,262,43,10,38,5,42
frame=3,0,464,83,15,36,23,48
frame=3,1,406,158,12,33,24,54
frame=3,2,202,194,6,31,12,59
frame=3,3,68,374,8,14,0,61
frame=3,4,480,83,15,36,-10,58
frame=3,5,477,0,12,39,-14,52
frame=3,6,50,0,6,41,-8,47
frame=3,7,490,0,13,39,10,45
frame=4,0,227,158,19,34,27,50
frame=4,1,205,228,14,29,25,55
frame=4,2,395,228,6,28,11,60
frame=4,3,209,194,16,31,0,62
frame=4,4,0,121,19,36,-10,59
frame=4,5,188,0,14,40,-13,53
frame=4,6,57,0,7,41,-6,48
frame=4,7,0,43,16,39,14,47
frame=5,0,419,158,20,33,29,49
frame=5,1,402,228,14,28,25,55
frame=5,2,130,260,6,26,11,60
frame=5,3,220,228,17,29,-1,61
frame=5,4,457,121,20,35,-11,58
frame=5,5,203,0,14,40,-13,53
frame=5,6,0,0,8,42,-5,48
frame=5,7,273,43,17,38,16,46
frame=6,0,247,158,19,34,27,48
frame=6,1,29,228,14,30,25,54
frame=6,2,417,228,6,28,11,59
frame=6,3,44,228,16,30,0,60
frame=6,4,478,121,19,35,-10,57
frame=6,5,218,0,14,40,-13,52
frame=6,6,65,0,7,41,-6,46
frame=6,7,17,43,16,39,14,45
frame=7,0,20,121,15,36,23,47
frame=7,1,440,158,12,33,24,53
frame=7,2,226,194,6,31,12,58
frame=7,3,77,374,8,14,0,60
frame=7,4,36,121,15,36,-10,57
frame=7,5,34,43,12,39,-14,51
frame=7,6,73,0,6,41,-8,46
frame=7,7,47,43,13,39,10,44
frame=8,0,69,83,12,37,18,46
frame=8,1,498,121,10,35,21,52
frame=8,2,0,158,5,35,13,58
frame=8,3,26,404,5,11,3,60
frame=8,4,52,121,12,36,-8,58
frame=8,5,82,83,10,37,-13,51
frame=8,6,61,43,5,39,-10,46
frame=8,7,291,43,10,38,5,43
frame=9,0,93,83,11,37,14,45
frame=9,1,105,83,9,37,19,51
frame=9,2,115,83,6,37,14,57
frame=9,3,302,43,5,38,4,60
frame=9,4,453,158,9,33,-7,57
frame=9,5,65,121,9,36,-12,51
frame=9,6,75,121,6,36,-10,45
frame=9,7,82,121,8,36,1,42

[swing]
frames=8
duration=640ms
type=play_once
hit=160ms
frame=0,0,462,260,25,25,-5,48
frame=0,1,424,228,14,28,10,47
frame=0,2,194,314,35,20,37,48
frame=0,3,376,417,40,9,45,53
frame=0,4,113,356,24,16,28,64
frame=0,5,138,356,11,16,-1,68
frame=0,6,59,417,35,10,-4,59
frame=0,7,444,374,40,13,-7,51
frame=1,0,86,374,40,14,-4,48
frame=1,1,488,260,23,25,2,47
frame=1,2,485,228,16,27,18,48
frame=1,3,162,336,37,18,41,51
frame=1,4,476,417,35,8,42,57
frame=1,5,417,417,20,9,19,66
frame=1,6,465,314,16,19,-4,67
frame=1,7,438,417,37,9,-6,55
frame=2,0,95,417,38,10,45,43
frame=2,1,261,390,20,12,33,54
frame=2,2,134,417,14,10,15,59
frame=2,3,0,429,37,8,3,57
frame=2,4,230,314,34,20,-13,54
frame=2,5,61,228,20,30,-15,49
frame=2,6,233,194,18,31,1,43
frame=2,7,340,288,37,22,32,40
frame=3,0,32,404,38,11,24,53
frame=3,1,0,390,40,13,14,54
frame=3,2,378,288,19,22,-6,54
frame=3,3,0,288,16,25,-6,51
frame=3,4,359,336,38,17,12,43
frame=3,5,149,417,40,10,24,41
frame=3,6,200,336,22,18,23,47
frame=3,7,190,417,9,10,20,44
frame=4,0,52,429,41,7,21,47
frame=4,1,265,314,31,20,9,53
frame=4,2,137,260,10,26,-4,53
frame=4,3,472,288,30,21,6,47
frame=4,4,71,404,41,11,18,41
frame=4,5,150,356,31,16,20,43
frame=4,6,297,314,9,20,12,48
frame=4,7,182,356,30,16,22,50
frame=5,0,148,260,17,26,26,49
frame=5,1,166,260,30,26,18,58
frame=5,2,38,429,13,8,-6,53
frame=5,3,213,356,11,16,-11,47
frame=5,4,0,314,26,21,-2,44
frame=5,5,252,194,30,31,10,45
frame=5,6,308,43,20,38,17,49
frame=5,7,233,0,11,40,20,55
frame=6,0,80,0,10,41,21,57
frame=6,1,329,43,16,38,20,62
frame=6,2,463,158,16,33,8,62
frame=6,3,197,260,11,26,-7,59
frame=6,4,238,228,10,29,-13,52
frame=6,5,480,158,16,33,-6,48
frame=6,6,122,83,16,37,6,47
frame=6,7,91,0,13,41,16,51
frame=7,0,6,158,17,35,22,51
frame=7,1,283,194,14,31,24,56
frame=7,2,82,228,5,30,12,61
frame=7,3,121,429,6,4,3,63
frame=7,4,91,121,17,36,-7,62
frame=7,5,67,43,14,39,-12,57
frame=7,6,105,0,5,41,-9,52
frame=7,7,82,43,14,39,9,49

[swing2]
frames=8
duration=680ms
type=play_once
hit=170ms
frame=0,0,0,336,39,19,10,66
frame=0,1,200,417,33,10,18,59
frame=0,2,41,390,11,13,17,64
frame=0,3,113,404,25,11,26,68
frame=0,4,290,356,39,15,27,76
frame=0,5,209,260,33,26,13,83
frame=0,6,497,158,11,33,-8,84
frame=0,7,298,194,25,31,-3,77
frame=1,0,249,228,22,29,-10,65
frame=1,1,24,158,23,35,3,62
frame=1,2,245,0,14,40,15,65
frame=1,3,9,0,12,42,25,72
frame=1,4,139,83,22,37,30,78
frame=1,5,88,228,23,30,18,80
frame=1,6,181,288,14,24,-3,77
frame=1,7,196,288,12,24,-15,71
frame=2,0,267,158,26,34,39,41
frame=2,1,243,260,24,26,40,49
frame=2,2,307,314,11,20,19,55
frame=2,3,27,314,15,21,-3,57
frame=2,4,268,260,21,26,-20,51
frame=2,5,109,121,24,36,-18,45
frame=2,6,111,0,11,41,-10,38
frame=2,7,260,0,15,40,16,37
frame=3,0,97,43,10,39,26,38
frame=3,1,108,43,11,39,30,47
frame=3,2,162,83,11,37,19,54
frame=3,3,0,194,8,33,-3,55
frame=3,4,112,228,10,30,-18,46
frame=3,5,294,158,11,34,-21,40
frame=3,6,134,121,11,36,-10,33
frame=3,7,346,43,12,38,10,32
frame=4,0,276,0,11,40,27,39
frame=4,1,359,43,12,38,30,47
frame=4,2,146,121,11,36,19,54
frame=4,3,306,158,8,34,-3,55
frame=4,4,324,194,11,31,-18,47
frame=4,5,48,158,12,35,-20,41
frame=4,6,174,83,11,37,-10,34
frame=4,7,120,43,11,39,10,33
frame=5,0,0,260,34,27,36,36
frame=5,1,398,336,29,17,37,40
frame=5,2,139,404,9,11,17,45
frame=5,3,94,429,6,7,6,48
frame=5,4,319,314,23,20,-15,44
frame=5,5,439,228,26,28,-13,38
frame=5,6,336,194,9,31,-10,31
frame=5,7,158,121,23,36,15,35
frame=6,0,9,194,25,33,29,46
frame=6,1,132,43,19,39,29,57
frame=6,2,22,0,6,42,14,65
frame=6,3,225,356,8,16,-7,65
frame=6,4,95,194,25,32,-6,57
frame=6,5,209,288,19,24,-12,45
frame=6,6,398,288,6,22,-10,38
frame=6,7,17,288,20,25,13,38
frame=7,0,6,158,17,35,22,51
frame=7,1,283,194,14,31,24,56
frame=7,2,82,228,5,30,12,61
frame=7,3,121,429,6,4,3,63
frame=7,4,91,121,17,36,-7,62
frame=7,5,67,43,14,39,-12,57
frame=7,6,105,0,5,41,-9,52
frame=7,7,82,43,14,39,9,49

[swing3]
frames=8
duration=600ms
type=play_once
hit=150ms
frame=0,0,330,356,37,15,15,40
frame=0,1,127,374,41,14,29,41
frame=0,2,258,288,24,23,27,50
frame=0,3,38,288,14,25,19,57
frame=0,4,428,336,37,17,20,56
frame=0,5,234,417,41,10,10,52
frame=0,6,223,336,20,18,-9,49
frame=0,7,43,314,14,21,-7,45
frame=1,0,40,336,35,19,11,40
frame=1,1,276,417,41,10,26,38
frame=1,2,466,336,27,17,27,44
frame=1,3,58,314,10,21,18,52
frame=1,4,169,374,35,14,22,53
frame=1,5,149,404,41,11,13,51
frame=1,6,76,336,21,19,-8,49
frame=1,7,290,260,10,26,-10,48
frame=2,0,69,314,35,21,48,55
frame=2,1,123,228,12,30,25,70
frame=2,2,301,260,26,26,9,72
frame=2,3,205,374,31,14,-14,61
frame=2,4,282,390,34,12,-16,49
frame=2,5,494,336,10,17,-17,40
frame=2,6,368,356,26,15,15,35
frame=2,7,191,404,40,11,43,40
frame=3,0,105,314,34,21,48,55
frame=3,1,466,228,9,28,22,69
frame=3,2,229,288,28,24,8,70
frame=3,3,53,390,34,13,-14,59
frame=3,4,88,390,33,13,-17,47
frame=3,5,244,336,7,18,-17,38
frame=3,6,395,356,28,15,18,34
frame=3,7,232,404,41,11,46,39
frame=4,0,105,314,34,21,48,55
frame=4,1,466,228,9,28,22,69
frame=4,2,229,288,28,24,8,70
frame=4,3,53,390,34,13,-14,59
frame=4,4,88,390,33,13,-17,47
frame=4,5,244,336,7,18,-17,38
frame=4,6,395,356,28,15,18,34
frame=4,7,232,404,41,11,46,39
frame=5,0,136,228,31,30,44,56
frame=5,1,372,43,14,38,26,70
frame=5,2,140,314,15,21,4,74
frame=5,3,283,288,26,23,-13,65
frame=5,4,0,356,31,17,-15,49
frame=5,5,317,390,14,12,-14,37
frame=5,6,332,390,19,12,9,33
frame=5,7,98,336,34,19,37,40
frame=6,0,186,83,12,37,25,54
frame=6,1,387,43,9,38,23,63
frame=6,2,152,43,6,39,10,69
frame=6,3,310,288,9,23,-6,68
frame=6,4,182,121,12,36,-15,61
frame=6,5,61,158,9,35,-16,52
frame=6,6,71,158,6,35,-6,46
frame=6,7,195,121,11,36,13,47
frame=7,0,6,158,17,35,22,51
frame=7,1,283,194,14,31,24,56
frame=7,2,82,228,5,30,12,61
frame=7,3,121,429,6,4,3,63
frame=7,4,91,121,17,36,-7,62
frame=7,5,67,43,14,39,-12,57
frame=7,6,105,0,5,41,-9,52
frame=7,7,82,43,14,39,9,49

[hit]
frames=2
duration=300ms
type=play_once
frame=0,0,78,158,19,35,23,51
frame=0,1,346,194,14,31,24,56
frame=0,2,272,228,5,29,12,61
frame=0,3,128,429,5,4,3,63
frame=0,4,98,158,19,35,-6,62
frame=0,5,288,0,14,40,-12,58
frame=0,6,123,0,5,41,-9,52
frame=0,7,159,43,15,39,9,50
frame=1,0,118,158,19,35,23,51
frame=1,1,361,194,14,31,24,56
frame=1,2,199,228,5,29,12,61
frame=1,3,128,429,5,4,3,63
frame=1,4,138,158,19,35,-6,62
frame=1,5,175,43,14,39,-12,57
frame=1,6,123,0,5,41,-9,52
frame=1,7,303,0,15,40,9,50

[block]
frames=2
duration=300ms
type=play_once
frame=0,0,199,83,14,37,15,50
frame=0,1,315,158,11,34,19,54
frame=0,2,327,158,5,34,12,59
frame=0,3,134,429,3,3,5,54
frame=0,4,207,121,12,36,-5,60
frame=0,5,397,43,11,38,-10,56
frame=0,6,319,0,5,40,-9,52
frame=0,7,190,43,11,39,3,49
frame=1,0,237,374,40,14,32,51
frame=1,1,352,390,30,12,31,56
frame=1,2,32,356,5,17,12,65
frame=1,3,383,390,31,12,13,64
frame=1,4,278,374,40,14,6,62
frame=1,5,53,288,30,25,-3,62
frame=1,6,376,194,5,31,-9,59
frame=1,7,84,288,31,25,16,54

[cast]
frames=6
duration=600ms
type=play_once
hit=300ms
frame=0,0,424,356,40,15,33,50
frame=0,1,35,260,28,27,29,62
frame=0,2,382,194,8,31,12,69
frame=0,3,116,288,33,25,12,67
frame=0,4,122,390,40,13,5,57
frame=0,5,415,390,21,12,-10,49
frame=0,6,319,374,7,14,-6,45
frame=0,7,274,404,33,11,19,43
frame=1,0,327,374,40,14,32,46
frame=1,1,64,260,30,27,30,59
frame=1,2,391,194,7,31,11,66
frame=1,3,328,260,30,26,11,65
frame=1,4,465,356,40,15,6,56
frame=1,5,308,404,22,11,-10,46
frame=1,6,437,390,7,12,-6,42
frame=1,7,331,404,30,11,17,41
frame=2,0,163,390,41,13,33,45
frame=2,1,359,260,30,26,30,58
frame=2,2,168,228,7,30,11,65
frame=2,3,150,288,30,25,11,64
frame=2,4,368,374,41,14,6,54
frame=2,5,362,404,21,11,-11,45
frame=2,6,205,390,7,13,-6,41
frame=2,7,445,390,30,12,17,41
frame=3,0,399,194,31,31,26,61
frame=3,1,343,314,29,20,37,63
frame=3,2,410,374,14,14,28,69
frame=3,3,234,356,17,16,15,76
frame=3,4,405,288,31,22,3,79
frame=3,5,35,194,29,33,-10,77
frame=3,6,325,0,14,40,-16,71
frame=3,7,409,43,17,38,0,64
frame=4,0,278,228,33,29,24,61
frame=4,1,38,356,32,17,37,61
frame=4,2,476,390,15,12,29,67
frame=4,3,213,390,18,13,18,74
frame=4,4,373,314,33,20,7,79
frame=4,5,431,194,32,31,-7,78
frame=4,6,427,43,15,38,-16,72
frame=4,7,214,83,18,37,-2,65
frame=5,0,6,158,17,35,22,51
frame=5,1,283,194,14,31,24,56
frame=5,2,82,228,5,30,12,61
frame=5,3,121,429,6,4,3,63
frame=5,4,91,121,17,36,-7,62
frame=5,5,67,43,14,39,-12,57
frame=5,6,105,0,5,41,-9,52
frame=5,7,82,43,14,39,9,49

[shoot]
frames=7
duration=700ms
type=play_once
hit=300ms
frame=0,0,233,83,8,37,13,55
frame=0,1,242,83,10,37,29,62
frame=0,2,253,83,8,37,28,71
frame=0,3,262,83,5,37,12,78
frame=0,4,333,158,8,34,-7,78
frame=0,5,268,83,10,37,-21,72
frame=0,6,220,121,8,36,-22,62
frame=0,7,279,83,5,37,-9,56
frame=1,0,285,83,9,37,8,56
frame=1,1,229,121,11,36,25,60
frame=1,2,241,121,10,36,29,69
frame=1,3,252,121,5,36,16,77
frame=1,4,342,158,9,34,-1,79
frame=1,5,295,83,11,37,-16,75
frame=1,6,307,83,10,37,-21,66
frame=1,7,443,43,5,38,-13,59
frame=2,0,285,83,9,37,8,56
frame=2,1,229,121,11,36,25,60
frame=2,2,241,121,10,36,29,69
frame=2,3,252,121,5,36,16,77
frame=2,4,352,158,9,34,-1,79
frame=2,5,295,83,11,37,-16,75
frame=2,6,307,83,10,37,-21,66
frame=2,7,443,43,5,38,-13,59
frame=3,0,202,43,16,39,9,63
frame=3,1,362,158,19,34,25,64
frame=3,2,312,228,14,29,28,70
frame=3,3,252,356,6,16,16,77
frame=3,4,176,228,16,30,5,80
frame=3,5,258,121,19,36,-8,79
frame=3,6,340,0,14,40,-16,73
frame=3,7,129,0,7,41,-11,66
frame=4,0,219,43,14,39,9,61
frame=4,1,158,158,16,35,25,63
frame=4,2,121,194,13,32,28,70
frame=4,3,71,356,6,17,16,77
frame=4,4,65,194,14,33,3,80
frame=4,5,278,121,16,36,-11,77
frame=4,6,355,0,13,40,-17,71
frame=4,7,369,0,6,40,-12,64
frame=5,0,384,404,37,11,30,40
frame=5,1,156,314,37,21,39,54
frame=5,2,464,194,19,31,26,67
frame=5,3,484,194,18,31,12,71
frame=5,4,407,314,28,20,-4,64
frame=5,5,422,404,35,11,-6,51
frame=5,6,232,390,19,13,-9,44
frame=5,7,425,374,18,14,4,40
frame=6,0,6,158,17,35,22,51
frame=6,1,283,194,14,31,24,56
frame=6,2,193,228,5,30,12,61
frame=6,3,121,429,6,4,3,63
frame=6,4,91,121,17,36,-7,62
frame=6,5,67,43,14,39,-12,57
frame=6,6,105,0,5,41,-9,52
frame=6,7,82,43,14,39,9,49

[die]
frames=6
duration=900ms
type=play_once
frame=0,0,318,83,12,37,13,48
frame=0,1,449,43,10,38,17,53
frame=0,2,460,43,5,38,12,58
frame=0,3,138,429,1,1,80,112
frame=0,4,295,121,10,36,-5,58
frame=0,5,306,121,10,36,-9,53
frame=0,6,317,121,5,36,-9,48
frame=0,7,175,158,10,35,2,45
frame=1,0,0,228,16,31,10,50
frame=1,1,476,228,8,28,9,51
frame=1,2,252,390,8,13,13,55
frame=1,3,382,158,18,34,11,59
frame=1,4,234,43,16,39,4,62
frame=1,5,29,0,8,42,-3,61
frame=1,6,376,0,13,40,-2,57
frame=1,7,186,158,18,35,5,52
frame=2,0,259,356,30,16,1,46
frame=2,1,492,390,11,12,-1,39
frame=2,2,0,404,13,12,15,40
frame=2,3,437,288,34,22,29,49
frame=2,4,135,194,30,32,27,59
frame=2,5,466,43,11,38,10,66
frame=2,6,323,121,22,36,5,65
frame=2,7,95,260,34,27,3,57
frame=3,0,78,356,34,17,-20,40
frame=3,1,320,288,9,23,-19,31
frame=3,2,133,336,28,19,17,25
frame=3,3,458,404,42,11,48,26
frame=3,4,252,336,34,18,52,44
frame=3,5,330,288,9,23,26,59
frame=3,6,436,314,28,20,9,61
frame=3,7,318,417,42,10,-8,49
frame=4,0,346,121,21,36,-46,28
frame=4,1,331,83,14,37,-31,9
frame=4,2,327,228,33,29,19,-2
frame=4,3,287,336,35,18,58,2
frame=4,4,0,417,21,11,65,17
frame=4,5,361,417,14,10,43,36
frame=4,6,0,374,33,15,12,46
frame=4,7,390,260,35,26,-25,43
frame=5,0,205,158,21,35,-46,27
frame=5,1,346,83,14,37,-31,9
frame=5,2,361,228,33,29,19,-2
frame=5,3,323,336,35,18,58,2
frame=5,4,22,417,21,11,65,17
frame=5,5,44,417,14,11,43,36
frame=5,6,34,374,33,15,12,46
frame=5,7,426,260,35,26,-25,43
