image=custom_gear_mace.png

[stance]
frames=4
duration=800ms
type=back_forth
frame=0,0,448,91,14,26,17,55
frame=0,1,330,119,12,24,20,60
frame=0,2,472,194,9,16,14,65
frame=0,3,167,274,9,9,5,67
frame=0,4,409,62,14,27,-5,66
frame=0,5,149,0,12,30,-10,62
frame=0,6,0,0,9,31,-7,57
frame=0,7,458,0,12,29,5,54
frame=1,0,424,62,14,27,17,55
frame=1,1,108,119,12,25,20,60
frame=1,2,482,194,9,16,14,65
frame=1,3,177,274,9,9,5,67
frame=1,4,439,62,14,27,-5,66
frame=1,5,471,0,12,29,-10,61
frame=1,6,10,0,9,31,-7,56
frame=1,7,484,0,12,29,5,53
frame=2,0,454,62,15,27,17,56
frame=2,1,343,119,13,24,20,60
frame=2,2,492,194,9,16,14,65
frame=2,3,314,261,9,10,6,68
frame=2,4,470,62,15,27,-4,67
frame=2,5,497,0,13,29,-9,62
frame=2,6,162,0,9,30,-7,57
frame=2,7,172,0,13,30,5,55
frame=3,0,448,91,14,26,17,55
frame=3,1,357,119,12,24,20,60
frame=3,2,472,194,9,16,14,65
frame=3,3,167,274,9,9,5,67
frame=3,4,409,62,14,27,-5,66
frame=3,5,149,0,12,30,-10,62
frame=3,6,20,0,9,31,-7,57
frame=3,7,0,32,12,29,5,54

[run]
frames=10
duration=660ms
type=looped
frame=0,0,356,32,9,28,15,48
frame=0,1,366,32,9,28,21,54
frame=0,2,376,32,9,28,16,60
frame=0,3,371,214,9,15,4,63
frame=0,4,386,32,9,28,-8,61
frame=0,5,486,62,9,27,-14,55
frame=0,6,496,62,9,27,-9,49
frame=0,7,0,91,9,27,3,46
frame=1,0,396,32,9,28,15,48
frame=1,1,406,32,9,28,21,54
frame=1,2,416,32,9,28,16,60
frame=1,3,381,214,9,15,4,63
frame=1,4,426,32,9,28,-8,60
frame=1,5,10,91,9,27,-14,54
frame=1,6,20,91,9,27,-9,48
frame=1,7,436,32,9,28,3,46
frame=2,0,446,32,10,28,16,50
frame=2,1,30,91,9,27,20,56
frame=2,2,502,194,9,16,15,61
frame=2,3,187,274,9,9,3,64
frame=2,4,457,32,10,28,-8,61
frame=2,5,468,32,9,28,-13,55
frame=2,6,13,32,9,29,-8,50
frame=2,7,478,32,9,28,4,47
frame=3,0,40,91,13,27,19,53
frame=3,1,121,119,11,25,21,58
frame=3,2,391,214,9,15,14,63
frame=3,3,47,194,11,18,3,65
frame=3,4,488,32,13,28,-8,63
frame=3,5,23,32,11,29,-12,57
frame=3,6,186,0,9,30,-7,52
frame=3,7,35,32,12,29,7,50
frame=4,0,463,91,15,26,21,54
frame=4,1,105,146,13,23,22,59
frame=4,2,0,214,9,16,13,64
frame=4,3,119,146,14,23,2,66
frame=4,4,0,62,15,28,-8,64
frame=4,5,196,0,13,30,-11,58
frame=4,6,30,0,9,31,-6,53
frame=4,7,210,0,14,30,10,52
frame=5,0,479,91,17,26,22,54
frame=5,1,375,146,13,22,22,59
frame=5,2,59,194,10,18,13,64
frame=5,3,134,146,15,23,2,65
frame=5,4,54,91,17,27,-7,63
frame=5,5,225,0,13,30,-11,58
frame=5,6,40,0,10,31,-5,53
frame=5,7,48,32,15,29,11,51
frame=6,0,497,91,15,26,21,53
frame=6,1,150,146,13,23,22,58
frame=6,2,283,194,9,17,13,63
frame=6,3,389,146,13,22,2,64
frame=6,4,72,91,15,27,-8,62
frame=6,5,239,0,13,30,-11,57
frame=6,6,51,0,9,31,-6,52
frame=6,7,64,32,14,29,10,50
frame=7,0,88,91,13,27,19,52
frame=7,1,133,119,11,25,21,57
frame=7,2,401,214,8,15,13,62
frame=7,3,70,194,11,18,3,64
frame=7,4,16,62,13,28,-8,62
frame=7,5,79,32,11,29,-12,56
frame=7,6,253,0,8,30,-7,51
frame=7,7,91,32,12,29,7,49
frame=8,0,30,62,10,28,16,51
frame=8,1,102,91,9,27,20,57
frame=8,2,10,214,9,16,15,62
frame=8,3,197,274,9,9,3,65
frame=8,4,41,62,10,28,-8,62
frame=8,5,52,62,9,28,-13,56
frame=8,6,104,32,9,29,-8,51
frame=8,7,62,62,9,28,4,48
frame=9,0,72,62,9,28,15,50
frame=9,1,82,62,9,28,21,56
frame=9,2,107,171,9,21,16,62
frame=9,3,410,214,9,15,4,64
frame=9,4,92,62,9,28,-8,62
frame=9,5,102,62,9,28,-14,56
frame=9,6,112,62,9,28,-9,50
frame=9,7,112,91,9,27,3,47

[swing]
frames=8
duration=640ms
type=play_once
hit=160ms
frame=0,0,472,171,21,19,-13,39
frame=0,1,403,146,11,22,11,37
frame=0,2,420,214,24,15,42,40
frame=0,3,207,274,26,9,51,51
frame=0,4,334,231,21,13,32,67
frame=0,5,20,214,12,16,-1,71
frame=0,6,64,261,27,11,-17,62
frame=0,7,248,247,31,12,-22,47
frame=1,0,356,231,30,13,-19,44
frame=1,1,332,171,19,20,-6,38
frame=1,2,415,146,13,22,20,39
frame=1,3,172,231,24,14,46,44
frame=1,4,234,274,30,9,47,56
frame=1,5,280,247,16,12,23,69
frame=1,6,33,214,14,16,-8,70
frame=1,7,92,261,28,11,-20,58
frame=2,0,265,274,25,9,50,40
frame=2,1,121,261,13,11,36,57
frame=2,2,324,261,7,10,6,63
frame=2,3,332,261,25,10,-13,57
frame=2,4,48,214,26,16,-26,47
frame=2,5,429,146,16,22,-22,37
frame=2,6,164,146,15,23,4,31
frame=2,7,75,214,25,16,36,31
frame=3,0,291,274,16,9,-3,55
frame=3,1,135,261,21,11,-10,49
frame=3,2,82,194,16,18,-12,46
frame=3,3,494,171,13,19,-3,41
frame=3,4,445,214,29,15,17,38
frame=3,5,308,274,30,9,29,40
frame=3,6,475,214,16,15,26,50
frame=3,7,357,285,1,1,80,112
frame=4,0,339,274,18,9,-7,47
frame=4,1,387,231,22,13,-5,43
frame=4,2,492,214,9,15,-7,38
frame=4,3,293,194,23,17,10,39
frame=4,4,358,274,31,9,23,37
frame=4,5,410,231,25,13,25,45
frame=4,6,99,194,8,18,14,52
frame=4,7,157,261,13,11,1,53
frame=5,0,446,146,18,22,15,64
frame=5,1,436,231,16,13,0,62
frame=5,2,171,261,13,11,-9,56
frame=5,3,453,231,10,13,-9,50
frame=5,4,317,194,20,17,1,47
frame=5,5,370,119,24,24,14,49
frame=5,6,114,32,17,29,20,54
frame=5,7,262,0,11,30,18,60
frame=6,0,274,0,11,30,20,62
frame=6,1,352,171,12,20,13,67
frame=6,2,185,261,9,11,-2,67
frame=6,3,395,119,10,24,-10,63
frame=6,4,180,146,10,23,-11,56
frame=6,5,145,119,14,25,-3,52
frame=6,6,122,62,14,28,9,52
frame=6,7,286,0,10,30,18,56
frame=7,0,122,91,14,27,17,56
frame=7,1,406,119,12,24,20,60
frame=7,2,101,214,9,16,14,65
frame=7,3,390,274,9,9,5,68
frame=7,4,137,91,14,27,-5,66
frame=7,5,297,0,12,30,-10,62
frame=7,6,61,0,9,31,-7,57
frame=7,7,132,32,12,29,5,54

[swing2]
frames=8
duration=680ms
type=play_once
hit=170ms
frame=0,0,111,214,29,16,-5,69
frame=0,1,358,261,26,10,6,61
frame=0,2,195,261,11,11,14,61
frame=0,3,400,274,20,9,30,67
frame=0,4,297,247,29,12,32,78
frame=0,5,117,171,26,21,18,87
frame=0,6,160,119,11,25,-5,88
frame=0,7,419,119,20,24,-12,81
frame=1,0,191,146,18,23,-17,55
frame=1,1,152,91,19,27,-5,49
frame=1,2,71,0,13,31,11,50
frame=1,3,85,0,11,31,27,56
frame=1,4,137,62,18,28,33,64
frame=1,5,210,146,19,23,22,69
frame=1,6,108,194,10,18,-3,69
frame=1,7,365,171,11,20,-18,63
frame=2,0,0,119,20,26,43,29
frame=2,1,144,171,17,21,44,40
frame=2,2,464,231,10,13,21,45
frame=2,3,421,274,7,9,-14,41
frame=2,4,465,146,20,22,-25,43
frame=2,5,172,91,20,27,-26,31
frame=2,6,97,0,11,31,-12,23
frame=2,7,310,0,14,30,19,22
frame=3,0,145,32,8,29,23,23
frame=3,1,440,119,9,24,30,27
frame=3,2,230,146,10,23,21,35
frame=3,3,429,274,6,9,-1,25
frame=3,4,450,119,8,24,-17,36
frame=3,5,21,119,10,26,-22,28
frame=3,6,193,91,11,27,-12,20
frame=3,7,154,32,10,29,6,18
frame=4,0,165,32,9,29,24,23
frame=4,1,175,32,10,29,31,33
frame=4,2,486,146,10,22,21,35
frame=4,3,300,285,6,8,-2,25
frame=4,4,172,119,9,25,-17,37
frame=4,5,32,119,11,26,-22,28
frame=4,6,205,91,11,27,-12,20
frame=4,7,186,32,9,29,6,18
frame=5,0,0,194,23,19,40,24
frame=5,1,327,247,18,12,41,33
frame=5,2,436,274,9,9,19,41
frame=5,3,352,285,4,4,-13,36
frame=5,4,338,194,22,17,-20,38
frame=5,5,459,119,22,24,-21,30
frame=5,6,156,62,10,28,-11,23
frame=5,7,182,119,17,25,19,20
frame=6,0,200,119,21,25,33,50
frame=6,1,325,0,16,30,32,62
frame=6,2,162,171,9,21,14,70
frame=6,3,172,171,11,21,-7,70
frame=6,4,482,119,21,24,-14,61
frame=6,5,377,171,16,20,-18,49
frame=6,6,141,214,9,16,-7,41
frame=6,7,394,171,17,20,16,41
frame=7,0,122,91,14,27,17,56
frame=7,1,406,119,12,24,20,60
frame=7,2,101,214,9,16,14,65
frame=7,3,390,274,9,9,5,68
frame=7,4,137,91,14,27,-5,66
frame=7,5,297,0,12,30,-10,62
frame=7,6,61,0,9,31,-7,57
frame=7,7,132,32,12,29,5,54

[swing3]
frames=8
duration=600ms
type=play_once
hit=150ms
frame=0,0,346,247,26,12,19,35
frame=0,1,385,261,28,10,34,41
frame=0,2,151,214,17,16,31,53
frame=0,3,475,231,10,13,13,60
frame=0,4,486,231,18,13,-3,59
frame=0,5,446,274,30,9,-6,49
frame=0,6,169,214,20,16,-13,44
frame=0,7,361,194,12,17,-4,38
frame=1,0,0,231,24,15,15,33
frame=1,1,477,274,28,9,31,36
frame=1,2,0,247,18,13,31,47
frame=1,3,0,285,10,9,15,55
frame=1,4,414,261,15,10,-2,55
frame=1,5,430,261,30,10,-3,48
frame=1,6,119,194,21,18,-12,44
frame=1,7,184,171,11,21,-7,39
frame=2,0,190,214,23,16,52,59
frame=2,1,24,194,11,19,27,74
frame=2,2,374,194,16,17,-4,75
frame=2,3,19,247,28,13,-22,63
frame=2,4,11,285,26,9,-28,44
frame=2,5,197,231,11,14,-18,34
frame=2,6,373,247,19,12,18,30
frame=2,7,38,285,27,9,48,39
frame=3,0,214,214,23,16,52,59
frame=3,1,36,194,10,19,25,73
frame=3,2,391,194,18,17,-6,74
frame=3,3,393,247,28,12,-25,60
frame=3,4,207,261,25,11,-29,42
frame=3,5,209,231,10,14,-17,31
frame=3,6,48,247,21,13,22,29
frame=3,7,66,285,29,9,51,39
frame=4,0,214,214,23,16,52,59
frame=4,1,36,194,10,19,25,73
frame=4,2,391,194,18,17,-6,74
frame=4,3,393,247,28,12,-25,60
frame=4,4,207,261,25,11,-29,42
frame=4,5,209,231,10,14,-17,31
frame=4,6,48,247,21,13,22,29
frame=4,7,66,285,29,9,51,39
frame=5,0,0,171,22,22,49,60
frame=5,1,241,146,12,23,29,75
frame=5,2,410,194,12,17,-2,78
frame=5,3,196,171,24,21,-20,69
frame=5,4,220,231,25,14,-26,51
frame=5,5,96,285,12,9,-19,37
frame=5,6,109,285,15,9,12,33
frame=5,7,25,231,24,15,42,43
frame=6,0,217,91,10,27,27,58
frame=6,1,196,32,9,29,25,68
frame=6,2,222,119,10,25,11,74
frame=6,3,167,62,9,28,-8,73
frame=6,4,177,62,10,28,-19,66
frame=6,5,44,119,9,26,-18,56
frame=6,6,54,119,10,26,-3,50
frame=6,7,228,91,9,27,15,51
frame=7,0,122,91,14,27,17,56
frame=7,1,406,119,12,24,20,60
frame=7,2,101,214,9,16,14,65
frame=7,3,390,274,9,9,5,68
frame=7,4,137,91,14,27,-5,66
frame=7,5,297,0,12,30,-10,62
frame=7,6,61,0,9,31,-7,57
frame=7,7,132,32,12,29,5,54

[hit]
frames=2
duration=300ms
type=play_once
frame=0,0,238,91,15,27,17,56
frame=0,1,0,146,13,24,20,60
frame=0,2,238,214,9,16,14,65
frame=0,3,125,285,9,9,6,68
frame=0,4,254,91,15,27,-4,67
frame=0,5,206,32,13,29,-9,62
frame=0,6,342,0,9,30,-7,57
frame=0,7,352,0,13,30,5,55
frame=1,0,270,91,15,27,17,56
frame=1,1,0,146,13,24,20,60
frame=1,2,248,214,9,16,14,65
frame=1,3,125,285,9,9,6,68
frame=1,4,286,91,15,27,-4,67
frame=1,5,220,32,13,29,-9,62
frame=1,6,366,0,9,30,-7,57
frame=1,7,376,0,13,30,5,55

[block]
frames=2
duration=300ms
type=play_once
frame=0,0,302,91,11,27,12,54
frame=0,1,65,119,10,26,17,58
frame=0,2,246,231,9,14,14,63
frame=0,3,135,285,10,9,7,66
frame=0,4,188,62,11,28,-3,65
frame=0,5,234,32,10,29,-9,61
frame=0,6,245,32,9,29,-7,56
frame=0,7,255,32,11,29,2,54
frame=1,0,422,247,30,12,17,54
frame=1,1,461,261,23,10,20,54
frame=1,2,70,247,9,13,14,59
frame=1,3,485,261,24,10,17,61
frame=1,4,80,247,30,13,11,65
frame=1,5,221,171,23,21,1,66
frame=1,6,14,146,9,24,-7,63
frame=1,7,412,171,24,20,5,58

[cast]
frames=6
duration=600ms
type=play_once
hit=300ms
frame=0,0,256,231,30,14,18,46
frame=0,1,23,171,22,22,19,53
frame=0,2,24,146,9,24,14,58
frame=0,3,50,231,16,15,16,54
frame=0,4,233,261,30,11,10,54
frame=0,5,317,285,12,7,-9,49
frame=0,6,287,231,9,14,-7,50
frame=0,7,146,285,25,9,7,45
frame=1,0,111,247,30,13,17,43
frame=1,1,245,171,23,21,19,49
frame=1,2,233,119,10,25,13,55
frame=1,3,141,194,17,18,15,53
frame=1,4,142,247,30,13,11,52
frame=1,5,172,285,23,9,2,49
frame=1,6,173,247,8,13,-7,47
frame=1,7,0,274,23,10,6,43
frame=2,0,453,247,31,12,18,42
frame=2,1,437,171,23,20,19,49
frame=2,2,254,146,10,23,13,54
frame=2,3,159,194,18,18,15,53
frame=2,4,0,261,31,12,11,51
frame=2,5,24,274,23,10,2,49
frame=2,6,297,231,9,14,-6,47
frame=2,7,264,261,23,11,6,43
frame=3,0,244,119,24,25,15,66
frame=3,1,178,194,23,18,27,67
frame=3,2,182,247,13,13,24,72
frame=3,3,32,261,14,12,18,78
frame=3,4,202,194,24,18,7,82
frame=3,5,269,119,23,25,-6,81
frame=3,6,390,0,13,30,-13,76
frame=3,7,267,32,15,29,-5,69
frame=4,0,265,146,25,23,12,65
frame=4,1,67,231,25,15,26,64
frame=4,2,48,274,12,10,24,69
frame=4,3,61,274,16,10,21,76
frame=4,4,423,194,25,17,11,82
frame=4,5,34,146,25,24,-3,82
frame=4,6,283,32,13,29,-14,77
frame=4,7,200,62,16,28,-7,70
frame=5,0,122,91,14,27,17,56
frame=5,1,406,119,12,24,20,60
frame=5,2,101,214,9,16,14,65
frame=5,3,390,274,9,9,5,68
frame=5,4,137,91,14,27,-5,66
frame=5,5,297,0,12,30,-10,62
frame=5,6,61,0,9,31,-7,57
frame=5,7,132,32,12,29,5,54

[shoot]
frames=7
duration=700ms
type=play_once
hit=300ms
frame=0,0,217,62,9,28,12,41
frame=0,1,227,62,9,28,26,48
frame=0,2,237,62,9,28,27,57
frame=0,3,247,62,7,28,14,64
frame=0,4,255,62,6,28,-7,65
frame=0,5,262,62,9,28,-19,58
frame=0,6,272,62,9,28,-20,49
frame=0,7,282,62,9,28,-7,42
frame=1,0,292,62,9,28,8,42
frame=1,1,302,62,9,28,24,47
frame=1,2,312,62,9,28,28,56
frame=1,3,314,91,9,27,17,63
frame=1,4,269,171,6,21,-2,66
frame=1,5,322,62,9,28,-17,61
frame=1,6,332,62,9,28,-21,52
frame=1,7,342,62,9,28,-10,44
frame=2,0,292,62,9,28,8,42
frame=2,1,302,62,9,28,24,47
frame=2,2,312,62,9,28,28,56
frame=2,3,314,91,9,27,17,63
frame=2,4,324,91,8,27,-2,66
frame=2,5,322,62,9,28,-17,61
frame=2,6,332,62,9,28,-21,52
frame=2,7,342,62,9,28,-10,44
frame=3,0,297,32,14,29,12,48
frame=3,1,76,119,16,26,28,52
frame=3,2,46,171,13,22,30,59
frame=3,3,60,171,9,22,16,67
frame=3,4,291,146,14,23,0,69
frame=3,5,333,91,16,27,-14,66
frame=3,6,404,0,13,30,-19,58
frame=3,7,109,0,9,31,-9,51
frame=4,0,312,32,12,29,11,46
frame=4,1,93,119,14,26,27,50
frame=4,2,60,146,11,24,29,58
frame=4,3,72,146,8,24,16,66
frame=4,4,293,119,12,25,-1,68
frame=4,5,350,91,14,27,-15,64
frame=4,6,418,0,11,30,-20,56
frame=4,7,119,0,9,31,-9,49
frame=5,0,196,285,28,9,16,39
frame=5,1,227,194,28,18,25,47
frame=5,2,306,146,16,23,20,55
frame=5,3,288,261,8,11,15,47
frame=5,4,258,214,28,16,10,58
frame=5,5,330,285,21,7,-6,50
frame=5,6,78,274,14,10,-8,46
frame=5,7,47,261,16,12,-1,43
frame=6,0,122,91,14,27,17,56
frame=6,1,406,119,12,24,20,60
frame=6,2,287,214,9,16,14,65
frame=6,3,390,274,9,9,5,68
frame=6,4,137,91,14,27,-5,66
frame=6,5,297,0,12,30,-10,62
frame=6,6,129,0,9,31,-7,57
frame=6,7,132,32,12,29,5,54

[die]
frames=6
duration=900ms
type=play_once
frame=0,0,365,91,9,27,14,52
frame=0,1,325,32,9,29,19,58
frame=0,2,335,32,9,29,14,63
frame=0,3,307,285,9,8,3,66
frame=0,4,352,62,9,28,-7,63
frame=0,5,375,91,9,27,-12,58
frame=0,6,81,146,9,24,-7,52
frame=0,7,385,91,9,27,4,50
frame=1,0,91,146,13,24,5,54
frame=1,1,70,171,9,22,10,55
frame=1,2,449,194,11,17,16,59
frame=1,3,93,274,9,10,14,64
frame=1,4,430,0,13,30,6,67
frame=1,5,139,0,9,31,-3,66
frame=1,6,444,0,13,30,-5,62
frame=1,7,395,91,16,27,0,57
frame=2,0,93,231,23,15,-10,49
frame=2,1,225,285,10,9,-4,41
frame=2,2,297,261,16,11,18,43
frame=2,3,256,194,26,18,33,52
frame=2,4,306,119,23,25,31,64
frame=2,5,345,32,10,29,12,71
frame=2,6,362,62,18,28,-2,70
frame=2,7,80,171,26,22,-9,61
frame=3,0,307,231,26,14,-32,35
frame=3,1,461,194,10,17,-21,22
frame=3,2,297,214,22,16,21,19
frame=3,3,103,274,31,10,53,26
frame=3,4,117,231,26,15,56,47
frame=3,5,461,171,10,20,29,63
frame=3,6,320,214,22,16,-1,64
frame=3,7,135,274,31,10,-24,51
frame=4,0,412,91,17,27,-53,14
frame=4,1,381,62,13,28,-28,-5
frame=4,2,323,146,25,23,23,-12
frame=4,3,343,214,27,16,63,-3
frame=4,4,236,285,17,9,68,16
frame=4,5,254,285,13,9,39,36
frame=4,6,196,247,25,13,0,42
frame=4,7,276,171,27,21,-38,34
frame=5,0,430,91,17,27,-53,14
frame=5,1,395,62,13,28,-28,-5
frame=5,2,349,146,25,23,23,-12
frame=5,3,144,231,27,15,63,-4
frame=5,4,268,285,17,9,68,16
frame=5,5,286,285,13,9,39,35
frame=5,6,222,247,25,13,0,42
frame=5,7,304,171,27,21,-38,34
