image=custom_gear_mage_sleeves_alt1.png

[stance]
frames=4
duration=800ms
type=back_forth
frame=0,0,64,270,15,16,18,45
frame=0,1,442,367,10,10,21,44
frame=0,2,355,322,27,14,14,48
frame=0,3,338,380,10,9,-8,39
frame=0,4,470,67,18,24,-2,49
frame=0,5,404,94,29,23,6,45
frame=0,6,80,270,28,16,12,40
frame=0,7,284,212,23,18,16,43
frame=1,0,29,305,15,15,18,44
frame=1,1,453,367,10,10,21,43
frame=1,2,383,322,28,14,14,47
frame=1,3,464,367,10,10,-8,39
frame=1,4,434,94,18,23,-2,48
frame=1,5,29,143,29,22,6,44
frame=1,6,109,270,28,16,12,39
frame=1,7,308,212,23,18,16,43
frame=2,0,45,305,15,15,18,45
frame=2,1,475,367,11,10,21,44
frame=2,2,355,322,27,14,14,48
frame=2,3,164,167,13,21,-5,51
frame=2,4,489,67,19,24,-1,49
frame=2,5,59,143,30,22,7,45
frame=2,6,138,270,28,16,12,40
frame=2,7,122,251,24,17,16,43
frame=3,0,167,270,15,16,18,45
frame=3,1,442,367,10,10,21,44
frame=3,2,355,322,27,14,14,48
frame=3,3,338,380,10,9,-8,39
frame=3,4,470,67,18,24,-2,49
frame=3,5,404,94,29,23,6,45
frame=3,6,183,270,28,16,12,40
frame=3,7,284,212,23,18,16,43

[run]
frames=10
duration=660ms
type=looped
frame=0,0,90,143,21,22,20,43
frame=0,1,349,380,11,9,19,36
frame=0,2,162,391,9,8,15,40
frame=0,3,172,391,8,8,-13,40
frame=0,4,332,212,14,18,-8,43
frame=0,5,178,167,22,21,1,41
frame=0,6,212,270,28,16,11,36
frame=0,7,0,212,30,19,19,38
frame=1,0,201,167,18,21,18,42
frame=1,1,181,391,12,8,20,35
frame=1,2,342,391,4,7,15,39
frame=1,3,194,391,8,8,-12,38
frame=1,4,347,212,13,18,-7,42
frame=1,5,220,167,24,21,2,40
frame=1,6,241,270,28,16,11,35
frame=1,7,361,212,28,18,18,37
frame=2,0,390,212,14,18,17,41
frame=2,1,203,391,10,8,21,37
frame=2,2,298,353,28,12,14,43
frame=2,3,361,380,10,9,-9,36
frame=2,4,112,143,17,22,-2,44
frame=2,5,245,167,28,21,5,40
frame=2,6,61,305,28,15,12,35
frame=2,7,405,212,25,18,17,38
frame=3,0,372,380,15,9,20,35
frame=3,1,388,380,10,9,22,41
frame=3,2,383,391,6,6,-8,35
frame=3,3,487,367,10,10,-5,35
frame=3,4,156,67,24,25,2,46
frame=3,5,274,167,33,21,9,41
frame=3,6,412,322,27,14,12,37
frame=3,7,31,212,19,19,13,41
frame=4,0,399,380,14,9,22,37
frame=4,1,69,367,35,11,22,44
frame=4,2,453,94,21,23,7,50
frame=4,3,363,37,11,26,-1,50
frame=4,4,0,94,30,24,6,46
frame=4,5,431,212,35,18,11,41
frame=4,6,147,251,26,17,12,40
frame=4,7,353,338,14,13,10,36
frame=5,0,327,353,32,12,23,40
frame=5,1,90,305,36,15,22,45
frame=5,2,31,94,22,24,8,50
frame=5,3,202,37,13,27,0,50
frame=5,4,181,67,32,25,7,46
frame=5,5,174,251,36,17,12,40
frame=5,6,211,251,26,17,12,40
frame=5,7,498,367,14,10,11,33
frame=6,0,214,391,14,8,22,35
frame=6,1,105,367,35,11,22,43
frame=6,2,414,380,8,9,-6,34
frame=6,3,216,37,11,27,-1,49
frame=6,4,214,67,30,25,6,45
frame=6,5,467,212,35,18,11,39
frame=6,6,270,270,26,16,12,38
frame=6,7,360,353,14,12,10,34
frame=7,0,423,380,14,9,20,34
frame=7,1,438,380,10,9,22,40
frame=7,2,390,391,6,6,-8,34
frame=7,3,475,94,10,23,-5,47
frame=7,4,245,67,24,25,2,45
frame=7,5,157,190,33,20,9,40
frame=7,6,127,305,27,15,12,37
frame=7,7,51,212,19,19,13,40
frame=8,0,0,232,14,18,17,42
frame=8,1,229,391,10,8,21,38
frame=8,2,375,353,28,12,14,44
frame=8,3,449,380,10,9,-8,37
frame=8,4,130,143,17,22,-2,45
frame=8,5,308,167,28,21,5,41
frame=8,6,155,305,28,15,12,36
frame=8,7,15,232,24,18,16,39
frame=9,0,337,167,18,21,18,44
frame=9,1,460,380,11,9,20,37
frame=9,2,397,391,3,6,15,41
frame=9,3,472,380,8,9,-12,40
frame=9,4,71,212,14,19,-6,44
frame=9,5,356,167,24,21,2,42
frame=9,6,238,251,28,17,11,37
frame=9,7,86,212,28,19,18,39

[swing]
frames=8
duration=640ms
type=play_once
hit=160ms
frame=0,0,191,190,46,20,24,52
frame=0,1,373,0,17,29,9,58
frame=0,2,54,94,40,24,24,57
frame=0,3,368,338,57,13,29,51
frame=0,4,41,37,46,28,20,60
frame=0,5,0,0,13,36,2,63
frame=0,6,207,0,40,30,14,58
frame=0,7,297,270,57,16,26,51
frame=1,0,426,338,53,13,25,50
frame=1,1,375,37,31,26,15,56
frame=1,2,228,37,26,27,14,58
frame=1,3,355,270,52,16,27,52
frame=1,4,381,167,53,21,26,55
frame=1,5,53,0,31,33,14,62
frame=1,6,14,0,27,34,11,61
frame=1,7,0,119,52,23,23,56
frame=2,0,481,380,21,9,30,43
frame=2,1,0,391,11,9,27,52
frame=2,2,148,143,26,22,10,58
frame=2,3,255,37,13,27,-10,57
frame=2,4,391,0,26,29,-6,52
frame=2,5,95,94,33,24,4,43
frame=2,6,267,251,28,17,14,37
frame=2,7,184,305,18,15,21,40
frame=3,0,401,391,4,5,-4,40
frame=3,1,175,143,12,22,-3,52
frame=3,2,269,37,11,27,-7,52
frame=3,3,281,37,16,27,-2,48
frame=3,4,129,94,22,24,6,43
frame=3,5,238,190,20,20,13,41
frame=3,6,296,251,12,17,16,42
frame=3,7,408,270,8,16,16,47
frame=4,0,406,391,5,5,-4,40
frame=4,1,440,322,10,14,-5,43
frame=4,2,40,232,11,18,-6,43
frame=4,3,152,94,14,24,-1,45
frame=4,4,188,143,20,22,7,42
frame=4,5,52,232,18,18,13,40
frame=4,6,417,270,11,16,15,42
frame=4,7,430,391,1,1,80,112
frame=5,0,412,391,6,5,18,45
frame=5,1,0,380,8,10,-5,42
frame=5,2,141,367,9,11,-9,38
frame=5,3,407,37,16,26,-5,48
frame=5,4,167,94,23,24,3,43
frame=5,5,309,251,27,17,12,37
frame=5,6,203,305,19,15,16,39
frame=5,7,404,353,11,12,19,41
frame=6,0,12,391,10,9,20,40
frame=6,1,23,391,28,9,17,46
frame=6,2,240,391,8,8,-8,38
frame=6,3,191,94,11,24,-7,49
frame=6,4,270,67,23,25,1,46
frame=6,5,115,212,28,19,9,40
frame=6,6,223,305,25,15,14,39
frame=6,7,429,270,15,16,16,43
frame=7,0,445,270,15,16,18,45
frame=7,1,9,380,11,10,21,44
frame=7,2,355,322,27,14,14,48
frame=7,3,52,391,10,9,-8,39
frame=7,4,203,94,19,24,-1,49
frame=7,5,209,143,29,22,6,45
frame=7,6,461,270,28,16,12,40
frame=7,7,337,251,23,17,16,43

[swing2]
frames=8
duration=680ms
type=play_once
hit=170ms
frame=0,0,294,67,19,25,5,72
frame=0,1,239,143,24,22,9,70
frame=0,2,451,322,33,14,16,65
frame=0,3,71,232,32,18,18,68
frame=0,4,424,37,19,26,12,73
frame=0,5,314,67,24,25,13,74
frame=0,6,104,232,33,18,15,71
frame=0,7,435,167,32,21,12,72
frame=1,0,468,167,21,21,-4,67
frame=1,1,264,143,25,22,1,63
frame=1,2,0,288,31,16,13,57
frame=1,3,249,305,32,15,23,59
frame=1,4,144,212,22,19,23,65
frame=1,5,167,212,24,19,22,69
frame=1,6,151,367,31,11,16,69
frame=1,7,138,232,31,18,6,70
frame=2,0,223,94,16,24,32,44
frame=2,1,361,251,20,17,32,49
frame=2,2,249,391,7,8,17,49
frame=2,3,63,391,11,9,-21,44
frame=2,4,290,143,15,22,-19,46
frame=2,5,0,190,29,21,-5,36
frame=2,6,282,305,32,15,13,29
frame=2,7,306,143,29,22,30,35
frame=3,0,444,37,14,26,26,40
frame=3,1,480,338,11,13,27,36
frame=3,2,416,353,32,12,17,43
frame=3,3,183,367,11,11,-17,38
frame=3,4,53,119,12,23,-16,41
frame=3,5,336,143,26,22,-3,33
frame=3,6,315,305,32,15,13,26
frame=3,7,66,119,28,23,26,32
frame=4,0,459,37,14,26,26,41
frame=4,1,449,353,11,12,27,36
frame=4,2,195,367,32,11,17,43
frame=4,3,21,380,10,10,-18,38
frame=4,4,95,119,12,23,-16,42
frame=4,5,108,119,26,23,-3,34
frame=4,6,32,288,32,16,13,27
frame=4,7,363,143,28,22,26,32
frame=5,0,240,94,13,24,23,42
frame=5,1,461,353,11,12,26,39
frame=5,2,257,391,31,8,16,43
frame=5,3,32,380,10,10,-16,39
frame=5,4,135,119,13,23,-12,44
frame=5,5,30,190,27,21,-1,36
frame=5,6,348,305,31,15,13,30
frame=5,7,149,119,27,23,24,36
frame=6,0,192,212,14,19,20,45
frame=6,1,289,391,10,8,23,41
frame=6,2,419,391,6,4,-8,39
frame=6,3,75,391,11,9,-10,39
frame=6,4,177,119,17,23,-5,47
frame=6,5,392,143,29,22,4,42
frame=6,6,65,288,28,16,12,37
frame=6,7,259,190,25,20,19,41
frame=7,0,445,270,15,16,18,45
frame=7,1,9,380,11,10,21,44
frame=7,2,355,322,27,14,14,48
frame=7,3,52,391,10,9,-8,39
frame=7,4,203,94,19,24,-1,49
frame=7,5,209,143,29,22,6,45
frame=7,6,461,270,28,16,12,40
frame=7,7,337,251,23,17,16,43

[swing3]
frames=8
duration=600ms
type=play_once
hit=150ms
frame=0,0,195,119,39,23,25,51
frame=0,1,248,0,16,30,15,58
frame=0,2,88,37,31,28,19,59
frame=0,3,0,338,42,14,18,54
frame=0,4,43,380,14,10,-13,46
frame=0,5,285,190,14,20,-3,51
frame=0,6,207,212,31,19,10,48
frame=0,7,0,353,42,13,22,44
frame=1,0,235,119,42,23,25,50
frame=1,1,265,0,21,30,16,57
frame=1,2,287,0,27,30,17,59
frame=1,3,170,232,41,18,19,55
frame=1,4,228,367,39,11,12,47
frame=1,5,212,232,16,18,-2,50
frame=1,6,229,232,27,18,8,48
frame=1,7,43,353,41,13,20,44
frame=2,0,58,380,13,10,34,48
frame=2,1,315,0,28,30,23,59
frame=2,2,85,0,15,33,4,60
frame=2,3,151,0,26,32,-3,57
frame=2,4,339,67,35,25,-1,48
frame=2,5,380,305,29,15,4,39
frame=2,6,268,367,12,11,6,34
frame=2,7,87,391,15,9,27,38
frame=3,0,300,190,35,20,35,48
frame=3,1,178,0,28,32,22,59
frame=3,2,42,0,10,34,-1,61
frame=3,3,344,0,28,30,-3,55
frame=3,4,278,119,36,23,-1,46
frame=3,5,43,338,28,14,4,37
frame=3,6,281,367,13,11,8,33
frame=3,7,103,391,15,9,29,37
frame=4,0,300,190,35,20,35,48
frame=4,1,178,0,28,32,22,59
frame=4,2,42,0,10,34,-1,61
frame=4,3,344,0,28,30,-3,55
frame=4,4,278,119,36,23,-1,46
frame=4,5,43,338,28,14,4,37
frame=4,6,281,367,13,11,8,33
frame=4,7,103,391,15,9,29,37
frame=5,0,72,380,14,10,33,45
frame=5,1,295,367,10,11,23,55
frame=5,2,418,0,18,29,6,57
frame=5,3,437,0,21,29,-5,54
frame=5,4,474,37,34,26,-1,47
frame=5,5,257,232,30,18,5,38
frame=5,6,85,353,18,13,10,34
frame=5,7,119,391,15,9,24,36
frame=6,0,300,391,14,8,24,39
frame=6,1,306,367,10,11,23,48
frame=6,2,422,143,22,22,9,53
frame=6,3,0,67,10,26,-6,53
frame=6,4,375,67,25,25,-1,48
frame=6,5,58,190,31,21,6,42
frame=6,6,410,305,26,15,12,37
frame=6,7,437,305,16,15,14,40
frame=7,0,445,270,15,16,18,45
frame=7,1,9,380,11,10,21,44
frame=7,2,355,322,27,14,14,48
frame=7,3,52,391,10,9,-8,39
frame=7,4,203,94,19,24,-1,49
frame=7,5,209,143,29,22,6,45
frame=7,6,461,270,28,16,12,40
frame=7,7,337,251,23,17,16,43

[hit]
frames=2
duration=300ms
type=play_once
frame=0,0,104,353,16,13,18,43
frame=0,1,87,380,11,10,21,44
frame=0,2,94,288,30,16,14,48
frame=0,3,401,67,13,25,-4,52
frame=0,4,11,67,21,26,1,49
frame=0,5,315,119,32,23,9,45
frame=0,6,454,305,30,15,14,40
frame=0,7,288,232,23,18,15,44
frame=1,0,121,353,16,13,18,43
frame=1,1,87,380,11,10,21,44
frame=1,2,94,288,30,16,14,48
frame=1,3,401,67,13,25,-4,52
frame=1,4,33,67,21,26,1,49
frame=1,5,348,119,32,23,9,45
frame=1,6,0,322,30,15,14,40
frame=1,7,312,232,23,18,15,44

[block]
frames=2
duration=300ms
type=play_once
frame=0,0,135,391,15,9,13,37
frame=0,1,473,353,31,12,18,43
frame=0,2,138,353,8,13,-8,39
frame=0,3,147,353,8,13,-5,36
frame=0,4,55,67,18,26,3,47
frame=0,5,381,119,31,23,11,45
frame=0,6,125,288,30,16,14,41
frame=0,7,336,232,22,18,11,44
frame=1,0,413,119,13,23,16,59
frame=1,1,427,119,21,23,20,63
frame=1,2,31,322,26,15,14,62
frame=1,3,239,212,20,19,2,63
frame=1,4,90,190,13,21,-5,60
frame=1,5,156,288,24,16,2,53
frame=1,6,0,367,26,12,10,49
frame=1,7,260,212,23,19,16,53

[cast]
frames=6
duration=600ms
type=play_once
hit=300ms
frame=0,0,445,143,12,22,17,55
frame=0,1,58,322,10,15,19,53
frame=0,2,99,380,26,10,12,58
frame=0,3,69,322,10,15,-11,53
frame=0,4,458,143,12,22,-7,55
frame=0,5,359,232,24,18,3,49
frame=0,6,126,380,26,10,12,43
frame=0,7,384,232,24,18,19,49
frame=1,0,104,190,12,21,16,52
frame=1,1,156,353,8,13,18,49
frame=1,2,315,391,26,8,12,55
frame=1,3,165,353,9,13,-11,49
frame=1,4,117,190,12,21,-6,52
frame=1,5,181,288,22,16,2,46
frame=1,6,153,380,26,10,12,41
frame=1,7,204,288,22,16,18,46
frame=2,0,130,190,12,21,17,52
frame=2,1,409,232,21,18,19,53
frame=2,2,347,391,26,7,12,54
frame=2,3,431,232,21,18,0,53
frame=2,4,143,190,13,21,-6,52
frame=2,5,382,251,23,17,2,46
frame=2,6,180,380,26,10,12,40
frame=2,7,406,251,23,17,19,46
frame=3,0,101,0,12,33,14,72
frame=3,1,120,37,40,28,27,73
frame=3,2,72,338,52,14,25,66
frame=3,3,161,37,40,28,11,73
frame=3,4,114,0,12,33,-4,72
frame=3,5,254,94,40,24,11,64
frame=3,6,207,380,52,10,25,55
frame=3,7,295,94,40,24,27,64
frame=4,0,127,0,11,33,12,73
frame=4,1,459,0,40,29,25,73
frame=4,2,125,338,54,14,26,66
frame=4,3,0,37,40,29,13,73
frame=4,4,139,0,11,33,-3,73
frame=4,5,74,67,40,26,13,66
frame=4,6,317,367,54,11,26,57
frame=4,7,115,67,40,26,25,66
frame=5,0,445,270,15,16,18,45
frame=5,1,9,380,11,10,21,44
frame=5,2,355,322,27,14,14,48
frame=5,3,52,391,10,9,-8,39
frame=5,4,203,94,19,24,-1,49
frame=5,5,209,143,29,22,6,45
frame=5,6,461,270,28,16,12,40
frame=5,7,337,251,23,17,16,43

[shoot]
frames=7
duration=700ms
type=play_once
hit=300ms
frame=0,0,415,67,28,25,26,58
frame=0,1,298,37,24,27,26,65
frame=0,2,471,143,38,22,26,67
frame=0,3,227,288,38,16,13,63
frame=0,4,336,94,26,24,-2,64
frame=0,5,0,167,24,22,-4,57
frame=0,6,80,322,38,15,10,50
frame=0,7,266,288,38,16,23,49
frame=1,0,323,37,19,27,13,60
frame=1,1,444,67,25,25,22,62
frame=1,2,453,232,36,18,27,61
frame=1,3,305,288,31,16,17,63
frame=1,4,25,167,18,22,3,65
frame=1,5,336,190,25,20,1,60
frame=1,6,119,322,36,15,7,54
frame=1,7,44,167,31,22,12,57
frame=2,0,343,37,19,27,13,60
frame=2,1,363,94,25,24,22,61
frame=2,2,430,251,36,17,27,60
frame=2,3,156,322,30,15,17,63
frame=2,4,76,167,18,22,3,65
frame=2,5,362,190,26,20,2,60
frame=2,6,180,338,36,14,7,54
frame=2,7,95,167,30,22,11,57
frame=3,0,372,367,16,11,9,50
frame=3,1,175,353,20,13,20,53
frame=3,2,196,353,24,13,24,59
frame=3,3,0,251,25,18,17,66
frame=3,4,449,119,16,23,5,69
frame=3,5,466,119,20,23,-2,65
frame=3,6,467,251,27,17,1,57
frame=3,7,260,380,25,10,6,50
frame=4,0,27,367,14,12,7,49
frame=4,1,389,367,21,11,21,50
frame=4,2,217,338,25,14,25,58
frame=4,3,26,251,23,18,16,65
frame=4,4,126,167,14,22,5,67
frame=4,5,141,167,22,22,-1,63
frame=4,6,337,288,28,16,1,55
frame=4,7,286,380,23,10,5,49
frame=5,0,187,322,15,15,16,47
frame=5,1,243,338,24,14,25,50
frame=5,2,42,367,11,12,21,55
frame=5,3,50,251,24,18,9,59
frame=5,4,389,94,14,24,-4,58
frame=5,5,389,190,27,20,0,51
frame=5,6,366,288,31,16,8,45
frame=5,7,221,353,25,13,13,43
frame=6,0,445,270,15,16,18,45
frame=6,1,9,380,11,10,21,44
frame=6,2,355,322,27,14,14,48
frame=6,3,52,391,10,9,-8,39
frame=6,4,203,94,19,24,-1,49
frame=6,5,209,143,29,22,6,45
frame=6,6,461,270,28,16,12,40
frame=6,7,337,251,23,17,16,43

[die]
frames=6
duration=900ms
type=play_once
frame=0,0,75,251,14,18,12,43
frame=0,1,151,391,10,9,17,39
frame=0,2,374,391,8,7,-8,39
frame=0,3,411,367,10,11,-7,38
frame=0,4,487,119,15,23,1,46
frame=0,5,0,143,28,23,9,45
frame=0,6,203,322,30,15,14,40
frame=0,7,417,190,26,20,15,44
frame=1,0,234,322,15,15,6,46
frame=1,1,310,380,9,10,10,41
frame=1,2,426,391,3,3,-8,34
frame=1,3,398,288,12,16,1,45
frame=1,4,444,190,15,20,7,48
frame=1,5,460,190,24,20,12,48
frame=1,6,411,288,24,16,11,46
frame=1,7,436,288,23,16,9,47
frame=2,0,54,367,14,12,-10,43
frame=2,1,247,353,14,13,-3,38
frame=2,2,320,380,17,10,9,38
frame=2,3,90,251,16,18,18,41
frame=2,4,107,251,14,18,22,47
frame=2,5,250,322,20,15,21,51
frame=2,6,262,353,19,13,8,52
frame=2,7,422,367,19,11,-4,49
frame=3,0,268,338,14,14,-30,36
frame=3,1,271,322,14,15,-20,24
frame=3,2,286,322,15,15,7,20
frame=3,3,495,251,15,17,34,26
frame=3,4,0,270,14,17,42,39
frame=3,5,460,288,15,16,33,51
frame=3,6,283,338,15,14,6,55
frame=3,7,282,353,15,13,-21,49
frame=4,0,302,322,12,15,-48,14
frame=4,1,299,338,11,14,-32,-5
frame=4,2,311,338,14,14,7,-12
frame=4,3,476,288,13,16,44,-3
frame=4,4,15,270,12,17,58,17
frame=4,5,28,270,11,17,41,36
frame=4,6,490,288,14,16,5,43
frame=4,7,315,322,13,15,-33,34
frame=5,0,329,322,11,15,-49,14
frame=5,1,326,338,11,14,-32,-5
frame=5,2,338,338,14,14,7,-12
frame=5,3,0,305,13,16,44,-3
frame=5,4,40,270,11,17,58,17
frame=5,5,52,270,11,17,41,36
frame=5,6,14,305,14,16,5,43
frame=5,7,341,322,13,15,-33,34
