image=custom_gear_mage_boots_alt1.png

[stance]
frames=4
duration=800ms
type=back_forth
frame=0,0,182,351,12,16,7,10
frame=0,1,103,271,17,19,9,13
frame=0,2,244,332,16,17,7,13
frame=0,3,110,312,17,18,6,13
frame=0,4,195,351,12,16,3,10
frame=0,5,206,207,17,20,6,13
frame=0,6,121,271,16,19,7,13
frame=0,7,224,207,17,20,9,13
frame=1,0,208,351,12,16,7,10
frame=1,1,138,271,17,19,9,13
frame=1,2,221,351,16,16,7,12
frame=1,3,156,271,17,19,6,13
frame=1,4,238,351,12,16,3,10
frame=1,5,242,207,17,20,6,13
frame=1,6,174,271,16,19,7,13
frame=1,7,260,207,17,20,9,13
frame=2,0,251,351,12,16,7,10
frame=2,1,128,312,17,18,9,13
frame=2,2,261,332,16,17,7,13
frame=2,3,146,312,17,18,6,13
frame=2,4,264,351,12,16,3,10
frame=2,5,278,207,17,20,6,13
frame=2,6,191,271,16,19,7,13
frame=2,7,296,207,17,20,9,13
frame=3,0,182,351,12,16,7,10
frame=3,1,103,271,17,19,9,13
frame=3,2,278,332,16,17,7,13
frame=3,3,110,312,17,18,6,13
frame=3,4,277,351,12,16,3,10
frame=3,5,206,207,17,20,6,13
frame=3,6,208,271,16,19,7,13
frame=3,7,314,207,17,20,9,13

[run]
frames=10
duration=660ms
type=looped
frame=0,0,401,63,37,24,23,18
frame=0,1,332,207,36,20,21,18
frame=0,2,201,162,16,21,7,18
frame=0,3,369,207,26,20,8,16
frame=0,4,295,332,37,17,12,15
frame=0,5,192,90,36,23,13,15
frame=0,6,218,162,15,21,6,10
frame=0,7,34,34,26,27,16,17
frame=1,0,120,63,18,25,10,18
frame=1,1,139,63,21,25,11,21
frame=1,2,251,115,16,22,7,20
frame=1,3,396,207,17,20,5,18
frame=1,4,414,207,18,20,6,16
frame=1,5,234,162,21,21,8,14
frame=1,6,164,312,16,18,7,10
frame=1,7,229,90,13,23,6,14
frame=2,0,253,0,28,28,13,20
frame=2,1,156,0,19,30,8,20
frame=2,2,34,0,16,32,7,23
frame=2,3,61,34,29,27,14,20
frame=2,4,268,115,27,22,13,17
frame=2,5,181,312,18,18,9,14
frame=2,6,472,351,16,15,7,12
frame=2,7,256,162,28,21,12,16
frame=3,0,439,63,38,24,17,18
frame=3,1,68,0,26,31,11,21
frame=3,2,0,0,16,33,7,23
frame=3,3,91,34,36,27,18,20
frame=3,4,225,271,38,19,19,16
frame=3,5,161,63,26,25,13,18
frame=3,6,285,162,16,21,7,14
frame=3,7,302,162,36,21,16,16
frame=4,0,433,207,40,20,21,17
frame=4,1,282,0,27,28,14,21
frame=4,2,310,0,16,28,7,21
frame=4,3,296,115,37,22,16,18
frame=4,4,339,162,40,21,17,18
frame=4,5,128,34,27,27,11,18
frame=4,6,380,162,15,21,7,11
frame=4,7,243,90,37,23,19,16
frame=5,0,333,332,37,17,23,15
frame=5,1,474,207,26,20,16,16
frame=5,2,396,162,16,21,7,18
frame=5,3,0,229,35,20,13,18
frame=5,4,188,63,37,25,12,19
frame=5,5,156,34,26,27,8,17
frame=5,6,36,229,15,20,7,9
frame=5,7,281,90,35,23,20,15
frame=6,0,52,229,18,20,10,16
frame=6,1,71,229,17,20,10,18
frame=6,2,334,115,16,22,7,20
frame=6,3,226,63,22,25,9,21
frame=6,4,249,63,18,25,6,18
frame=6,5,317,90,13,23,5,14
frame=6,6,200,312,16,18,7,10
frame=6,7,413,162,22,21,11,14
frame=7,0,351,115,28,22,13,17
frame=7,1,183,34,27,27,12,20
frame=7,2,51,0,16,32,7,23
frame=7,3,176,0,19,30,9,20
frame=7,4,327,0,28,28,13,20
frame=7,5,89,229,27,20,13,15
frame=7,6,489,351,16,15,7,12
frame=7,7,264,271,19,19,8,15
frame=8,0,284,271,38,19,17,16
frame=8,1,211,34,36,27,16,20
frame=8,2,17,0,16,33,7,23
frame=8,3,95,0,26,31,13,21
frame=8,4,0,90,38,24,19,18
frame=8,5,436,162,36,21,18,16
frame=8,6,473,162,16,21,7,14
frame=8,7,268,63,26,25,11,18
frame=9,0,380,115,40,22,21,18
frame=9,1,0,185,37,21,19,17
frame=9,2,356,0,16,28,7,21
frame=9,3,248,34,27,27,11,20
frame=9,4,117,229,40,20,17,17
frame=9,5,331,90,37,23,16,16
frame=9,6,421,115,15,22,6,12
frame=9,7,276,34,27,27,14,18

[swing]
frames=8
duration=640ms
type=play_once
hit=160ms
frame=0,0,437,115,25,22,13,15
frame=0,1,369,90,16,23,8,15
frame=0,2,463,115,16,22,7,15
frame=0,3,217,312,26,18,11,13
frame=0,4,323,271,25,19,10,13
frame=0,5,386,90,16,23,6,15
frame=0,6,403,90,16,23,7,15
frame=0,7,244,312,26,18,13,12
frame=1,0,480,115,25,22,13,15
frame=1,1,0,139,16,22,8,14
frame=1,2,420,90,16,23,7,15
frame=1,3,271,312,26,18,11,12
frame=1,4,158,229,25,20,10,14
frame=1,5,39,90,16,24,6,15
frame=1,6,437,90,16,23,7,15
frame=1,7,298,312,26,18,13,12
frame=2,0,17,139,33,22,21,14
frame=2,1,427,34,22,26,14,18
frame=2,2,304,34,16,27,7,20
frame=2,3,38,185,32,21,11,16
frame=2,4,349,271,33,19,10,14
frame=2,5,56,90,22,24,6,13
frame=2,6,450,34,16,26,7,14
frame=2,7,184,229,32,20,19,11
frame=3,0,454,90,33,23,22,15
frame=3,1,467,34,22,26,15,18
frame=3,2,321,34,16,27,7,20
frame=3,3,71,185,31,21,10,16
frame=3,4,383,271,33,19,9,14
frame=3,5,490,34,22,26,5,14
frame=3,6,0,63,16,26,7,13
frame=3,7,103,185,31,21,19,12
frame=4,0,454,90,33,23,22,15
frame=4,1,467,34,22,26,15,18
frame=4,2,321,34,16,27,7,20
frame=4,3,71,185,31,21,10,16
frame=4,4,383,271,33,19,9,14
frame=4,5,490,34,22,26,5,14
frame=4,6,0,63,16,26,7,13
frame=4,7,103,185,31,21,19,12
frame=5,0,454,90,33,23,22,15
frame=5,1,467,34,22,26,15,18
frame=5,2,321,34,16,27,7,20
frame=5,3,71,185,31,21,10,16
frame=5,4,383,271,33,19,9,14
frame=5,5,490,34,22,26,5,14
frame=5,6,0,63,16,26,7,13
frame=5,7,103,185,31,21,19,12
frame=6,0,217,229,23,20,15,13
frame=6,1,135,185,15,21,10,14
frame=6,2,51,139,16,22,7,16
frame=6,3,371,332,24,17,8,13
frame=6,4,241,229,23,20,6,14
frame=6,5,488,90,15,23,3,13
frame=6,6,0,115,16,23,7,13
frame=6,7,417,271,24,19,14,12
frame=7,0,251,351,12,16,7,10
frame=7,1,128,312,17,18,9,13
frame=7,2,396,332,16,17,7,13
frame=7,3,325,312,17,18,6,13
frame=7,4,0,369,12,15,3,10
frame=7,5,265,229,17,20,6,13
frame=7,6,191,271,16,19,7,13
frame=7,7,296,207,17,20,9,13

[swing2]
frames=8
duration=680ms
type=play_once
hit=170ms
frame=0,0,283,229,19,20,13,15
frame=0,1,442,271,15,19,9,14
frame=0,2,458,271,16,19,7,15
frame=0,3,290,351,21,16,6,13
frame=0,4,475,271,19,19,4,14
frame=0,5,151,185,15,21,4,14
frame=0,6,167,185,16,21,7,14
frame=0,7,0,292,21,19,13,13
frame=1,0,303,229,19,20,12,15
frame=1,1,323,229,14,20,8,15
frame=1,2,343,312,16,18,7,15
frame=1,3,360,312,22,18,7,15
frame=1,4,338,229,19,20,5,15
frame=1,5,184,185,14,21,4,14
frame=1,6,358,229,16,20,7,14
frame=1,7,375,229,22,20,13,14
frame=2,0,68,139,38,22,23,14
frame=2,1,338,34,27,27,16,18
frame=2,2,373,0,16,28,7,20
frame=2,3,17,115,36,23,14,16
frame=2,4,398,229,38,20,13,14
frame=2,5,390,0,27,28,9,16
frame=2,6,418,0,16,28,7,14
frame=2,7,54,115,36,23,20,13
frame=3,0,107,139,39,22,24,14
frame=3,1,366,34,26,27,16,18
frame=3,2,435,0,16,28,7,20
frame=3,3,91,115,36,23,13,16
frame=3,4,437,229,39,20,13,14
frame=3,5,452,0,26,28,8,15
frame=3,6,393,34,16,27,7,13
frame=3,7,147,139,36,22,21,12
frame=4,0,107,139,39,22,24,14
frame=4,1,366,34,26,27,16,18
frame=4,2,435,0,16,28,7,20
frame=4,3,91,115,36,23,13,16
frame=4,4,437,229,39,20,13,14
frame=4,5,452,0,26,28,8,15
frame=4,6,393,34,16,27,7,13
frame=4,7,147,139,36,22,21,12
frame=5,0,184,139,32,22,20,14
frame=5,1,295,63,21,25,13,17
frame=5,2,17,63,16,26,7,18
frame=5,3,477,229,31,20,11,14
frame=5,4,22,292,32,19,10,13
frame=5,5,317,63,21,25,6,13
frame=5,6,34,63,16,26,7,13
frame=5,7,0,250,31,20,18,11
frame=6,0,32,250,20,20,12,13
frame=6,1,199,185,13,21,8,14
frame=6,2,55,292,16,19,7,14
frame=6,3,413,332,22,17,8,13
frame=6,4,53,250,20,20,6,14
frame=6,5,217,139,13,22,3,13
frame=6,6,231,139,16,22,7,13
frame=6,7,72,292,22,19,12,12
frame=7,0,251,351,12,16,7,10
frame=7,1,128,312,17,18,9,13
frame=7,2,396,332,16,17,7,13
frame=7,3,325,312,17,18,6,13
frame=7,4,0,369,12,15,3,10
frame=7,5,265,229,17,20,6,13
frame=7,6,191,271,16,19,7,13
frame=7,7,296,207,17,20,9,13

[swing3]
frames=8
duration=600ms
type=play_once
hit=150ms
frame=0,0,213,185,26,21,12,14
frame=0,1,240,185,17,21,8,12
frame=0,2,248,139,16,22,7,14
frame=0,3,383,312,26,18,12,12
frame=0,4,258,185,26,21,12,15
frame=0,5,128,115,17,23,7,15
frame=0,6,79,90,16,24,7,16
frame=0,7,95,292,26,19,12,13
frame=1,0,74,250,26,20,12,13
frame=1,1,265,139,17,22,7,13
frame=1,2,283,139,16,22,7,13
frame=1,3,436,332,27,17,13,11
frame=1,4,285,185,26,21,12,14
frame=1,5,312,185,17,21,8,13
frame=1,6,96,90,16,24,7,16
frame=1,7,122,292,27,19,12,13
frame=2,0,300,139,40,22,27,14
frame=2,1,196,0,28,29,19,21
frame=2,2,122,0,16,31,7,23
frame=2,3,339,63,37,25,12,19
frame=2,4,150,292,40,19,11,14
frame=2,5,479,0,28,28,7,15
frame=2,6,0,34,16,28,7,13
frame=2,7,341,139,37,22,23,12
frame=3,0,113,90,40,24,28,15
frame=3,1,225,0,27,29,19,21
frame=3,2,139,0,16,31,7,23
frame=3,3,154,90,37,24,11,18
frame=3,4,191,292,40,19,10,14
frame=3,5,51,63,27,26,6,13
frame=3,6,17,34,16,28,7,13
frame=3,7,379,139,37,22,24,11
frame=4,0,113,90,40,24,28,15
frame=4,1,225,0,27,29,19,21
frame=4,2,139,0,16,31,7,23
frame=4,3,154,90,37,24,11,18
frame=4,4,191,292,40,19,10,14
frame=4,5,51,63,27,26,6,13
frame=4,6,17,34,16,28,7,13
frame=4,7,379,139,37,22,24,11
frame=5,0,330,185,33,21,23,13
frame=5,1,79,63,23,26,16,18
frame=5,2,410,34,16,27,7,20
frame=5,3,364,185,32,21,10,16
frame=5,4,101,250,33,20,8,14
frame=5,5,377,63,23,25,5,12
frame=5,6,103,63,16,26,7,12
frame=5,7,135,250,32,20,20,10
frame=6,0,397,185,20,21,13,14
frame=6,1,418,185,13,21,8,14
frame=6,2,168,250,16,20,7,15
frame=6,3,464,332,22,17,7,13
frame=6,4,185,250,20,20,5,14
frame=6,5,432,185,13,21,3,12
frame=6,6,417,139,16,22,7,13
frame=6,7,232,292,22,19,13,11
frame=7,0,251,351,12,16,7,10
frame=7,1,128,312,17,18,9,13
frame=7,2,396,332,16,17,7,13
frame=7,3,325,312,17,18,6,13
frame=7,4,0,369,12,15,3,10
frame=7,5,265,229,17,20,6,13
frame=7,6,191,271,16,19,7,13
frame=7,7,296,207,17,20,9,13

[hit]
frames=2
duration=300ms
type=play_once
frame=0,0,251,351,12,16,7,10
frame=0,1,128,312,17,18,9,13
frame=0,2,396,332,16,17,7,13
frame=0,3,325,312,17,18,6,13
frame=0,4,0,369,12,15,3,10
frame=0,5,265,229,17,20,6,13
frame=0,6,191,271,16,19,7,13
frame=0,7,296,207,17,20,9,13
frame=1,0,312,351,12,16,7,10
frame=1,1,410,312,17,18,9,13
frame=1,2,487,332,16,17,7,13
frame=1,3,428,312,17,18,6,13
frame=1,4,13,369,12,15,3,10
frame=1,5,206,250,17,20,6,13
frame=1,6,255,292,16,19,7,13
frame=1,7,224,250,17,20,9,13

[block]
frames=2
duration=300ms
type=play_once
frame=0,0,251,351,12,16,7,10
frame=0,1,128,312,17,18,9,13
frame=0,2,396,332,16,17,7,13
frame=0,3,325,312,17,18,6,13
frame=0,4,0,369,12,15,3,10
frame=0,5,265,229,17,20,6,13
frame=0,6,191,271,16,19,7,13
frame=0,7,296,207,17,20,9,13
frame=1,0,325,351,13,16,7,9
frame=1,1,272,292,18,19,9,12
frame=1,2,0,351,16,17,7,12
frame=1,3,446,312,17,18,6,12
frame=1,4,26,369,13,15,4,9
frame=1,5,242,250,18,20,7,12
frame=1,6,291,292,16,19,7,12
frame=1,7,446,185,17,21,9,13

[cast]
frames=6
duration=600ms
type=play_once
hit=300ms
frame=0,0,40,369,12,15,7,9
frame=0,1,308,292,17,19,9,13
frame=0,2,339,351,16,16,7,12
frame=0,3,326,292,17,19,6,13
frame=0,4,53,369,12,15,3,9
frame=0,5,464,185,17,21,6,13
frame=0,6,344,292,16,19,7,12
frame=0,7,482,185,17,21,9,13
frame=1,0,434,139,12,22,7,14
frame=1,1,261,250,17,20,9,14
frame=1,2,464,312,16,18,7,13
frame=1,3,279,250,17,20,6,14
frame=1,4,447,139,12,22,3,14
frame=1,5,361,292,17,19,6,10
frame=1,6,379,292,16,19,7,11
frame=1,7,396,292,17,19,9,10
frame=2,0,460,139,12,22,7,14
frame=2,1,297,250,17,20,9,14
frame=2,2,481,312,16,18,7,13
frame=2,3,315,250,17,20,6,14
frame=2,4,473,139,12,22,3,14
frame=2,5,0,332,17,18,6,9
frame=2,6,18,332,16,18,7,10
frame=2,7,35,332,17,18,9,9
frame=3,0,0,207,18,21,14,16
frame=3,1,333,250,14,20,10,16
frame=3,2,414,292,16,19,7,17
frame=3,3,17,351,21,17,5,15
frame=3,4,348,250,18,20,2,15
frame=3,5,19,207,14,21,2,13
frame=3,6,34,207,16,21,7,13
frame=3,7,367,250,21,20,14,13
frame=4,0,0,207,18,21,14,16
frame=4,1,333,250,14,20,10,16
frame=4,2,414,292,16,19,7,17
frame=4,3,17,351,21,17,5,15
frame=4,4,348,250,18,20,2,15
frame=4,5,19,207,14,21,2,13
frame=4,6,34,207,16,21,7,13
frame=4,7,367,250,21,20,14,13
frame=5,0,251,351,12,16,7,10
frame=5,1,128,312,17,18,9,13
frame=5,2,396,332,16,17,7,13
frame=5,3,325,312,17,18,6,13
frame=5,4,0,369,12,15,3,10
frame=5,5,265,229,17,20,6,13
frame=5,6,191,271,16,19,7,13
frame=5,7,296,207,17,20,9,13

[shoot]
frames=7
duration=700ms
type=play_once
hit=300ms
frame=0,0,51,207,25,21,15,15
frame=0,1,146,115,17,23,10,16
frame=0,2,486,139,16,22,7,16
frame=0,3,431,292,27,19,10,14
frame=0,4,389,250,25,20,8,15
frame=0,5,0,162,17,22,5,14
frame=0,6,164,115,16,23,7,15
frame=0,7,53,332,27,18,15,12
frame=1,0,18,162,26,22,15,15
frame=1,1,181,115,17,23,10,15
frame=1,2,45,162,16,22,7,15
frame=1,3,39,351,26,17,10,12
frame=1,4,77,207,26,21,9,15
frame=1,5,62,162,17,22,5,14
frame=1,6,199,115,16,23,7,15
frame=1,7,81,332,26,18,14,12
frame=2,0,18,162,26,22,15,15
frame=2,1,181,115,17,23,10,15
frame=2,2,45,162,16,22,7,15
frame=2,3,39,351,26,17,10,12
frame=2,4,77,207,26,21,9,15
frame=2,5,62,162,17,22,5,14
frame=2,6,199,115,16,23,7,15
frame=2,7,81,332,26,18,14,12
frame=3,0,80,162,26,22,14,15
frame=3,1,216,115,17,23,9,15
frame=3,2,107,162,16,22,7,15
frame=3,3,108,332,27,18,11,13
frame=3,4,104,207,26,21,10,15
frame=3,5,124,162,17,22,6,14
frame=3,6,234,115,16,23,7,15
frame=3,7,136,332,27,18,14,12
frame=4,0,80,162,26,22,14,15
frame=4,1,216,115,17,23,9,15
frame=4,2,107,162,16,22,7,15
frame=4,3,108,332,27,18,11,13
frame=4,4,104,207,26,21,10,15
frame=4,5,124,162,17,22,6,14
frame=4,6,234,115,16,23,7,15
frame=4,7,136,332,27,18,14,12
frame=5,0,459,292,20,19,11,13
frame=5,1,415,250,14,20,7,13
frame=5,2,480,292,16,19,7,14
frame=5,3,66,351,22,17,8,13
frame=5,4,131,207,20,21,7,15
frame=5,5,142,162,14,22,5,14
frame=5,6,152,207,16,21,7,14
frame=5,7,0,312,22,19,12,13
frame=6,0,251,351,12,16,7,10
frame=6,1,128,312,17,18,9,13
frame=6,2,396,332,16,17,7,13
frame=6,3,325,312,17,18,6,13
frame=6,4,0,369,12,15,3,10
frame=6,5,265,229,17,20,6,13
frame=6,6,191,271,16,19,7,13
frame=6,7,296,207,17,20,9,13

[die]
frames=6
duration=900ms
type=play_once
frame=0,0,251,351,12,16,7,10
frame=0,1,128,312,17,18,9,13
frame=0,2,396,332,16,17,7,13
frame=0,3,325,312,17,18,6,13
frame=0,4,0,369,12,15,3,10
frame=0,5,265,229,17,20,6,13
frame=0,6,191,271,16,19,7,13
frame=0,7,296,207,17,20,9,13
frame=1,0,164,332,15,18,7,13
frame=1,1,89,351,19,17,9,13
frame=1,2,356,351,16,16,7,13
frame=1,3,23,312,18,19,7,14
frame=1,4,169,207,15,21,6,16
frame=1,5,430,250,19,20,8,15
frame=1,6,42,312,16,19,7,15
frame=1,7,450,250,18,20,9,15
frame=2,0,109,351,18,17,6,13
frame=2,1,373,351,22,16,9,12
frame=2,2,66,369,16,15,7,12
frame=2,3,396,351,19,16,9,11
frame=2,4,157,162,19,22,11,17
frame=2,5,469,250,22,20,11,17
frame=2,6,59,312,16,19,7,17
frame=2,7,492,250,20,20,8,17
frame=3,0,416,351,21,16,4,12
frame=3,1,129,369,23,14,7,10
frame=3,2,195,369,1,1,80,112
frame=3,3,128,351,17,17,9,11
frame=3,4,185,207,20,21,14,15
frame=3,5,177,162,23,22,14,18
frame=3,6,0,271,16,20,7,18
frame=3,7,180,332,21,18,6,16
frame=4,0,153,369,20,14,-1,9
frame=4,1,146,351,17,17,3,8
frame=4,2,438,351,16,16,7,6
frame=4,3,17,271,20,20,15,9
frame=4,4,202,332,20,18,19,11
frame=4,5,38,271,21,20,16,15
frame=4,6,76,312,16,19,7,16
frame=4,7,83,369,22,15,3,12
frame=5,0,174,369,20,14,-1,9
frame=5,1,164,351,17,17,3,8
frame=5,2,455,351,16,16,7,6
frame=5,3,60,271,20,20,15,9
frame=5,4,223,332,20,18,19,11
frame=5,5,81,271,21,20,16,15
frame=5,6,93,312,16,19,7,16
frame=5,7,106,369,22,15,3,12
