image=custom_gear_plate_helm.png

[stance]
frames=4
duration=800ms
type=back_forth
frame=0,0,109,138,14,15,7,63
frame=0,1,88,18,17,16,8,63
frame=0,2,124,138,12,15,5,63
frame=0,3,106,18,17,16,7,63
frame=0,4,137,138,14,15,5,63
frame=0,5,124,18,17,16,7,63
frame=0,6,0,0,12,17,5,63
frame=0,7,142,18,17,16,8,63
frame=1,0,392,203,14,14,7,62
frame=1,1,160,18,16,16,8,63
frame=1,2,152,138,12,15,5,63
frame=1,3,177,18,16,16,6,63
frame=1,4,407,203,14,14,5,62
frame=1,5,194,18,16,16,6,62
frame=1,6,211,18,12,16,5,62
frame=1,7,224,18,16,16,8,62
frame=2,0,165,138,13,15,6,63
frame=2,1,241,18,16,16,7,63
frame=2,2,179,138,12,15,5,63
frame=2,3,258,18,16,16,7,63
frame=2,4,192,138,13,15,5,63
frame=2,5,275,18,16,16,7,63
frame=2,6,292,18,12,16,5,63
frame=2,7,305,18,16,16,7,63
frame=3,0,206,138,14,15,7,63
frame=3,1,322,18,17,16,8,63
frame=3,2,221,138,12,15,5,63
frame=3,3,340,18,17,16,7,63
frame=3,4,234,138,14,15,5,63
frame=3,5,358,18,17,16,7,63
frame=3,6,0,0,12,17,5,63
frame=3,7,376,18,17,16,8,63

[run]
frames=10
duration=660ms
type=looped
frame=0,0,249,138,14,15,10,59
frame=0,1,394,18,16,16,10,61
frame=0,2,264,138,13,15,6,61
frame=0,3,411,18,16,16,5,61
frame=0,4,278,138,14,15,2,60
frame=0,5,428,18,16,16,4,59
frame=0,6,445,18,13,16,5,58
frame=0,7,459,18,16,16,9,58
frame=1,0,293,138,14,15,10,59
frame=1,1,476,18,17,16,10,60
frame=1,2,308,138,13,15,6,61
frame=1,3,322,138,16,15,5,60
frame=1,4,339,138,14,15,2,59
frame=1,5,494,18,17,16,5,58
frame=1,6,0,36,13,16,5,57
frame=1,7,14,36,16,16,9,57
frame=2,0,354,138,14,15,10,59
frame=2,1,369,138,17,15,10,60
frame=2,2,387,138,12,15,5,61
frame=2,3,31,36,17,16,5,61
frame=2,4,400,138,14,15,2,59
frame=2,5,49,36,17,16,5,58
frame=2,6,67,36,12,16,5,57
frame=2,7,80,36,17,16,10,58
frame=3,0,415,138,14,15,10,60
frame=3,1,430,138,17,15,10,61
frame=3,2,448,138,12,15,5,62
frame=3,3,98,36,17,16,5,61
frame=3,4,461,138,14,15,2,60
frame=3,5,116,36,17,16,5,59
frame=3,6,134,36,12,16,5,58
frame=3,7,147,36,17,16,10,59
frame=4,0,476,138,14,15,10,61
frame=4,1,165,36,16,16,9,62
frame=4,2,491,138,13,15,5,62
frame=4,3,182,36,17,16,5,62
frame=4,4,0,155,14,15,2,60
frame=4,5,200,36,16,16,5,59
frame=4,6,217,36,13,16,6,59
frame=4,7,231,36,17,16,10,59
frame=5,0,15,155,14,15,10,60
frame=5,1,249,36,16,16,9,61
frame=5,2,30,155,13,15,5,61
frame=5,3,266,36,16,16,4,61
frame=5,4,44,155,14,15,2,59
frame=5,5,283,36,16,16,5,58
frame=5,6,300,36,13,16,6,58
frame=5,7,314,36,16,16,10,59
frame=6,0,59,155,14,15,10,59
frame=6,1,74,155,16,15,9,60
frame=6,2,91,155,13,15,5,61
frame=6,3,331,36,17,16,5,60
frame=6,4,105,155,14,15,2,59
frame=6,5,349,36,16,16,5,57
frame=6,6,366,36,13,16,6,57
frame=6,7,380,36,17,16,10,58
frame=7,0,120,155,14,15,10,59
frame=7,1,398,36,17,16,10,61
frame=7,2,135,155,12,15,5,61
frame=7,3,148,155,17,15,5,60
frame=7,4,166,155,14,15,2,59
frame=7,5,416,36,17,16,5,58
frame=7,6,434,36,12,16,5,57
frame=7,7,447,36,17,16,10,58
frame=8,0,181,155,14,15,10,60
frame=8,1,465,36,17,16,10,61
frame=8,2,196,155,12,15,5,62
frame=8,3,209,155,17,15,5,61
frame=8,4,227,155,14,15,2,60
frame=8,5,483,36,17,16,5,59
frame=8,6,0,53,12,16,5,58
frame=8,7,13,53,17,16,10,59
frame=9,0,242,155,14,15,10,60
frame=9,1,31,53,17,16,10,62
frame=9,2,257,155,13,15,6,62
frame=9,3,49,53,16,16,5,62
frame=9,4,271,155,14,15,2,61
frame=9,5,66,53,17,16,5,59
frame=9,6,84,53,13,16,5,59
frame=9,7,98,53,16,16,9,59

[swing]
frames=8
duration=640ms
type=play_once
hit=160ms
frame=0,0,286,155,14,15,3,63
frame=0,1,115,53,17,16,5,62
frame=0,2,133,53,14,16,5,61
frame=0,3,148,53,16,16,8,61
frame=0,4,165,53,14,16,9,62
frame=0,5,180,53,17,16,10,63
frame=0,6,198,53,14,16,7,64
frame=0,7,213,53,16,16,6,64
frame=1,0,301,155,15,15,3,63
frame=1,1,13,0,16,17,3,62
frame=1,2,317,155,15,15,4,60
frame=1,3,30,0,16,17,8,60
frame=1,4,230,53,15,16,10,61
frame=1,5,333,155,16,15,11,62
frame=1,6,246,53,15,16,9,64
frame=1,7,350,155,16,15,6,64
frame=2,0,367,155,14,15,13,61
frame=2,1,262,53,17,16,12,64
frame=2,2,382,155,13,15,5,65
frame=2,3,396,155,17,15,2,63
frame=2,4,280,53,14,16,-1,61
frame=2,5,295,53,17,16,3,58
frame=2,6,313,53,13,16,6,57
frame=2,7,47,0,17,17,13,59
frame=3,0,422,203,15,14,14,62
frame=3,1,327,53,16,16,10,65
frame=3,2,344,53,15,16,4,65
frame=3,3,414,155,16,15,0,62
frame=3,4,360,53,15,16,-1,59
frame=3,5,376,53,16,16,4,57
frame=3,6,393,53,15,16,9,57
frame=3,7,409,53,16,16,14,59
frame=4,0,431,155,16,15,14,62
frame=4,1,426,53,16,16,10,65
frame=4,2,448,155,15,15,4,64
frame=4,3,464,155,16,15,0,62
frame=4,4,443,53,16,16,0,59
frame=4,5,460,53,16,16,4,57
frame=4,6,477,53,15,16,9,57
frame=4,7,493,53,16,16,14,59
frame=5,0,481,155,15,15,13,62
frame=5,1,0,70,16,16,11,64
frame=5,2,17,70,14,16,5,65
frame=5,3,32,70,17,16,2,63
frame=5,4,497,155,15,15,0,60
frame=5,5,50,70,16,16,3,58
frame=5,6,65,0,14,17,7,58
frame=5,7,67,70,17,16,13,59
frame=6,0,0,171,14,15,10,62
frame=6,1,85,70,17,16,10,64
frame=6,2,15,171,13,15,5,64
frame=6,3,103,70,16,16,4,63
frame=6,4,29,171,14,15,2,62
frame=6,5,80,0,17,17,5,61
frame=6,6,120,70,13,16,6,60
frame=6,7,134,70,16,16,10,61
frame=7,0,44,171,14,15,7,63
frame=7,1,151,70,17,16,8,63
frame=7,2,59,171,12,15,5,63
frame=7,3,169,70,17,16,7,63
frame=7,4,72,171,14,15,5,63
frame=7,5,187,70,17,16,7,63
frame=7,6,205,70,12,16,5,63
frame=7,7,218,70,17,16,8,63

[swing2]
frames=8
duration=680ms
type=play_once
hit=170ms
frame=0,0,87,171,16,15,2,63
frame=0,1,236,70,16,16,3,61
frame=0,2,253,70,14,16,5,60
frame=0,3,98,0,16,17,10,61
frame=0,4,115,0,13,17,12,63
frame=0,5,104,171,16,15,11,65
frame=0,6,121,171,14,15,7,66
frame=0,7,136,171,16,15,4,65
frame=1,0,438,203,16,14,-1,63
frame=1,1,153,171,17,15,1,60
frame=1,2,268,70,15,16,5,58
frame=1,3,284,70,17,16,12,59
frame=1,4,129,0,16,17,15,62
frame=1,5,171,171,16,15,13,65
frame=1,6,455,203,15,14,8,67
frame=1,7,471,203,17,14,3,66
frame=2,0,302,70,15,16,22,58
frame=2,1,188,171,17,15,18,63
frame=2,2,206,171,12,15,5,66
frame=2,3,219,171,17,15,-3,63
frame=2,4,318,70,15,16,-9,58
frame=2,5,334,70,17,16,-3,52
frame=2,6,146,0,12,17,5,50
frame=2,7,352,70,17,16,18,52
frame=3,0,370,70,15,16,25,56
frame=3,1,237,171,17,15,20,63
frame=3,2,255,171,12,15,5,66
frame=3,3,268,171,17,15,-5,63
frame=3,4,386,70,15,16,-12,56
frame=3,5,159,0,17,17,-5,50
frame=3,6,402,70,12,16,5,47
frame=3,7,177,0,17,17,20,50
frame=4,0,415,70,15,16,24,57
frame=4,1,286,171,16,15,19,63
frame=4,2,303,171,12,15,5,66
frame=4,3,316,171,16,15,-5,63
frame=4,4,431,70,15,16,-11,57
frame=4,5,447,70,16,16,-5,50
frame=4,6,195,0,12,17,5,48
frame=4,7,464,70,16,16,19,50
frame=5,0,481,70,14,16,19,59
frame=5,1,0,87,17,16,17,64
frame=5,2,333,171,12,15,5,66
frame=5,3,18,87,17,16,-2,64
frame=5,4,36,87,14,16,-7,59
frame=5,5,51,87,17,16,-2,54
frame=5,6,69,87,12,16,5,52
frame=5,7,82,87,17,16,17,54
frame=6,0,346,171,14,15,11,62
frame=6,1,100,87,17,16,11,64
frame=6,2,361,171,12,15,5,65
frame=6,3,118,87,17,16,4,64
frame=6,4,374,171,14,15,1,62
frame=6,5,136,87,17,16,4,60
frame=6,6,154,87,12,16,5,59
frame=6,7,167,87,17,16,11,60
frame=7,0,44,171,14,15,7,63
frame=7,1,151,70,17,16,8,63
frame=7,2,59,171,12,15,5,63
frame=7,3,169,70,17,16,7,63
frame=7,4,72,171,14,15,5,63
frame=7,5,187,70,17,16,7,63
frame=7,6,205,70,12,16,5,63
frame=7,7,218,70,17,16,8,63

[swing3]
frames=8
duration=600ms
type=play_once
hit=150ms
frame=0,0,489,203,15,14,4,62
frame=0,1,185,87,17,16,5,61
frame=0,2,203,87,14,16,5,61
frame=0,3,218,87,16,16,8,61
frame=0,4,389,171,15,15,9,61
frame=0,5,235,87,17,16,10,63
frame=0,6,253,87,14,16,7,64
frame=0,7,405,171,16,15,6,63
frame=1,0,0,219,15,14,3,62
frame=1,1,268,87,17,16,4,61
frame=1,2,286,87,15,16,5,60
frame=1,3,208,0,17,17,9,60
frame=1,4,302,87,15,16,10,61
frame=1,5,422,171,17,15,11,62
frame=1,6,318,87,15,16,8,64
frame=1,7,334,87,17,16,6,64
frame=2,0,440,171,15,15,19,60
frame=2,1,456,171,17,15,15,64
frame=2,2,474,171,14,15,4,66
frame=2,3,489,171,17,15,-2,63
frame=2,4,352,87,15,16,-6,58
frame=2,5,226,0,17,17,0,54
frame=2,6,244,0,14,17,8,53
frame=2,7,368,87,17,16,17,55
frame=3,0,0,187,15,15,20,60
frame=3,1,16,187,17,15,15,65
frame=3,2,34,187,13,15,3,66
frame=3,3,48,187,17,15,-4,62
frame=3,4,386,87,15,16,-7,57
frame=3,5,259,0,17,17,0,53
frame=3,6,277,0,13,17,8,52
frame=3,7,291,0,17,17,19,55
frame=4,0,0,187,15,15,20,60
frame=4,1,16,187,17,15,15,65
frame=4,2,34,187,13,15,3,66
frame=4,3,48,187,17,15,-4,62
frame=4,4,386,87,15,16,-7,57
frame=4,5,259,0,17,17,0,53
frame=4,6,277,0,13,17,8,52
frame=4,7,291,0,17,17,19,55
frame=5,0,402,87,15,16,17,61
frame=5,1,66,187,16,15,13,64
frame=5,2,83,187,13,15,4,65
frame=5,3,97,187,17,15,-1,63
frame=5,4,418,87,15,16,-4,59
frame=5,5,434,87,16,16,1,55
frame=5,6,309,0,13,17,7,55
frame=5,7,323,0,17,17,16,57
frame=6,0,115,187,14,15,10,62
frame=6,1,451,87,17,16,10,64
frame=6,2,130,187,13,15,5,64
frame=6,3,144,187,16,15,4,63
frame=6,4,161,187,14,15,2,62
frame=6,5,469,87,17,16,5,60
frame=6,6,487,87,13,16,6,60
frame=6,7,0,104,16,16,10,61
frame=7,0,44,171,14,15,7,63
frame=7,1,151,70,17,16,8,63
frame=7,2,59,171,12,15,5,63
frame=7,3,169,70,17,16,7,63
frame=7,4,72,171,14,15,5,63
frame=7,5,187,70,17,16,7,63
frame=7,6,205,70,12,16,5,63
frame=7,7,218,70,17,16,8,63

[hit]
frames=2
duration=300ms
type=play_once
frame=0,0,176,187,14,15,6,63
frame=0,1,17,104,16,16,7,63
frame=0,2,191,187,12,15,5,63
frame=0,3,34,104,16,16,7,63
frame=0,4,204,187,14,15,6,63
frame=0,5,51,104,16,16,7,63
frame=0,6,68,104,12,16,5,63
frame=0,7,81,104,16,16,7,63
frame=1,0,219,187,14,15,6,63
frame=1,1,98,104,16,16,7,63
frame=1,2,234,187,12,15,5,63
frame=1,3,115,104,16,16,7,63
frame=1,4,247,187,14,15,6,63
frame=1,5,132,104,16,16,7,63
frame=1,6,149,104,12,16,5,63
frame=1,7,162,104,16,16,7,63

[block]
frames=2
duration=300ms
type=play_once
frame=0,0,176,187,14,15,6,63
frame=0,1,17,104,16,16,7,63
frame=0,2,191,187,12,15,5,63
frame=0,3,34,104,16,16,7,63
frame=0,4,204,187,14,15,6,63
frame=0,5,51,104,16,16,7,63
frame=0,6,68,104,12,16,5,63
frame=0,7,81,104,16,16,7,63
frame=1,0,262,187,14,15,3,62
frame=1,1,179,104,17,16,5,61
frame=1,2,277,187,12,15,5,60
frame=1,3,197,104,17,16,10,61
frame=1,4,290,187,14,15,9,62
frame=1,5,305,187,17,15,10,63
frame=1,6,215,104,12,16,5,64
frame=1,7,323,187,17,15,5,63

[cast]
frames=6
duration=600ms
type=play_once
hit=300ms
frame=0,0,341,187,14,15,9,62
frame=0,1,228,104,17,16,9,63
frame=0,2,356,187,12,15,5,64
frame=0,3,246,104,17,16,6,63
frame=0,4,369,187,14,15,3,62
frame=0,5,341,0,17,17,6,62
frame=0,6,264,104,12,16,5,61
frame=0,7,359,0,17,17,9,62
frame=1,0,384,187,15,15,12,60
frame=1,1,277,104,17,16,11,63
frame=1,2,16,219,12,14,5,63
frame=1,3,295,104,17,16,4,63
frame=1,4,400,187,15,15,1,60
frame=1,5,377,0,17,17,4,59
frame=1,6,395,0,12,17,5,58
frame=1,7,408,0,17,17,11,59
frame=2,0,416,187,15,15,13,60
frame=2,1,313,104,17,16,12,63
frame=2,2,432,187,12,15,5,64
frame=2,3,331,104,17,16,3,63
frame=2,4,445,187,15,15,0,60
frame=2,5,349,104,17,16,3,58
frame=2,6,367,104,12,16,5,57
frame=2,7,380,104,17,16,12,58
frame=3,0,398,104,15,16,3,63
frame=3,1,414,104,17,16,5,61
frame=3,2,432,104,12,16,5,61
frame=3,3,445,104,17,16,10,61
frame=3,4,463,104,15,16,10,63
frame=3,5,461,187,17,15,10,65
frame=3,6,29,219,12,14,5,65
frame=3,7,479,187,17,15,5,65
frame=4,0,426,0,16,17,3,63
frame=4,1,443,0,16,17,4,61
frame=4,2,497,187,12,15,5,60
frame=4,3,460,0,16,17,10,61
frame=4,4,477,0,16,17,11,63
frame=4,5,0,203,16,15,10,65
frame=4,6,42,219,12,14,5,65
frame=4,7,17,203,16,15,4,65
frame=5,0,44,171,14,15,7,63
frame=5,1,151,70,17,16,8,63
frame=5,2,59,171,12,15,5,63
frame=5,3,169,70,17,16,7,63
frame=5,4,72,171,14,15,5,63
frame=5,5,187,70,17,16,7,63
frame=5,6,205,70,12,16,5,63
frame=5,7,218,70,17,16,8,63

[shoot]
frames=7
duration=700ms
type=play_once
hit=300ms
frame=0,0,34,203,14,15,6,63
frame=0,1,479,104,17,16,7,63
frame=0,2,497,104,12,16,5,63
frame=0,3,0,121,17,16,8,63
frame=0,4,49,203,14,15,6,63
frame=0,5,18,121,17,16,8,63
frame=0,6,36,121,12,16,5,63
frame=0,7,49,121,17,16,7,63
frame=1,0,64,203,15,15,4,63
frame=1,1,67,121,17,16,5,62
frame=1,2,80,203,14,15,5,61
frame=1,3,85,121,16,16,8,61
frame=1,4,102,121,15,16,9,62
frame=1,5,118,121,17,16,10,63
frame=1,6,136,121,14,16,7,64
frame=1,7,151,121,16,16,6,64
frame=2,0,64,203,15,15,4,63
frame=2,1,67,121,17,16,5,62
frame=2,2,80,203,14,15,5,61
frame=2,3,85,121,16,16,8,61
frame=2,4,102,121,15,16,9,62
frame=2,5,168,121,17,16,10,63
frame=2,6,136,121,14,16,7,64
frame=2,7,186,121,16,16,6,64
frame=3,0,95,203,15,15,2,63
frame=3,1,203,121,17,16,3,61
frame=3,2,221,121,14,16,4,60
frame=3,3,236,121,16,16,9,60
frame=3,4,111,203,15,15,11,61
frame=3,5,127,203,17,15,12,63
frame=3,6,253,121,14,16,8,65
frame=3,7,268,121,16,16,5,65
frame=4,0,95,203,15,15,2,63
frame=4,1,203,121,17,16,3,61
frame=4,2,221,121,14,16,4,60
frame=4,3,236,121,16,16,9,60
frame=4,4,111,203,15,15,11,61
frame=4,5,127,203,17,15,12,63
frame=4,6,253,121,14,16,8,65
frame=4,7,268,121,16,16,5,65
frame=5,0,145,203,14,15,4,63
frame=5,1,285,121,17,16,6,62
frame=5,2,303,121,13,16,5,62
frame=5,3,317,121,17,16,9,62
frame=5,4,160,203,14,15,8,62
frame=5,5,175,203,17,15,9,63
frame=5,6,335,121,13,16,6,64
frame=5,7,349,121,17,16,6,64
frame=6,0,44,171,14,15,7,63
frame=6,1,151,70,17,16,8,63
frame=6,2,59,171,12,15,5,63
frame=6,3,169,70,17,16,7,63
frame=6,4,72,171,14,15,5,63
frame=6,5,187,70,17,16,7,63
frame=6,6,205,70,12,16,5,63
frame=6,7,218,70,17,16,8,63

[die]
frames=6
duration=900ms
type=play_once
frame=0,0,176,187,14,15,6,63
frame=0,1,17,104,16,16,7,63
frame=0,2,191,187,12,15,5,63
frame=0,3,34,104,16,16,7,63
frame=0,4,204,187,14,15,6,63
frame=0,5,51,104,16,16,7,63
frame=0,6,68,104,12,16,5,63
frame=0,7,81,104,16,16,7,63
frame=1,0,193,203,14,15,-6,63
frame=1,1,494,0,17,17,-1,59
frame=1,2,367,121,12,16,5,57
frame=1,3,0,18,17,17,16,59
frame=1,4,208,203,14,15,18,63
frame=1,5,223,203,17,15,16,67
frame=1,6,241,203,12,15,5,69
frame=1,7,254,203,17,15,-1,67
frame=2,0,380,121,16,16,-27,56
frame=2,1,18,18,17,17,-16,44
frame=2,2,397,121,12,16,5,39
frame=2,3,36,18,17,17,31,44
frame=2,4,410,121,16,16,41,56
frame=2,5,272,203,17,15,31,68
frame=2,6,55,219,12,14,5,73
frame=2,7,290,203,17,15,-16,68
frame=3,0,54,18,16,17,-49,37
frame=3,1,427,121,16,16,-32,17
frame=3,2,68,219,12,14,5,8
frame=3,3,444,121,16,16,46,17
frame=3,4,71,18,16,17,63,37
frame=3,5,461,121,16,16,46,57
frame=3,6,81,219,12,13,5,65
frame=3,7,478,121,16,16,-32,57
frame=4,0,495,121,14,16,-61,5
frame=4,1,0,138,15,16,-40,-18
frame=4,2,308,203,12,15,5,-28
frame=4,3,16,138,15,16,53,-18
frame=4,4,32,138,14,16,73,5
frame=4,5,321,203,15,15,53,28
frame=4,6,94,219,6,9,5,38
frame=4,7,337,203,12,15,-43,28
frame=5,0,47,138,14,16,-61,5
frame=5,1,62,138,15,16,-40,-18
frame=5,2,350,203,12,15,5,-28
frame=5,3,78,138,15,16,53,-18
frame=5,4,94,138,14,16,73,5
frame=5,5,363,203,15,15,53,28
frame=5,6,101,219,6,8,5,37
frame=5,7,379,203,12,15,-43,28
