image=custom_gear_plate_boots.png

[stance]
frames=4
duration=800ms
type=back_forth
frame=0,0,115,374,12,18,7,12
frame=0,1,147,265,17,21,9,15
frame=0,2,221,353,16,19,7,15
frame=0,3,404,310,17,20,6,15
frame=0,4,128,374,12,18,3,12
frame=0,5,40,195,17,22,6,15
frame=0,6,165,265,16,21,7,15
frame=0,7,58,195,17,22,9,15
frame=1,0,141,374,12,18,7,12
frame=1,1,182,265,17,21,9,15
frame=1,2,154,374,16,18,7,14
frame=1,3,200,265,17,21,6,15
frame=1,4,171,374,12,18,3,12
frame=1,5,76,195,17,22,6,15
frame=1,6,218,265,16,21,7,15
frame=1,7,94,195,17,22,9,15
frame=2,0,184,374,12,18,7,12
frame=2,1,422,310,17,20,9,15
frame=2,2,238,353,16,19,7,15
frame=2,3,440,310,17,20,6,15
frame=2,4,197,374,12,18,3,12
frame=2,5,112,195,17,22,6,15
frame=2,6,235,265,16,21,7,15
frame=2,7,130,195,17,22,9,15
frame=3,0,115,374,12,18,7,12
frame=3,1,252,265,17,21,9,15
frame=3,2,255,353,16,19,7,15
frame=3,3,404,310,17,20,6,15
frame=3,4,210,374,12,18,3,12
frame=3,5,148,195,17,22,6,15
frame=3,6,270,265,16,21,7,15
frame=3,7,166,195,17,22,9,15

[run]
frames=10
duration=660ms
type=looped
frame=0,0,41,94,37,25,23,19
frame=0,1,184,195,36,22,21,20
frame=0,2,221,195,16,22,7,19
frame=0,3,287,265,26,21,8,17
frame=0,4,272,353,37,19,12,17
frame=0,5,0,147,36,23,13,15
frame=0,6,314,265,15,21,6,10
frame=0,7,431,36,26,27,16,17
frame=1,0,79,94,18,25,10,18
frame=1,1,359,66,21,26,11,22
frame=1,2,17,121,16,24,7,22
frame=1,3,238,195,18,22,5,20
frame=1,4,458,310,18,20,6,16
frame=1,5,330,265,21,21,8,14
frame=1,6,223,374,16,18,7,10
frame=1,7,37,147,13,23,6,14
frame=2,0,350,0,29,29,14,21
frame=2,1,34,0,20,33,9,23
frame=2,2,55,0,16,33,7,24
frame=2,3,380,0,29,29,14,22
frame=2,4,257,195,29,22,13,17
frame=2,5,477,310,19,20,9,16
frame=2,6,183,394,16,15,7,12
frame=2,7,287,195,29,22,13,17
frame=3,0,458,36,38,27,17,21
frame=3,1,72,0,26,33,11,23
frame=3,2,0,0,16,35,7,25
frame=3,3,89,36,36,28,18,21
frame=3,4,0,332,38,20,19,17
frame=3,5,381,66,26,26,13,19
frame=3,6,352,265,16,21,7,14
frame=3,7,317,195,36,22,16,17
frame=4,0,354,195,40,22,21,19
frame=4,1,126,36,27,28,14,21
frame=4,2,255,0,16,30,7,23
frame=4,3,34,121,37,24,16,20
frame=4,4,395,195,40,22,17,19
frame=4,5,0,66,27,27,11,18
frame=4,6,369,265,15,21,7,11
frame=4,7,51,147,37,23,19,16
frame=5,0,310,353,37,19,23,17
frame=5,1,385,265,26,21,16,17
frame=5,2,436,195,16,22,7,19
frame=5,3,453,195,35,22,13,20
frame=5,4,98,94,37,25,12,19
frame=5,5,28,66,26,27,8,17
frame=5,6,39,332,15,20,7,9
frame=5,7,89,147,35,23,20,15
frame=6,0,55,332,18,20,10,16
frame=6,1,489,195,18,22,11,20
frame=6,2,72,121,16,24,7,22
frame=6,3,408,66,22,26,9,22
frame=6,4,136,94,19,25,6,18
frame=6,5,125,147,18,23,5,14
frame=6,6,240,374,16,18,7,10
frame=6,7,412,265,22,21,11,14
frame=7,0,0,219,29,22,14,17
frame=7,1,410,0,28,29,13,22
frame=7,2,99,0,16,33,7,24
frame=7,3,116,0,20,33,9,23
frame=7,4,439,0,29,29,13,21
frame=7,5,30,219,28,22,13,17
frame=7,6,200,394,16,15,7,12
frame=7,7,74,332,20,20,9,16
frame=8,0,95,332,38,20,17,17
frame=8,1,154,36,36,28,16,21
frame=8,2,17,0,16,35,7,25
frame=8,3,137,0,26,33,13,23
frame=8,4,55,66,38,27,19,21
frame=8,5,59,219,36,22,18,17
frame=8,6,435,265,16,21,7,14
frame=8,7,431,66,26,26,11,19
frame=9,0,96,219,40,22,21,18
frame=9,1,144,147,37,23,19,19
frame=9,2,272,0,16,30,7,23
frame=9,3,469,0,27,29,11,22
frame=9,4,452,265,40,21,17,18
frame=9,5,182,147,37,23,16,16
frame=9,6,137,219,15,22,6,12
frame=9,7,94,66,27,27,14,18

[swing]
frames=8
duration=640ms
type=play_once
hit=160ms
frame=0,0,89,121,25,24,13,17
frame=0,1,156,94,16,25,8,17
frame=0,2,115,121,16,24,7,17
frame=0,3,134,332,26,20,11,15
frame=0,4,220,147,25,23,10,17
frame=0,5,132,121,16,24,6,16
frame=0,6,173,94,16,25,7,17
frame=0,7,161,332,26,20,13,14
frame=1,0,153,219,25,22,13,15
frame=1,1,179,219,16,22,8,14
frame=1,2,190,94,16,25,7,17
frame=1,3,188,332,26,20,11,14
frame=1,4,0,288,25,21,10,15
frame=1,5,207,94,16,25,6,16
frame=1,6,224,94,16,25,7,17
frame=1,7,215,332,26,20,13,14
frame=2,0,241,94,33,25,21,17
frame=2,1,191,36,22,28,14,20
frame=2,2,214,36,16,28,7,21
frame=2,3,246,147,32,23,11,18
frame=2,4,26,288,33,21,10,16
frame=2,5,122,66,22,27,6,16
frame=2,6,145,66,16,27,7,15
frame=2,7,279,147,32,23,19,14
frame=3,0,275,94,33,25,22,17
frame=3,1,231,36,22,28,15,20
frame=3,2,0,36,16,29,7,22
frame=3,3,312,147,31,23,10,18
frame=3,4,60,288,33,21,9,16
frame=3,5,162,66,22,27,5,15
frame=3,6,185,66,16,27,7,14
frame=3,7,196,219,31,22,19,13
frame=4,0,275,94,33,25,22,17
frame=4,1,231,36,22,28,15,20
frame=4,2,0,36,16,29,7,22
frame=4,3,312,147,31,23,10,18
frame=4,4,60,288,33,21,9,16
frame=4,5,162,66,22,27,5,15
frame=4,6,185,66,16,27,7,14
frame=4,7,196,219,31,22,19,13
frame=5,0,275,94,33,25,22,17
frame=5,1,231,36,22,28,15,20
frame=5,2,0,36,16,29,7,22
frame=5,3,312,147,31,23,10,18
frame=5,4,60,288,33,21,9,16
frame=5,5,162,66,22,27,5,15
frame=5,6,185,66,16,27,7,14
frame=5,7,196,219,31,22,19,13
frame=6,0,228,219,23,22,15,15
frame=6,1,94,288,15,21,10,14
frame=6,2,149,121,16,24,7,18
frame=6,3,348,353,24,19,8,15
frame=6,4,110,288,23,21,6,15
frame=6,5,344,147,15,23,3,13
frame=6,6,309,94,16,25,7,15
frame=6,7,242,332,24,20,14,13
frame=7,0,257,374,12,18,7,12
frame=7,1,267,332,17,20,9,15
frame=7,2,373,353,16,19,7,15
frame=7,3,285,332,17,20,6,15
frame=7,4,409,374,12,17,3,12
frame=7,5,252,219,17,22,6,15
frame=7,6,134,288,16,21,7,15
frame=7,7,130,195,17,22,9,15

[swing2]
frames=8
duration=680ms
type=play_once
hit=170ms
frame=0,0,270,219,19,22,13,17
frame=0,1,151,288,15,21,9,16
frame=0,2,167,288,16,21,7,17
frame=0,3,270,374,21,18,6,15
frame=0,4,184,288,19,21,4,16
frame=0,5,360,147,15,23,4,16
frame=0,6,376,147,16,23,7,16
frame=0,7,204,288,21,21,13,15
frame=1,0,393,147,19,23,12,18
frame=1,1,226,288,14,21,8,16
frame=1,2,303,332,16,20,7,17
frame=1,3,320,332,22,20,7,17
frame=1,4,290,219,19,22,5,17
frame=1,5,413,147,14,23,4,16
frame=1,6,310,219,16,22,7,16
frame=1,7,327,219,22,22,13,16
frame=2,0,166,121,38,24,23,16
frame=2,1,17,36,27,29,16,20
frame=2,2,289,0,16,30,7,22
frame=2,3,326,94,36,25,14,18
frame=2,4,350,219,38,22,13,16
frame=2,5,254,36,27,28,9,16
frame=2,6,282,36,16,28,7,14
frame=2,7,428,147,36,23,20,13
frame=3,0,205,121,39,24,24,16
frame=3,1,306,0,26,30,16,21
frame=3,2,333,0,16,30,7,22
frame=3,3,363,94,36,25,13,18
frame=3,4,389,219,39,22,13,16
frame=3,5,45,36,26,29,8,16
frame=3,6,202,66,16,27,7,13
frame=3,7,245,121,36,24,21,14
frame=4,0,205,121,39,24,24,16
frame=4,1,306,0,26,30,16,21
frame=4,2,333,0,16,30,7,22
frame=4,3,363,94,36,25,13,18
frame=4,4,389,219,39,22,13,16
frame=4,5,45,36,26,29,8,16
frame=4,6,202,66,16,27,7,13
frame=4,7,245,121,36,24,21,14
frame=5,0,282,121,32,24,20,16
frame=5,1,219,66,21,27,13,19
frame=5,2,299,36,16,28,7,20
frame=5,3,429,219,31,22,11,16
frame=5,4,241,288,32,21,10,15
frame=5,5,241,66,21,27,6,15
frame=5,6,263,66,16,27,7,14
frame=5,7,461,219,31,22,18,13
frame=6,0,0,242,20,22,12,15
frame=6,1,465,147,13,23,8,16
frame=6,2,274,288,16,21,7,16
frame=6,3,390,353,22,19,8,15
frame=6,4,291,288,20,21,6,15
frame=6,5,479,147,13,23,3,14
frame=6,6,315,121,16,24,7,15
frame=6,7,343,332,22,20,12,13
frame=7,0,257,374,12,18,7,12
frame=7,1,267,332,17,20,9,15
frame=7,2,373,353,16,19,7,15
frame=7,3,285,332,17,20,6,15
frame=7,4,409,374,12,17,3,12
frame=7,5,252,219,17,22,6,15
frame=7,6,134,288,16,21,7,15
frame=7,7,130,195,17,22,9,15

[swing3]
frames=8
duration=600ms
type=play_once
hit=150ms
frame=0,0,21,242,26,22,12,15
frame=0,1,312,288,17,21,8,12
frame=0,2,493,147,16,23,7,15
frame=0,3,366,332,26,20,12,14
frame=0,4,330,288,26,21,12,15
frame=0,5,332,121,17,24,7,16
frame=0,6,400,94,16,25,7,17
frame=0,7,393,332,26,20,12,14
frame=1,0,0,171,26,23,12,16
frame=1,1,48,242,17,22,7,13
frame=1,2,350,121,16,24,7,15
frame=1,3,413,353,27,19,13,13
frame=1,4,27,171,26,23,12,16
frame=1,5,357,288,17,21,8,13
frame=1,6,417,94,16,25,7,17
frame=1,7,420,332,27,20,12,14
frame=2,0,434,94,40,25,27,17
frame=2,1,226,0,28,31,19,23
frame=2,2,164,0,16,33,7,25
frame=2,3,458,66,37,26,12,20
frame=2,4,375,288,40,21,11,16
frame=2,5,316,36,28,28,7,15
frame=2,6,345,36,16,28,7,13
frame=2,7,66,242,37,22,23,12
frame=3,0,0,94,40,26,28,17
frame=3,1,198,0,27,32,19,24
frame=3,2,181,0,16,33,7,25
frame=3,3,280,66,37,27,11,21
frame=3,4,448,332,40,20,10,15
frame=3,5,362,36,27,28,6,15
frame=3,6,390,36,16,28,7,13
frame=3,7,367,121,37,24,24,13
frame=4,0,0,94,40,26,28,17
frame=4,1,198,0,27,32,19,24
frame=4,2,181,0,16,33,7,25
frame=4,3,280,66,37,27,11,21
frame=4,4,448,332,40,20,10,15
frame=4,5,362,36,27,28,6,15
frame=4,6,390,36,16,28,7,13
frame=4,7,367,121,37,24,24,13
frame=5,0,405,121,33,24,23,16
frame=5,1,407,36,23,28,16,20
frame=5,2,72,36,16,29,7,22
frame=5,3,54,171,32,23,10,18
frame=5,4,104,242,33,22,8,16
frame=5,5,318,66,23,27,5,14
frame=5,6,342,66,16,27,7,13
frame=5,7,138,242,32,22,20,12
frame=6,0,87,171,20,23,13,16
frame=6,1,108,171,13,23,8,16
frame=6,2,171,242,16,22,7,17
frame=6,3,441,353,22,19,7,15
frame=6,4,188,242,20,22,5,16
frame=6,5,209,242,13,22,3,13
frame=6,6,122,171,16,23,7,14
frame=6,7,416,288,22,21,13,13
frame=7,0,257,374,12,18,7,12
frame=7,1,267,332,17,20,9,15
frame=7,2,373,353,16,19,7,15
frame=7,3,285,332,17,20,6,15
frame=7,4,409,374,12,17,3,12
frame=7,5,252,219,17,22,6,15
frame=7,6,134,288,16,21,7,15
frame=7,7,130,195,17,22,9,15

[hit]
frames=2
duration=300ms
type=play_once
frame=0,0,257,374,12,18,7,12
frame=0,1,267,332,17,20,9,15
frame=0,2,373,353,16,19,7,15
frame=0,3,285,332,17,20,6,15
frame=0,4,409,374,12,17,3,12
frame=0,5,252,219,17,22,6,15
frame=0,6,134,288,16,21,7,15
frame=0,7,130,195,17,22,9,15
frame=1,0,257,374,12,18,7,12
frame=1,1,267,332,17,20,9,15
frame=1,2,464,353,16,19,7,15
frame=1,3,489,332,17,20,6,15
frame=1,4,422,374,12,17,3,12
frame=1,5,223,242,17,22,6,15
frame=1,6,439,288,16,21,7,15
frame=1,7,241,242,17,22,9,15

[block]
frames=2
duration=300ms
type=play_once
frame=0,0,257,374,12,18,7,12
frame=0,1,267,332,17,20,9,15
frame=0,2,373,353,16,19,7,15
frame=0,3,285,332,17,20,6,15
frame=0,4,409,374,12,17,3,12
frame=0,5,252,219,17,22,6,15
frame=0,6,134,288,16,21,7,15
frame=0,7,130,195,17,22,9,15
frame=1,0,292,374,13,18,7,11
frame=1,1,456,288,18,21,9,14
frame=1,2,481,353,16,19,7,14
frame=1,3,0,353,17,20,6,14
frame=1,4,435,374,13,17,4,11
frame=1,5,259,242,18,22,7,14
frame=1,6,475,288,16,21,7,14
frame=1,7,139,171,17,23,9,15

[cast]
frames=6
duration=600ms
type=play_once
hit=300ms
frame=0,0,449,374,12,17,7,11
frame=0,1,492,288,17,21,9,15
frame=0,2,306,374,16,18,7,14
frame=0,3,0,310,17,21,6,15
frame=0,4,462,374,12,17,3,11
frame=0,5,157,171,17,23,6,15
frame=0,6,18,310,16,21,7,14
frame=0,7,175,171,17,23,9,15
frame=1,0,278,242,12,22,7,14
frame=1,1,291,242,17,22,9,16
frame=1,2,18,353,16,20,7,15
frame=1,3,309,242,17,22,6,16
frame=1,4,327,242,12,22,3,14
frame=1,5,35,310,17,21,6,12
frame=1,6,35,353,16,20,7,12
frame=1,7,53,310,17,21,9,12
frame=2,0,340,242,12,22,7,14
frame=2,1,353,242,17,22,9,16
frame=2,2,52,353,16,20,7,15
frame=2,3,371,242,17,22,6,16
frame=2,4,389,242,12,22,3,14
frame=2,5,71,310,17,21,6,12
frame=2,6,69,353,16,20,7,12
frame=2,7,89,310,17,21,9,12
frame=3,0,193,171,18,23,14,18
frame=3,1,402,242,14,22,10,18
frame=3,2,107,310,16,21,7,19
frame=3,3,0,374,21,19,5,17
frame=3,4,417,242,18,22,2,17
frame=3,5,212,171,14,23,2,15
frame=3,6,227,171,16,23,7,15
frame=3,7,436,242,21,22,14,15
frame=4,0,193,171,18,23,14,18
frame=4,1,402,242,14,22,10,18
frame=4,2,107,310,16,21,7,19
frame=4,3,0,374,21,19,5,17
frame=4,4,417,242,18,22,2,17
frame=4,5,212,171,14,23,2,15
frame=4,6,227,171,16,23,7,15
frame=4,7,436,242,21,22,14,15
frame=5,0,257,374,12,18,7,12
frame=5,1,267,332,17,20,9,15
frame=5,2,373,353,16,19,7,15
frame=5,3,285,332,17,20,6,15
frame=5,4,409,374,12,17,3,12
frame=5,5,252,219,17,22,6,15
frame=5,6,134,288,16,21,7,15
frame=5,7,130,195,17,22,9,15

[shoot]
frames=7
duration=700ms
type=play_once
hit=300ms
frame=0,0,244,171,25,23,15,17
frame=0,1,270,171,17,23,10,16
frame=0,2,288,171,16,23,7,17
frame=0,3,86,353,27,20,10,15
frame=0,4,458,242,25,22,8,17
frame=0,5,484,242,17,22,5,14
frame=0,6,475,94,16,25,7,17
frame=0,7,114,353,27,20,15,14
frame=1,0,305,171,26,23,15,16
frame=1,1,332,171,17,23,10,15
frame=1,2,350,171,16,23,7,16
frame=1,3,142,353,26,20,10,15
frame=1,4,0,265,26,22,9,16
frame=1,5,27,265,17,22,5,14
frame=1,6,492,94,16,25,7,17
frame=1,7,124,310,26,21,14,15
frame=2,0,305,171,26,23,15,16
frame=2,1,332,171,17,23,10,15
frame=2,2,350,171,16,23,7,16
frame=2,3,142,353,26,20,10,15
frame=2,4,0,265,26,22,9,16
frame=2,5,27,265,17,22,5,14
frame=2,6,492,94,16,25,7,17
frame=2,7,124,310,26,21,14,15
frame=3,0,367,171,26,23,14,16
frame=3,1,439,121,17,24,9,16
frame=3,2,394,171,16,23,7,16
frame=3,3,22,374,27,19,11,14
frame=3,4,151,310,26,21,10,15
frame=3,5,45,265,17,22,6,14
frame=3,6,0,121,16,25,7,17
frame=3,7,178,310,27,21,14,15
frame=4,0,367,171,26,23,14,16
frame=4,1,439,121,17,24,9,16
frame=4,2,394,171,16,23,7,16
frame=4,3,22,374,27,19,11,14
frame=4,4,151,310,26,21,10,15
frame=4,5,45,265,17,22,6,14
frame=4,6,0,121,16,25,7,17
frame=4,7,178,310,27,21,14,15
frame=5,0,411,171,20,23,11,17
frame=5,1,206,310,14,21,7,14
frame=5,2,221,310,16,21,7,16
frame=5,3,323,374,22,18,8,14
frame=5,4,432,171,20,23,7,17
frame=5,5,457,121,14,24,5,16
frame=5,6,453,171,16,23,7,16
frame=5,7,238,310,22,21,12,15
frame=6,0,257,374,12,18,7,12
frame=6,1,267,332,17,20,9,15
frame=6,2,373,353,16,19,7,15
frame=6,3,285,332,17,20,6,15
frame=6,4,409,374,12,17,3,12
frame=6,5,252,219,17,22,6,15
frame=6,6,134,288,16,21,7,15
frame=6,7,130,195,17,22,9,15

[die]
frames=6
duration=900ms
type=play_once
frame=0,0,257,374,12,18,7,12
frame=0,1,267,332,17,20,9,15
frame=0,2,373,353,16,19,7,15
frame=0,3,285,332,17,20,6,15
frame=0,4,409,374,12,17,3,12
frame=0,5,252,219,17,22,6,15
frame=0,6,134,288,16,21,7,15
frame=0,7,130,195,17,22,9,15
frame=1,0,169,353,15,20,7,15
frame=1,1,50,374,19,19,9,15
frame=1,2,346,374,16,18,7,15
frame=1,3,185,353,18,20,7,15
frame=1,4,470,171,15,23,6,18
frame=1,5,63,265,19,22,8,17
frame=1,6,261,310,16,21,7,17
frame=1,7,83,265,18,22,9,17
frame=2,0,70,374,20,19,6,15
frame=2,1,105,394,22,16,9,12
frame=2,2,217,394,16,15,7,12
frame=2,3,128,394,20,16,10,11
frame=2,4,486,171,20,23,12,18
frame=2,5,102,265,23,22,12,19
frame=2,6,278,310,16,21,7,19
frame=2,7,126,265,20,22,8,19
frame=3,0,475,374,23,17,4,13
frame=3,1,234,394,24,14,7,10
frame=3,2,305,394,1,1,80,112
frame=3,3,0,394,18,17,10,11
frame=3,4,0,195,22,23,16,17
frame=3,5,472,121,25,24,16,20
frame=3,6,23,195,16,23,7,21
frame=3,7,91,374,23,19,6,17
frame=4,0,259,394,22,14,-1,9
frame=4,1,19,394,17,17,3,8
frame=4,2,149,394,16,16,7,6
frame=4,3,295,310,22,21,17,9
frame=4,4,363,374,22,18,21,11
frame=4,5,318,310,22,21,17,16
frame=4,6,341,310,16,21,7,18
frame=4,7,37,394,24,17,3,14
frame=5,0,282,394,22,14,-1,9
frame=5,1,62,394,17,17,3,8
frame=5,2,166,394,16,16,7,6
frame=5,3,358,310,22,21,17,9
frame=5,4,386,374,22,18,21,11
frame=5,5,381,310,22,21,17,16
frame=5,6,204,353,16,20,7,17
frame=5,7,80,394,24,17,3,14
