image=custom_gear_shortbow.png

[stance]
frames=4
duration=800ms
type=back_forth
frame=0,0,101,94,15,27,21,47
frame=0,1,343,123,12,24,23,52
frame=0,2,356,123,5,24,12,58
frame=0,3,44,287,1,1,80,112
frame=0,4,82,64,15,28,-8,58
frame=0,5,251,0,12,30,-13,52
frame=0,6,0,0,5,32,-9,47
frame=0,7,67,0,12,31,7,45
frame=1,0,117,94,15,27,21,46
frame=1,1,214,123,12,25,23,52
frame=1,2,98,151,5,23,12,57
frame=1,3,44,287,1,1,80,112
frame=1,4,133,94,15,27,-8,57
frame=1,5,80,0,12,31,-13,52
frame=1,6,93,0,5,31,-9,46
frame=1,7,264,0,11,30,7,44
frame=2,0,149,94,15,27,21,47
frame=2,1,362,123,12,24,23,52
frame=2,2,104,151,5,23,12,58
frame=2,3,44,287,1,1,80,112
frame=2,4,165,94,15,27,-8,58
frame=2,5,276,0,12,30,-13,53
frame=2,6,99,0,5,31,-9,47
frame=2,7,289,0,13,30,8,45
frame=3,0,181,94,15,27,21,47
frame=3,1,343,123,12,24,23,52
frame=3,2,375,123,5,24,12,58
frame=3,3,44,287,1,1,80,112
frame=3,4,98,64,15,28,-8,58
frame=3,5,303,0,12,30,-13,52
frame=3,6,0,0,5,32,-9,47
frame=3,7,67,0,12,31,7,45

[run]
frames=10
duration=660ms
type=looped
frame=0,0,114,64,11,28,13,39
frame=0,1,210,33,10,29,19,45
frame=0,2,221,33,6,29,14,51
frame=0,3,14,287,4,4,4,52
frame=0,4,228,33,8,29,-7,52
frame=0,5,126,64,10,28,-11,46
frame=0,6,197,94,6,27,-10,40
frame=0,7,204,94,9,27,1,37
frame=1,0,137,64,10,28,13,39
frame=1,1,237,33,9,29,19,45
frame=1,2,247,33,6,29,14,51
frame=1,3,499,276,4,5,3,52
frame=1,4,148,64,8,28,-7,51
frame=1,5,157,64,9,28,-12,45
frame=1,6,167,64,6,28,-10,39
frame=1,7,174,64,8,28,1,37
frame=2,0,183,64,11,28,17,41
frame=2,1,214,94,10,27,21,47
frame=2,2,225,94,5,27,13,53
frame=2,3,28,287,3,3,2,51
frame=2,4,195,64,11,28,-8,52
frame=2,5,254,33,10,29,-13,46
frame=2,6,265,33,5,29,-10,40
frame=2,7,271,33,9,29,4,38
frame=3,0,207,64,14,28,22,44
frame=3,1,227,123,11,25,23,50
frame=3,2,239,123,6,25,12,56
frame=3,3,32,287,3,3,-5,50
frame=3,4,222,64,14,28,-10,54
frame=3,5,316,0,11,30,-14,48
frame=3,6,105,0,6,31,-8,42
frame=3,7,328,0,11,30,9,41
frame=4,0,52,123,15,26,25,46
frame=4,1,110,151,12,23,24,52
frame=4,2,334,151,6,22,11,57
frame=4,3,127,218,9,15,-6,50
frame=4,4,237,64,15,28,-12,55
frame=4,5,112,0,12,31,-14,49
frame=4,6,125,0,7,31,-6,43
frame=4,7,340,0,14,30,13,42
frame=5,0,68,123,17,26,27,46
frame=5,1,341,151,12,22,24,52
frame=5,2,420,151,5,21,10,57
frame=5,3,137,218,9,15,-7,50
frame=5,4,231,94,17,27,-12,54
frame=5,5,133,0,12,31,-14,48
frame=5,6,6,0,7,32,-5,43
frame=5,7,355,0,14,30,14,42
frame=6,0,86,123,15,26,25,44
frame=6,1,123,151,12,23,24,51
frame=6,2,354,151,6,22,11,56
frame=6,3,420,198,9,16,-6,49
frame=6,4,249,94,15,27,-12,53
frame=6,5,146,0,12,31,-14,47
frame=6,6,14,0,7,32,-6,42
frame=6,7,370,0,14,30,13,41
frame=7,0,253,64,14,28,22,43
frame=7,1,246,123,11,25,23,49
frame=7,2,258,123,6,25,12,55
frame=7,3,36,287,3,3,-5,49
frame=7,4,268,64,14,28,-10,53
frame=7,5,385,0,11,30,-14,47
frame=7,6,159,0,6,31,-8,41
frame=7,7,397,0,11,30,9,40
frame=8,0,283,64,11,28,17,42
frame=8,1,265,94,10,27,21,48
frame=8,2,276,94,5,27,13,54
frame=8,3,40,287,3,3,2,52
frame=8,4,295,64,11,28,-8,53
frame=8,5,281,33,10,29,-13,47
frame=8,6,292,33,5,29,-10,41
frame=8,7,298,33,9,29,4,39
frame=9,0,308,33,10,29,13,41
frame=9,1,319,33,9,29,19,47
frame=9,2,329,33,6,29,14,53
frame=9,3,19,287,4,4,3,53
frame=9,4,307,64,8,28,-7,53
frame=9,5,316,64,9,28,-12,47
frame=9,6,326,64,6,28,-10,41
frame=9,7,333,64,8,28,1,38

[swing]
frames=8
duration=640ms
type=play_once
hit=160ms
frame=0,0,477,176,20,19,-7,45
frame=0,1,426,151,12,21,9,43
frame=0,2,430,198,26,16,33,46
frame=0,3,196,276,29,9,41,53
frame=0,4,236,264,19,10,25,63
frame=0,5,176,235,10,13,-1,66
frame=0,6,256,264,25,10,-10,59
frame=0,7,357,250,31,11,-12,50
frame=1,0,46,250,30,12,-9,47
frame=1,1,173,176,19,20,0,44
frame=1,2,439,151,13,21,17,45
frame=1,3,147,218,27,15,37,49
frame=1,4,407,276,30,8,37,57
frame=1,5,438,276,17,8,17,65
frame=1,6,175,218,14,15,-5,65
frame=1,7,226,276,29,9,-10,55
frame=2,0,256,276,29,9,41,43
frame=2,1,282,264,16,10,31,53
frame=2,2,286,276,12,9,13,59
frame=2,3,468,276,19,6,-10,55
frame=2,4,190,218,27,15,-16,51
frame=2,5,453,151,16,21,-17,43
frame=2,6,381,123,15,24,0,40
frame=2,7,123,198,28,18,27,38
frame=3,0,299,276,29,9,19,52
frame=3,1,488,276,10,6,-11,48
frame=3,2,193,176,17,20,-6,54
frame=3,3,470,151,15,21,-6,49
frame=3,4,424,218,29,14,8,42
frame=3,5,299,264,30,10,19,41
frame=3,6,218,218,18,15,21,46
frame=3,7,330,264,10,10,19,46
frame=4,0,0,287,13,5,-2,46
frame=4,1,341,264,15,10,-4,45
frame=4,2,211,176,10,20,-4,50
frame=4,3,183,198,24,17,3,45
frame=4,4,357,264,31,10,13,40
frame=4,5,187,235,25,13,17,42
frame=4,6,457,198,8,16,12,46
frame=4,7,213,235,24,13,19,48
frame=5,0,486,151,14,21,23,49
frame=5,1,222,176,23,20,15,55
frame=5,2,456,276,11,7,-6,52
frame=5,3,238,235,10,13,-11,46
frame=5,4,208,198,20,17,-5,42
frame=5,5,136,151,23,23,6,41
frame=5,6,409,0,16,30,15,45
frame=5,7,166,0,10,31,19,51
frame=6,0,177,0,10,31,21,52
frame=6,1,336,33,12,29,18,58
frame=6,2,44,287,1,1,80,112
frame=6,3,361,151,10,22,-7,55
frame=6,4,160,151,10,23,-13,49
frame=6,5,102,123,13,26,-7,44
frame=6,6,349,33,14,29,5,43
frame=6,7,188,0,11,31,15,46
frame=7,0,282,94,15,27,21,47
frame=7,1,397,123,12,24,23,52
frame=7,2,171,151,5,23,12,58
frame=7,3,44,287,1,1,80,112
frame=7,4,298,94,15,27,-8,58
frame=7,5,426,0,12,30,-13,52
frame=7,6,200,0,5,31,-9,47
frame=7,7,439,0,12,30,7,45

[swing2]
frames=8
duration=680ms
type=play_once
hit=170ms
frame=0,0,237,218,30,15,5,64
frame=0,1,329,276,25,9,14,58
frame=0,2,77,250,9,12,16,63
frame=0,3,389,250,20,11,24,68
frame=0,4,249,235,30,13,23,75
frame=0,5,246,176,25,20,9,80
frame=0,6,116,123,9,26,-9,80
frame=0,7,177,151,20,23,-6,73
frame=1,0,372,151,18,22,-12,61
frame=1,1,314,94,18,27,0,58
frame=1,2,206,0,12,31,14,60
frame=1,3,22,0,10,32,24,67
frame=1,4,342,64,18,28,28,73
frame=1,5,272,176,17,20,15,77
frame=1,6,498,176,12,19,-4,74
frame=1,7,0,198,10,19,-16,68
frame=2,0,126,123,21,26,37,37
frame=2,1,290,176,19,20,38,46
frame=2,2,229,198,9,17,18,54
frame=2,3,239,198,13,17,-4,55
frame=2,4,0,176,19,21,-20,49
frame=2,5,361,64,19,28,-21,41
frame=2,6,219,0,10,31,-10,33
frame=2,7,230,0,13,31,15,32
frame=3,0,452,0,10,30,26,33
frame=3,1,364,33,11,29,30,42
frame=3,2,381,64,7,28,18,49
frame=3,3,44,287,1,1,80,112
frame=3,4,410,123,10,24,-18,44
frame=3,5,148,123,11,26,-21,36
frame=3,6,389,64,10,28,-10,29
frame=3,7,463,0,10,30,9,28
frame=4,0,474,0,11,30,27,34
frame=4,1,486,0,11,30,30,43
frame=4,2,333,94,7,27,18,49
frame=4,3,44,287,1,1,80,112
frame=4,4,265,123,11,25,-18,45
frame=4,5,341,94,11,27,-21,37
frame=4,6,376,33,10,29,-10,30
frame=4,7,387,33,10,29,9,28
frame=5,0,20,176,26,21,32,33
frame=5,1,454,218,23,14,34,39
frame=5,2,355,276,8,9,16,43
frame=5,3,24,287,3,4,3,46
frame=5,4,253,198,19,17,-15,44
frame=5,5,421,123,23,24,-13,38
frame=5,6,160,123,7,26,-11,30
frame=5,7,400,64,18,28,13,31
frame=6,0,277,123,20,25,26,42
frame=6,1,0,33,15,30,27,52
frame=6,2,33,0,5,32,13,60
frame=6,3,410,250,6,11,-7,60
frame=6,4,391,151,19,22,-9,53
frame=6,5,11,198,15,19,-14,43
frame=6,6,152,198,5,18,-10,36
frame=6,7,310,176,16,20,11,35
frame=7,0,282,94,15,27,21,47
frame=7,1,397,123,12,24,23,52
frame=7,2,171,151,5,23,12,58
frame=7,3,44,287,1,1,80,112
frame=7,4,298,94,15,27,-8,58
frame=7,5,426,0,12,30,-13,52
frame=7,6,200,0,5,31,-9,47
frame=7,7,439,0,12,30,7,45

[swing3]
frames=8
duration=600ms
type=play_once
hit=150ms
frame=0,0,280,235,28,13,11,39
frame=0,1,309,235,31,13,24,41
frame=0,2,27,198,19,19,24,48
frame=0,3,47,198,12,19,18,54
frame=0,4,478,218,28,14,15,55
frame=0,5,389,264,23,10,-3,52
frame=0,6,268,218,17,15,-9,48
frame=0,7,273,198,9,17,-8,43
frame=1,0,466,198,27,16,7,39
frame=1,1,413,264,31,10,21,38
frame=1,2,286,218,21,15,24,43
frame=1,3,283,198,10,17,18,50
frame=1,4,87,250,27,12,18,52
frame=1,5,445,264,31,10,8,51
frame=1,6,294,198,18,17,-8,49
frame=1,7,60,198,8,19,-10,44
frame=2,0,313,198,27,17,44,53
frame=2,1,308,218,9,15,24,66
frame=2,2,341,235,17,13,3,69
frame=2,3,359,235,27,13,-14,60
frame=2,4,417,250,27,11,-19,48
frame=2,5,318,218,9,15,-17,39
frame=2,6,387,235,18,13,12,35
frame=2,7,445,250,31,11,39,40
frame=3,0,341,198,26,17,44,53
frame=3,1,328,218,7,15,22,66
frame=3,2,477,250,13,11,-4,68
frame=3,3,115,250,29,12,-14,58
frame=3,4,145,250,26,12,-20,46
frame=3,5,494,198,7,16,-17,37
frame=3,6,406,235,19,13,15,33
frame=3,7,477,264,31,10,41,39
frame=4,0,341,198,26,17,44,53
frame=4,1,328,218,7,15,22,66
frame=4,2,477,250,13,11,-4,68
frame=4,3,115,250,29,12,-14,58
frame=4,4,145,250,26,12,-20,46
frame=4,5,494,198,7,16,-17,37
frame=4,6,406,235,19,13,15,33
frame=4,7,477,264,31,10,41,39
frame=5,0,445,123,25,24,41,53
frame=5,1,398,33,11,29,25,66
frame=5,2,364,276,9,9,0,70
frame=5,3,327,176,22,20,-13,62
frame=5,4,0,235,25,14,-18,48
frame=5,5,491,250,11,11,-16,37
frame=5,6,0,264,15,11,7,33
frame=5,7,336,218,26,15,33,38
frame=6,0,410,33,12,29,25,50
frame=6,1,16,33,9,30,23,59
frame=6,2,26,33,6,30,10,65
frame=6,3,69,198,9,19,-6,64
frame=6,4,419,64,12,28,-15,57
frame=6,5,353,94,9,27,-16,48
frame=6,6,363,94,6,27,-6,42
frame=6,7,370,94,11,27,13,43
frame=7,0,282,94,15,27,21,47
frame=7,1,397,123,12,24,23,52
frame=7,2,171,151,5,23,12,58
frame=7,3,44,287,1,1,80,112
frame=7,4,298,94,15,27,-8,58
frame=7,5,426,0,12,30,-13,52
frame=7,6,200,0,5,31,-9,47
frame=7,7,439,0,12,30,7,45

[hit]
frames=2
duration=300ms
type=play_once
frame=0,0,382,94,15,27,21,47
frame=0,1,471,123,13,24,23,53
frame=0,2,198,151,5,23,12,58
frame=0,3,44,287,1,1,80,112
frame=0,4,398,94,15,27,-8,58
frame=0,5,33,33,13,30,-12,53
frame=0,6,39,0,5,32,-9,48
frame=0,7,47,33,13,30,8,45
frame=1,0,414,94,15,27,21,47
frame=1,1,471,123,13,24,23,53
frame=1,2,204,151,5,23,12,58
frame=1,3,44,287,1,1,80,112
frame=1,4,430,94,15,27,-8,58
frame=1,5,61,33,13,30,-12,53
frame=1,6,45,0,5,32,-9,48
frame=1,7,75,33,13,30,8,45

[block]
frames=2
duration=300ms
type=play_once
frame=0,0,423,33,12,29,14,46
frame=0,1,446,94,10,27,18,50
frame=0,2,168,123,5,26,12,55
frame=0,3,44,287,1,1,80,112
frame=0,4,432,64,11,28,-5,56
frame=0,5,89,33,10,30,-10,52
frame=0,6,100,33,5,30,-9,47
frame=0,7,436,33,11,29,3,44
frame=1,0,172,250,32,12,28,50
frame=1,1,205,250,24,12,28,56
frame=1,2,26,235,5,14,12,63
frame=1,3,16,264,23,11,9,63
frame=1,4,230,250,31,12,1,61
frame=1,5,350,176,24,20,-6,59
frame=1,6,485,123,5,24,-9,56
frame=1,7,375,176,23,20,12,52

[cast]
frames=6
duration=600ms
type=play_once
hit=300ms
frame=0,0,426,235,31,13,28,48
frame=0,1,47,176,22,21,26,59
frame=0,2,491,123,8,24,12,66
frame=0,3,79,198,25,19,8,64
frame=0,4,262,250,23,12,-7,56
frame=0,5,40,264,18,11,-10,49
frame=0,6,458,235,7,13,-6,45
frame=0,7,0,276,25,10,15,42
frame=1,0,286,250,31,12,27,45
frame=1,1,70,176,23,21,26,56
frame=1,2,298,123,7,25,11,63
frame=1,3,94,176,23,21,8,62
frame=1,4,466,235,19,13,-10,54
frame=1,5,59,264,18,11,-10,46
frame=1,6,318,250,7,12,-6,42
frame=1,7,26,276,23,10,13,40
frame=2,0,78,264,31,11,28,44
frame=2,1,399,176,24,20,27,55
frame=2,2,500,123,7,24,11,62
frame=2,3,424,176,24,20,8,61
frame=2,4,486,235,19,13,-11,53
frame=2,5,50,276,18,10,-11,45
frame=2,6,326,250,7,12,-6,41
frame=2,7,110,264,24,11,14,40
frame=3,0,0,151,24,24,22,58
frame=3,1,0,218,23,16,34,61
frame=3,2,0,250,12,13,27,68
frame=3,3,32,235,13,14,13,75
frame=3,4,158,198,24,18,0,77
frame=3,5,306,123,23,25,-13,73
frame=3,6,106,33,12,30,-17,66
frame=3,7,119,33,13,30,-2,60
frame=4,0,210,151,26,23,21,58
frame=4,1,46,235,25,14,34,60
frame=4,2,135,264,13,11,28,66
frame=4,3,334,250,15,12,16,74
frame=4,4,24,218,26,16,3,77
frame=4,5,237,151,25,23,-11,74
frame=4,6,448,33,13,29,-17,68
frame=4,7,462,33,15,29,-3,61
frame=5,0,282,94,15,27,21,47
frame=5,1,397,123,12,24,23,52
frame=5,2,171,151,5,23,12,58
frame=5,3,44,287,1,1,80,112
frame=5,4,298,94,15,27,-8,58
frame=5,5,426,0,12,30,-13,52
frame=5,6,200,0,5,31,-9,47
frame=5,7,439,0,12,30,7,45

[shoot]
frames=7
duration=700ms
type=play_once
hit=300ms
frame=0,0,478,33,8,29,13,51
frame=0,1,444,64,10,28,29,57
frame=0,2,487,33,8,29,28,67
frame=0,3,363,218,5,15,12,74
frame=0,4,455,64,8,28,-7,74
frame=0,5,496,33,10,29,-21,68
frame=0,6,464,64,8,28,-22,58
frame=0,7,473,64,5,28,-9,51
frame=1,0,0,64,9,29,8,52
frame=1,1,479,64,11,28,25,56
frame=1,2,491,64,10,28,29,65
frame=1,3,457,94,5,27,16,72
frame=1,4,502,64,9,28,-1,75
frame=1,5,0,94,11,28,-16,70
frame=1,6,10,64,10,29,-21,62
frame=1,7,21,64,5,29,-13,54
frame=2,0,0,64,9,29,8,52
frame=2,1,479,64,11,28,25,56
frame=2,2,491,64,10,28,29,65
frame=2,3,457,94,5,27,16,72
frame=2,4,12,94,9,28,-1,75
frame=2,5,0,94,11,28,-16,70
frame=2,6,10,64,10,29,-21,62
frame=2,7,21,64,5,29,-13,54
frame=3,0,133,33,13,30,8,58
frame=3,1,174,123,16,26,24,60
frame=3,2,263,151,12,23,27,67
frame=3,3,350,250,6,12,16,73
frame=3,4,25,151,13,24,3,77
frame=3,5,22,94,16,28,-10,75
frame=3,6,147,33,12,30,-17,68
frame=3,7,51,0,6,32,-12,62
frame=4,0,27,64,12,29,8,56
frame=4,1,463,94,14,27,24,59
frame=4,2,39,151,11,24,27,66
frame=4,3,13,250,6,13,16,73
frame=4,4,330,123,12,25,2,76
frame=4,5,39,94,14,28,-12,73
frame=4,6,160,33,11,30,-18,66
frame=4,7,244,0,6,31,-12,59
frame=5,0,149,264,29,11,26,40
frame=5,1,51,218,29,16,35,51
frame=5,2,51,151,15,24,24,63
frame=5,3,67,151,15,24,10,68
frame=5,4,368,198,24,17,-4,62
frame=5,5,69,276,29,10,-8,50
frame=5,6,179,264,14,11,-12,42
frame=5,7,99,276,14,10,3,37
frame=6,0,282,94,15,27,21,47
frame=6,1,397,123,12,24,23,52
frame=6,2,276,151,5,23,12,58
frame=6,3,44,287,1,1,80,112
frame=6,4,298,94,15,27,-8,58
frame=6,5,426,0,12,30,-13,52
frame=6,6,200,0,5,31,-9,47
frame=6,7,439,0,12,30,7,45

[die]
frames=6
duration=900ms
type=play_once
frame=0,0,54,94,11,28,12,43
frame=0,1,40,64,10,29,17,49
frame=0,2,51,64,5,29,12,54
frame=0,3,44,287,1,1,80,112
frame=0,4,66,94,9,28,-5,54
frame=0,5,478,94,10,27,-9,49
frame=0,6,76,94,5,28,-9,44
frame=0,7,489,94,9,27,1,41
frame=1,0,83,151,14,24,8,47
frame=1,1,411,151,8,22,9,48
frame=1,2,114,276,7,10,12,52
frame=1,3,44,287,1,1,80,112
frame=1,4,172,33,14,30,4,57
frame=1,5,58,0,8,32,-3,56
frame=1,6,187,33,11,30,-3,52
frame=1,7,0,123,15,27,3,48
frame=2,0,72,235,22,14,-3,45
frame=2,1,122,276,10,10,-2,38
frame=2,2,194,264,10,11,13,39
frame=2,3,393,198,26,17,25,46
frame=2,4,191,123,22,26,23,56
frame=2,5,199,33,10,30,10,62
frame=2,6,82,94,18,28,3,61
frame=2,7,118,176,26,21,-1,54
frame=3,0,95,235,26,14,-24,38
frame=3,1,105,198,8,19,-20,29
frame=3,2,81,218,22,16,14,23
frame=3,3,133,276,32,10,43,25
frame=3,4,369,218,26,15,48,42
frame=3,5,114,198,8,19,26,57
frame=3,6,104,218,22,16,6,59
frame=3,7,374,276,32,9,-13,48
frame=4,0,16,123,17,27,-48,23
frame=4,1,57,64,11,29,-32,5
frame=4,2,282,151,25,23,15,-5
frame=4,3,122,235,27,14,54,0
frame=4,4,166,276,17,10,63,17
frame=4,5,184,276,11,10,41,36
frame=4,6,20,250,25,13,8,45
frame=4,7,449,176,27,20,-29,40
frame=5,0,34,123,17,27,-48,23
frame=5,1,69,64,12,29,-32,5
frame=5,2,308,151,25,23,15,-5
frame=5,3,396,218,27,15,54,0
frame=5,4,205,264,17,11,63,17
frame=5,5,223,264,12,11,42,36
frame=5,6,150,235,25,14,8,45
frame=5,7,145,176,27,21,-29,40
