image=custom_gear_shortsword_smear.png

[stance]
frames=1
duration=100ms
type=play_once
frame=0,0,316,156,1,1,80,112
frame=0,1,316,156,1,1,80,112
frame=0,2,316,156,1,1,80,112
frame=0,3,316,156,1,1,80,112
frame=0,4,316,156,1,1,80,112
frame=0,5,316,156,1,1,80,112
frame=0,6,316,156,1,1,80,112
frame=0,7,316,156,1,1,80,112

[swing]
frames=8
duration=640ms
type=play_once
frame=0,0,316,156,1,1,80,112
frame=0,1,316,156,1,1,80,112
frame=0,2,316,156,1,1,80,112
frame=0,3,316,156,1,1,80,112
frame=0,4,316,156,1,1,80,112
frame=0,5,316,156,1,1,80,112
frame=0,6,316,156,1,1,80,112
frame=0,7,316,156,1,1,80,112
frame=1,0,316,156,1,1,80,112
frame=1,1,316,156,1,1,80,112
frame=1,2,316,156,1,1,80,112
frame=1,3,316,156,1,1,80,112
frame=1,4,316,156,1,1,80,112
frame=1,5,316,156,1,1,80,112
frame=1,6,316,156,1,1,80,112
frame=1,7,316,156,1,1,80,112
frame=2,0,209,126,89,18,45,38
frame=2,1,345,79,67,31,47,52
frame=2,2,68,79,42,39,46,61
frame=2,3,206,79,75,32,46,66
frame=2,4,0,126,89,29,42,69
frame=2,5,0,79,67,46,18,69
frame=2,6,288,0,42,52,-6,66
frame=2,7,111,79,75,38,27,54
frame=3,0,299,126,55,18,44,54
frame=3,1,151,156,58,12,32,57
frame=3,2,133,126,24,26,-9,59
frame=3,3,158,126,31,26,-10,53
frame=3,4,413,126,57,16,10,37
frame=3,5,355,126,57,18,24,34
frame=3,6,282,79,34,32,31,46
frame=3,7,317,79,27,32,39,52
frame=4,0,316,156,1,1,80,112
frame=4,1,316,156,1,1,80,112
frame=4,2,316,156,1,1,80,112
frame=4,3,316,156,1,1,80,112
frame=4,4,316,156,1,1,80,112
frame=4,5,316,156,1,1,80,112
frame=4,6,316,156,1,1,80,112
frame=4,7,316,156,1,1,80,112
frame=5,0,316,156,1,1,80,112
frame=5,1,316,156,1,1,80,112
frame=5,2,316,156,1,1,80,112
frame=5,3,316,156,1,1,80,112
frame=5,4,316,156,1,1,80,112
frame=5,5,316,156,1,1,80,112
frame=5,6,316,156,1,1,80,112
frame=5,7,316,156,1,1,80,112
frame=6,0,316,156,1,1,80,112
frame=6,1,316,156,1,1,80,112
frame=6,2,316,156,1,1,80,112
frame=6,3,316,156,1,1,80,112
frame=6,4,316,156,1,1,80,112
frame=6,5,316,156,1,1,80,112
frame=6,6,316,156,1,1,80,112
frame=6,7,316,156,1,1,80,112
frame=7,0,316,156,1,1,80,112
frame=7,1,316,156,1,1,80,112
frame=7,2,316,156,1,1,80,112
frame=7,3,316,156,1,1,80,112
frame=7,4,316,156,1,1,80,112
frame=7,5,316,156,1,1,80,112
frame=7,6,316,156,1,1,80,112
frame=7,7,316,156,1,1,80,112

[swing2]
frames=8
duration=680ms
type=play_once
frame=0,0,316,156,1,1,80,112
frame=0,1,316,156,1,1,80,112
frame=0,2,316,156,1,1,80,112
frame=0,3,316,156,1,1,80,112
frame=0,4,316,156,1,1,80,112
frame=0,5,316,156,1,1,80,112
frame=0,6,316,156,1,1,80,112
frame=0,7,316,156,1,1,80,112
frame=1,0,316,156,1,1,80,112
frame=1,1,316,156,1,1,80,112
frame=1,2,316,156,1,1,80,112
frame=1,3,316,156,1,1,80,112
frame=1,4,316,156,1,1,80,112
frame=1,5,316,156,1,1,80,112
frame=1,6,316,156,1,1,80,112
frame=1,7,316,156,1,1,80,112
frame=2,0,205,0,82,54,48,70
frame=2,1,414,0,68,49,47,76
frame=2,2,137,0,17,61,20,85
frame=2,3,155,0,49,58,27,88
frame=2,4,331,0,82,50,32,85
frame=2,5,68,0,68,67,19,83
frame=2,6,0,0,17,78,-5,81
frame=2,7,18,0,49,72,20,75
frame=3,0,210,156,18,11,38,10
frame=3,1,471,126,14,16,40,25
frame=3,2,39,156,2,14,18,37
frame=3,3,316,156,1,1,80,112
frame=3,4,272,156,17,10,-22,27
frame=3,5,290,156,13,9,-28,15
frame=3,6,318,156,2,1,-18,-3
frame=3,7,304,156,11,8,14,2
frame=4,0,316,156,1,1,80,112
frame=4,1,316,156,1,1,80,112
frame=4,2,316,156,1,1,80,112
frame=4,3,316,156,1,1,80,112
frame=4,4,316,156,1,1,80,112
frame=4,5,316,156,1,1,80,112
frame=4,6,316,156,1,1,80,112
frame=4,7,316,156,1,1,80,112
frame=5,0,316,156,1,1,80,112
frame=5,1,316,156,1,1,80,112
frame=5,2,316,156,1,1,80,112
frame=5,3,316,156,1,1,80,112
frame=5,4,316,156,1,1,80,112
frame=5,5,316,156,1,1,80,112
frame=5,6,316,156,1,1,80,112
frame=5,7,316,156,1,1,80,112
frame=6,0,316,156,1,1,80,112
frame=6,1,316,156,1,1,80,112
frame=6,2,316,156,1,1,80,112
frame=6,3,316,156,1,1,80,112
frame=6,4,316,156,1,1,80,112
frame=6,5,316,156,1,1,80,112
frame=6,6,316,156,1,1,80,112
frame=6,7,316,156,1,1,80,112
frame=7,0,316,156,1,1,80,112
frame=7,1,316,156,1,1,80,112
frame=7,2,316,156,1,1,80,112
frame=7,3,316,156,1,1,80,112
frame=7,4,316,156,1,1,80,112
frame=7,5,316,156,1,1,80,112
frame=7,6,316,156,1,1,80,112
frame=7,7,316,156,1,1,80,112

[swing3]
frames=8
duration=600ms
type=play_once
frame=0,0,316,156,1,1,80,112
frame=0,1,316,156,1,1,80,112
frame=0,2,316,156,1,1,80,112
frame=0,3,316,156,1,1,80,112
frame=0,4,316,156,1,1,80,112
frame=0,5,316,156,1,1,80,112
frame=0,6,316,156,1,1,80,112
frame=0,7,316,156,1,1,80,112
frame=1,0,316,156,1,1,80,112
frame=1,1,316,156,1,1,80,112
frame=1,2,316,156,1,1,80,112
frame=1,3,316,156,1,1,80,112
frame=1,4,316,156,1,1,80,112
frame=1,5,316,156,1,1,80,112
frame=1,6,316,156,1,1,80,112
frame=1,7,316,156,1,1,80,112
frame=2,0,90,126,42,28,48,50
frame=2,1,187,79,18,36,39,66
frame=2,2,413,79,38,30,27,70
frame=2,3,42,156,53,14,12,61
frame=2,4,229,156,42,11,-8,52
frame=2,5,190,126,18,20,-23,44
frame=2,6,0,156,38,16,9,34
frame=2,7,96,156,54,13,40,32
frame=3,0,316,156,1,1,80,112
frame=3,1,316,156,1,1,80,112
frame=3,2,316,156,1,1,80,112
frame=3,3,316,156,1,1,80,112
frame=3,4,316,156,1,1,80,112
frame=3,5,316,156,1,1,80,112
frame=3,6,316,156,1,1,80,112
frame=3,7,316,156,1,1,80,112
frame=4,0,316,156,1,1,80,112
frame=4,1,316,156,1,1,80,112
frame=4,2,316,156,1,1,80,112
frame=4,3,316,156,1,1,80,112
frame=4,4,316,156,1,1,80,112
frame=4,5,316,156,1,1,80,112
frame=4,6,316,156,1,1,80,112
frame=4,7,316,156,1,1,80,112
frame=5,0,316,156,1,1,80,112
frame=5,1,316,156,1,1,80,112
frame=5,2,316,156,1,1,80,112
frame=5,3,316,156,1,1,80,112
frame=5,4,316,156,1,1,80,112
frame=5,5,316,156,1,1,80,112
frame=5,6,316,156,1,1,80,112
frame=5,7,316,156,1,1,80,112
frame=6,0,316,156,1,1,80,112
frame=6,1,316,156,1,1,80,112
frame=6,2,316,156,1,1,80,112
frame=6,3,316,156,1,1,80,112
frame=6,4,316,156,1,1,80,112
frame=6,5,316,156,1,1,80,112
frame=6,6,316,156,1,1,80,112
frame=6,7,316,156,1,1,80,112
frame=7,0,316,156,1,1,80,112
frame=7,1,316,156,1,1,80,112
frame=7,2,316,156,1,1,80,112
frame=7,3,316,156,1,1,80,112
frame=7,4,316,156,1,1,80,112
frame=7,5,316,156,1,1,80,112
frame=7,6,316,156,1,1,80,112
frame=7,7,316,156,1,1,80,112
