image=custom_gear_smith_hammer_smear.png

[stance]
frames=1
duration=100ms
type=play_once
frame=0,0,106,137,1,1,80,112
frame=0,1,106,137,1,1,80,112
frame=0,2,106,137,1,1,80,112
frame=0,3,106,137,1,1,80,112
frame=0,4,106,137,1,1,80,112
frame=0,5,106,137,1,1,80,112
frame=0,6,106,137,1,1,80,112
frame=0,7,106,137,1,1,80,112

[swing]
frames=8
duration=640ms
type=play_once
frame=0,0,106,137,1,1,80,112
frame=0,1,106,137,1,1,80,112
frame=0,2,106,137,1,1,80,112
frame=0,3,106,137,1,1,80,112
frame=0,4,106,137,1,1,80,112
frame=0,5,106,137,1,1,80,112
frame=0,6,106,137,1,1,80,112
frame=0,7,106,137,1,1,80,112
frame=1,0,106,137,1,1,80,112
frame=1,1,106,137,1,1,80,112
frame=1,2,106,137,1,1,80,112
frame=1,3,106,137,1,1,80,112
frame=1,4,106,137,1,1,80,112
frame=1,5,106,137,1,1,80,112
frame=1,6,106,137,1,1,80,112
frame=1,7,106,137,1,1,80,112
frame=2,0,90,112,84,17,43,40
frame=2,1,290,74,64,28,44,53
frame=2,2,68,74,40,36,43,62
frame=2,3,129,74,69,31,42,67
frame=2,4,355,74,84,28,39,69
frame=2,5,446,0,64,42,18,69
frame=2,6,266,0,37,50,-8,67
frame=2,7,0,74,67,37,23,56
frame=3,0,175,112,52,17,42,55
frame=3,1,457,112,55,12,32,58
frame=3,2,0,112,32,24,2,61
frame=3,3,485,74,26,25,-12,55
frame=3,4,228,112,49,17,4,41
frame=3,5,296,112,53,14,20,33
frame=3,6,235,74,29,29,28,46
frame=3,7,265,74,24,29,36,53
frame=4,0,106,137,1,1,80,112
frame=4,1,106,137,1,1,80,112
frame=4,2,106,137,1,1,80,112
frame=4,3,106,137,1,1,80,112
frame=4,4,106,137,1,1,80,112
frame=4,5,106,137,1,1,80,112
frame=4,6,106,137,1,1,80,112
frame=4,7,106,137,1,1,80,112
frame=5,0,106,137,1,1,80,112
frame=5,1,106,137,1,1,80,112
frame=5,2,106,137,1,1,80,112
frame=5,3,106,137,1,1,80,112
frame=5,4,106,137,1,1,80,112
frame=5,5,106,137,1,1,80,112
frame=5,6,106,137,1,1,80,112
frame=5,7,106,137,1,1,80,112
frame=6,0,106,137,1,1,80,112
frame=6,1,106,137,1,1,80,112
frame=6,2,106,137,1,1,80,112
frame=6,3,106,137,1,1,80,112
frame=6,4,106,137,1,1,80,112
frame=6,5,106,137,1,1,80,112
frame=6,6,106,137,1,1,80,112
frame=6,7,106,137,1,1,80,112
frame=7,0,106,137,1,1,80,112
frame=7,1,106,137,1,1,80,112
frame=7,2,106,137,1,1,80,112
frame=7,3,106,137,1,1,80,112
frame=7,4,106,137,1,1,80,112
frame=7,5,106,137,1,1,80,112
frame=7,6,106,137,1,1,80,112
frame=7,7,106,137,1,1,80,112

[swing2]
frames=8
duration=680ms
type=play_once
frame=0,0,106,137,1,1,80,112
frame=0,1,106,137,1,1,80,112
frame=0,2,106,137,1,1,80,112
frame=0,3,106,137,1,1,80,112
frame=0,4,106,137,1,1,80,112
frame=0,5,106,137,1,1,80,112
frame=0,6,106,137,1,1,80,112
frame=0,7,106,137,1,1,80,112
frame=1,0,106,137,1,1,80,112
frame=1,1,106,137,1,1,80,112
frame=1,2,106,137,1,1,80,112
frame=1,3,106,137,1,1,80,112
frame=1,4,106,137,1,1,80,112
frame=1,5,106,137,1,1,80,112
frame=1,6,106,137,1,1,80,112
frame=1,7,106,137,1,1,80,112
frame=2,0,143,0,76,53,44,66
frame=2,1,381,0,64,43,46,72
frame=2,2,127,0,15,55,21,82
frame=2,3,220,0,45,52,27,86
frame=2,4,304,0,76,48,30,84
frame=2,5,62,0,64,63,16,82
frame=2,6,0,0,15,73,-8,78
frame=2,7,16,0,45,67,16,71
frame=3,0,44,137,17,9,34,11
frame=3,1,278,112,12,15,38,27
frame=3,2,291,112,4,15,20,39
frame=3,3,106,137,1,1,80,112
frame=3,4,62,137,14,9,-23,31
frame=3,5,90,137,11,7,-28,18
frame=3,6,102,137,3,5,-18,10
frame=3,7,77,137,12,9,10,6
frame=4,0,106,137,1,1,80,112
frame=4,1,106,137,1,1,80,112
frame=4,2,106,137,1,1,80,112
frame=4,3,106,137,1,1,80,112
frame=4,4,106,137,1,1,80,112
frame=4,5,106,137,1,1,80,112
frame=4,6,106,137,1,1,80,112
frame=4,7,106,137,1,1,80,112
frame=5,0,106,137,1,1,80,112
frame=5,1,106,137,1,1,80,112
frame=5,2,106,137,1,1,80,112
frame=5,3,106,137,1,1,80,112
frame=5,4,106,137,1,1,80,112
frame=5,5,106,137,1,1,80,112
frame=5,6,106,137,1,1,80,112
frame=5,7,106,137,1,1,80,112
frame=6,0,106,137,1,1,80,112
frame=6,1,106,137,1,1,80,112
frame=6,2,106,137,1,1,80,112
frame=6,3,106,137,1,1,80,112
frame=6,4,106,137,1,1,80,112
frame=6,5,106,137,1,1,80,112
frame=6,6,106,137,1,1,80,112
frame=6,7,106,137,1,1,80,112
frame=7,0,106,137,1,1,80,112
frame=7,1,106,137,1,1,80,112
frame=7,2,106,137,1,1,80,112
frame=7,3,106,137,1,1,80,112
frame=7,4,106,137,1,1,80,112
frame=7,5,106,137,1,1,80,112
frame=7,6,106,137,1,1,80,112
frame=7,7,106,137,1,1,80,112

[swing3]
frames=8
duration=600ms
type=play_once
frame=0,0,106,137,1,1,80,112
frame=0,1,106,137,1,1,80,112
frame=0,2,106,137,1,1,80,112
frame=0,3,106,137,1,1,80,112
frame=0,4,106,137,1,1,80,112
frame=0,5,106,137,1,1,80,112
frame=0,6,106,137,1,1,80,112
frame=0,7,106,137,1,1,80,112
frame=1,0,106,137,1,1,80,112
frame=1,1,106,137,1,1,80,112
frame=1,2,106,137,1,1,80,112
frame=1,3,106,137,1,1,80,112
frame=1,4,106,137,1,1,80,112
frame=1,5,106,137,1,1,80,112
frame=1,6,106,137,1,1,80,112
frame=1,7,106,137,1,1,80,112
frame=2,0,440,74,44,26,46,48
frame=2,1,109,74,19,34,37,63
frame=2,2,199,74,35,30,27,68
frame=2,3,350,112,52,14,15,60
frame=2,4,0,137,43,10,-4,52
frame=2,5,33,112,19,21,-20,45
frame=2,6,53,112,36,18,7,36
frame=2,7,403,112,53,13,36,32
frame=3,0,106,137,1,1,80,112
frame=3,1,106,137,1,1,80,112
frame=3,2,106,137,1,1,80,112
frame=3,3,106,137,1,1,80,112
frame=3,4,106,137,1,1,80,112
frame=3,5,106,137,1,1,80,112
frame=3,6,106,137,1,1,80,112
frame=3,7,106,137,1,1,80,112
frame=4,0,106,137,1,1,80,112
frame=4,1,106,137,1,1,80,112
frame=4,2,106,137,1,1,80,112
frame=4,3,106,137,1,1,80,112
frame=4,4,106,137,1,1,80,112
frame=4,5,106,137,1,1,80,112
frame=4,6,106,137,1,1,80,112
frame=4,7,106,137,1,1,80,112
frame=5,0,106,137,1,1,80,112
frame=5,1,106,137,1,1,80,112
frame=5,2,106,137,1,1,80,112
frame=5,3,106,137,1,1,80,112
frame=5,4,106,137,1,1,80,112
frame=5,5,106,137,1,1,80,112
frame=5,6,106,137,1,1,80,112
frame=5,7,106,137,1,1,80,112
frame=6,0,106,137,1,1,80,112
frame=6,1,106,137,1,1,80,112
frame=6,2,106,137,1,1,80,112
frame=6,3,106,137,1,1,80,112
frame=6,4,106,137,1,1,80,112
frame=6,5,106,137,1,1,80,112
frame=6,6,106,137,1,1,80,112
frame=6,7,106,137,1,1,80,112
frame=7,0,106,137,1,1,80,112
frame=7,1,106,137,1,1,80,112
frame=7,2,106,137,1,1,80,112
frame=7,3,106,137,1,1,80,112
frame=7,4,106,137,1,1,80,112
frame=7,5,106,137,1,1,80,112
frame=7,6,106,137,1,1,80,112
frame=7,7,106,137,1,1,80,112
