image=custom_gear_wand_smear.png

[stance]
frames=1
duration=100ms
type=play_once
frame=0,0,21,126,1,1,80,112
frame=0,1,21,126,1,1,80,112
frame=0,2,21,126,1,1,80,112
frame=0,3,21,126,1,1,80,112
frame=0,4,21,126,1,1,80,112
frame=0,5,21,126,1,1,80,112
frame=0,6,21,126,1,1,80,112
frame=0,7,21,126,1,1,80,112

[swing]
frames=8
duration=640ms
type=play_once
frame=0,0,21,126,1,1,80,112
frame=0,1,21,126,1,1,80,112
frame=0,2,21,126,1,1,80,112
frame=0,3,21,126,1,1,80,112
frame=0,4,21,126,1,1,80,112
frame=0,5,21,126,1,1,80,112
frame=0,6,21,126,1,1,80,112
frame=0,7,21,126,1,1,80,112
frame=1,0,21,126,1,1,80,112
frame=1,1,21,126,1,1,80,112
frame=1,2,21,126,1,1,80,112
frame=1,3,21,126,1,1,80,112
frame=1,4,21,126,1,1,80,112
frame=1,5,21,126,1,1,80,112
frame=1,6,21,126,1,1,80,112
frame=1,7,21,126,1,1,80,112
frame=2,0,63,106,79,16,40,39
frame=2,1,242,70,59,27,42,51
frame=2,2,0,70,35,35,41,60
frame=2,3,153,70,65,28,40,64
frame=2,4,330,70,79,24,37,66
frame=2,5,365,0,60,41,16,67
frame=2,6,211,0,35,47,-8,64
frame=2,7,36,70,64,35,22,54
frame=3,0,143,106,45,16,40,52
frame=3,1,388,106,51,10,30,56
frame=3,2,453,70,30,23,2,59
frame=3,3,484,70,23,23,-13,53
frame=3,4,18,106,44,17,3,41
frame=3,5,233,106,52,14,19,34
frame=3,6,302,70,27,27,26,44
frame=3,7,219,70,22,28,34,50
frame=4,0,21,126,1,1,80,112
frame=4,1,21,126,1,1,80,112
frame=4,2,21,126,1,1,80,112
frame=4,3,21,126,1,1,80,112
frame=4,4,21,126,1,1,80,112
frame=4,5,21,126,1,1,80,112
frame=4,6,21,126,1,1,80,112
frame=4,7,21,126,1,1,80,112
frame=5,0,21,126,1,1,80,112
frame=5,1,21,126,1,1,80,112
frame=5,2,21,126,1,1,80,112
frame=5,3,21,126,1,1,80,112
frame=5,4,21,126,1,1,80,112
frame=5,5,21,126,1,1,80,112
frame=5,6,21,126,1,1,80,112
frame=5,7,21,126,1,1,80,112
frame=6,0,21,126,1,1,80,112
frame=6,1,21,126,1,1,80,112
frame=6,2,21,126,1,1,80,112
frame=6,3,21,126,1,1,80,112
frame=6,4,21,126,1,1,80,112
frame=6,5,21,126,1,1,80,112
frame=6,6,21,126,1,1,80,112
frame=6,7,21,126,1,1,80,112
frame=7,0,21,126,1,1,80,112
frame=7,1,21,126,1,1,80,112
frame=7,2,21,126,1,1,80,112
frame=7,3,21,126,1,1,80,112
frame=7,4,21,126,1,1,80,112
frame=7,5,21,126,1,1,80,112
frame=7,6,21,126,1,1,80,112
frame=7,7,21,126,1,1,80,112

[swing2]
frames=8
duration=680ms
type=play_once
frame=0,0,21,126,1,1,80,112
frame=0,1,21,126,1,1,80,112
frame=0,2,21,126,1,1,80,112
frame=0,3,21,126,1,1,80,112
frame=0,4,21,126,1,1,80,112
frame=0,5,21,126,1,1,80,112
frame=0,6,21,126,1,1,80,112
frame=0,7,21,126,1,1,80,112
frame=1,0,21,126,1,1,80,112
frame=1,1,21,126,1,1,80,112
frame=1,2,21,126,1,1,80,112
frame=1,3,21,126,1,1,80,112
frame=1,4,21,126,1,1,80,112
frame=1,5,21,126,1,1,80,112
frame=1,6,21,126,1,1,80,112
frame=1,7,21,126,1,1,80,112
frame=2,0,138,0,72,48,42,66
frame=2,1,426,0,60,40,43,71
frame=2,2,122,0,15,50,19,80
frame=2,3,247,0,44,47,25,83
frame=2,4,292,0,72,45,28,81
frame=2,5,61,0,60,59,15,79
frame=2,6,0,0,15,69,-6,76
frame=2,7,16,0,44,63,17,70
frame=3,0,483,106,13,9,34,13
frame=3,1,222,106,10,15,36,29
frame=3,2,385,106,2,11,17,39
frame=3,3,21,126,1,1,80,112
frame=3,4,497,106,12,8,-23,31
frame=3,5,0,126,11,6,-28,17
frame=3,6,23,126,2,1,-17,2
frame=3,7,12,126,8,6,12,5
frame=4,0,21,126,1,1,80,112
frame=4,1,21,126,1,1,80,112
frame=4,2,21,126,1,1,80,112
frame=4,3,21,126,1,1,80,112
frame=4,4,21,126,1,1,80,112
frame=4,5,21,126,1,1,80,112
frame=4,6,21,126,1,1,80,112
frame=4,7,21,126,1,1,80,112
frame=5,0,21,126,1,1,80,112
frame=5,1,21,126,1,1,80,112
frame=5,2,21,126,1,1,80,112
frame=5,3,21,126,1,1,80,112
frame=5,4,21,126,1,1,80,112
frame=5,5,21,126,1,1,80,112
frame=5,6,21,126,1,1,80,112
frame=5,7,21,126,1,1,80,112
frame=6,0,21,126,1,1,80,112
frame=6,1,21,126,1,1,80,112
frame=6,2,21,126,1,1,80,112
frame=6,3,21,126,1,1,80,112
frame=6,4,21,126,1,1,80,112
frame=6,5,21,126,1,1,80,112
frame=6,6,21,126,1,1,80,112
frame=6,7,21,126,1,1,80,112
frame=7,0,21,126,1,1,80,112
frame=7,1,21,126,1,1,80,112
frame=7,2,21,126,1,1,80,112
frame=7,3,21,126,1,1,80,112
frame=7,4,21,126,1,1,80,112
frame=7,5,21,126,1,1,80,112
frame=7,6,21,126,1,1,80,112
frame=7,7,21,126,1,1,80,112

[swing3]
frames=8
duration=600ms
type=play_once
frame=0,0,21,126,1,1,80,112
frame=0,1,21,126,1,1,80,112
frame=0,2,21,126,1,1,80,112
frame=0,3,21,126,1,1,80,112
frame=0,4,21,126,1,1,80,112
frame=0,5,21,126,1,1,80,112
frame=0,6,21,126,1,1,80,112
frame=0,7,21,126,1,1,80,112
frame=1,0,21,126,1,1,80,112
frame=1,1,21,126,1,1,80,112
frame=1,2,21,126,1,1,80,112
frame=1,3,21,126,1,1,80,112
frame=1,4,21,126,1,1,80,112
frame=1,5,21,126,1,1,80,112
frame=1,6,21,126,1,1,80,112
frame=1,7,21,126,1,1,80,112
frame=2,0,410,70,42,24,44,48
frame=2,1,101,70,18,33,34,62
frame=2,2,120,70,32,29,24,67
frame=2,3,286,106,47,13,13,58
frame=2,4,440,106,42,10,-4,50
frame=2,5,0,106,17,19,-19,44
frame=2,6,189,106,32,16,6,36
frame=2,7,334,106,50,12,35,32
frame=3,0,21,126,1,1,80,112
frame=3,1,21,126,1,1,80,112
frame=3,2,21,126,1,1,80,112
frame=3,3,21,126,1,1,80,112
frame=3,4,21,126,1,1,80,112
frame=3,5,21,126,1,1,80,112
frame=3,6,21,126,1,1,80,112
frame=3,7,21,126,1,1,80,112
frame=4,0,21,126,1,1,80,112
frame=4,1,21,126,1,1,80,112
frame=4,2,21,126,1,1,80,112
frame=4,3,21,126,1,1,80,112
frame=4,4,21,126,1,1,80,112
frame=4,5,21,126,1,1,80,112
frame=4,6,21,126,1,1,80,112
frame=4,7,21,126,1,1,80,112
frame=5,0,21,126,1,1,80,112
frame=5,1,21,126,1,1,80,112
frame=5,2,21,126,1,1,80,112
frame=5,3,21,126,1,1,80,112
frame=5,4,21,126,1,1,80,112
frame=5,5,21,126,1,1,80,112
frame=5,6,21,126,1,1,80,112
frame=5,7,21,126,1,1,80,112
frame=6,0,21,126,1,1,80,112
frame=6,1,21,126,1,1,80,112
frame=6,2,21,126,1,1,80,112
frame=6,3,21,126,1,1,80,112
frame=6,4,21,126,1,1,80,112
frame=6,5,21,126,1,1,80,112
frame=6,6,21,126,1,1,80,112
frame=6,7,21,126,1,1,80,112
frame=7,0,21,126,1,1,80,112
frame=7,1,21,126,1,1,80,112
frame=7,2,21,126,1,1,80,112
frame=7,3,21,126,1,1,80,112
frame=7,4,21,126,1,1,80,112
frame=7,5,21,126,1,1,80,112
frame=7,6,21,126,1,1,80,112
frame=7,7,21,126,1,1,80,112
