image=custom_gear_zweihander.png

[stance]
frames=4
duration=800ms
type=back_forth
frame=0,0,344,142,18,42,17,70
frame=0,1,273,271,18,37,23,72
frame=0,2,57,385,10,32,16,75
frame=0,3,219,349,18,34,8,79
frame=0,4,415,186,18,41,-1,80
frame=0,5,426,0,18,46,-7,78
frame=0,6,185,0,13,47,-5,73
frame=0,7,445,0,18,46,8,70
frame=1,0,363,142,17,42,17,69
frame=1,1,292,271,17,37,23,72
frame=1,2,348,349,10,33,16,76
frame=1,3,238,349,18,34,8,79
frame=1,4,381,142,17,42,-2,80
frame=1,5,464,0,17,46,-8,77
frame=1,6,0,0,13,48,-5,73
frame=1,7,482,0,18,46,8,70
frame=2,0,434,186,19,41,17,70
frame=2,1,71,311,19,36,23,72
frame=2,2,276,385,10,31,16,75
frame=2,3,359,349,18,33,9,79
frame=2,4,399,142,19,42,0,81
frame=2,5,0,49,19,46,-6,78
frame=2,6,14,0,13,48,-5,74
frame=2,7,20,49,18,46,7,71
frame=3,0,419,142,18,42,17,70
frame=3,1,310,271,18,37,23,72
frame=3,2,68,385,10,32,16,75
frame=3,3,219,349,18,34,8,79
frame=3,4,415,186,18,41,-1,80
frame=3,5,426,0,18,46,-7,78
frame=3,6,199,0,13,47,-5,73
frame=3,7,39,49,18,46,8,70

[run]
frames=10
duration=660ms
type=looped
frame=0,0,469,96,8,43,14,63
frame=0,1,487,49,8,45,20,70
frame=0,2,496,49,10,45,18,76
frame=0,3,287,385,7,31,3,79
frame=0,4,478,96,7,43,-9,76
frame=0,5,486,96,10,43,-12,70
frame=0,6,438,142,13,42,-7,63
frame=0,7,452,142,12,42,3,60
frame=1,0,497,96,7,43,14,63
frame=1,1,259,96,10,44,21,69
frame=1,2,0,142,10,43,18,75
frame=1,3,295,385,7,31,3,78
frame=1,4,11,142,6,43,-10,75
frame=1,5,18,142,11,43,-12,69
frame=1,6,30,142,13,43,-7,63
frame=1,7,44,142,12,43,4,60
frame=2,0,57,142,10,43,16,65
frame=2,1,465,142,11,42,22,70
frame=2,2,65,271,10,38,17,75
frame=2,3,352,478,8,23,3,78
frame=2,4,68,142,10,43,-8,76
frame=2,5,0,96,11,45,-13,71
frame=2,6,12,96,13,45,-6,65
frame=2,7,26,96,12,45,7,63
frame=3,0,477,142,16,42,19,67
frame=3,1,76,271,16,38,24,71
frame=3,2,257,349,10,34,16,75
frame=3,3,328,311,16,35,5,78
frame=3,4,494,142,16,42,-5,77
frame=3,5,58,49,16,46,-10,73
frame=3,6,213,0,14,47,-4,68
frame=3,7,75,49,16,46,9,66
frame=4,0,288,229,22,40,22,68
frame=4,1,268,349,18,34,24,70
frame=4,2,447,385,10,30,14,74
frame=4,3,91,311,21,36,7,78
frame=4,4,0,186,22,42,-2,78
frame=4,5,228,0,18,47,-8,75
frame=4,6,28,0,13,48,-3,70
frame=4,7,92,49,21,46,12,68
frame=5,0,439,229,23,39,22,67
frame=5,1,378,349,19,33,24,69
frame=5,2,182,419,9,29,13,73
frame=5,3,345,311,21,35,7,77
frame=5,4,454,186,23,41,-1,77
frame=5,5,247,0,19,47,-7,74
frame=5,6,42,0,13,48,-2,70
frame=5,7,39,96,21,45,12,67
frame=6,0,311,229,22,40,22,66
frame=6,1,367,311,18,35,24,69
frame=6,2,303,385,10,31,14,73
frame=6,3,386,311,21,35,7,76
frame=6,4,478,186,22,41,-2,76
frame=6,5,267,0,18,47,-8,73
frame=6,6,56,0,13,48,-3,69
frame=6,7,114,49,21,46,12,66
frame=7,0,23,186,16,42,19,66
frame=7,1,93,271,16,38,24,70
frame=7,2,287,349,10,34,16,74
frame=7,3,408,311,16,35,5,77
frame=7,4,40,186,16,42,-5,76
frame=7,5,136,49,16,46,-10,72
frame=7,6,286,0,14,47,-4,67
frame=7,7,153,49,16,46,9,65
frame=8,0,79,142,10,43,16,66
frame=8,1,57,186,11,42,22,71
frame=8,2,110,271,10,38,17,76
frame=8,3,361,478,8,23,3,79
frame=8,4,90,142,10,43,-8,77
frame=8,5,61,96,11,45,-13,72
frame=8,6,73,96,13,45,-6,66
frame=8,7,87,96,12,45,7,64
frame=9,0,270,96,7,44,14,65
frame=9,1,278,96,10,44,21,71
frame=9,2,101,142,10,43,18,76
frame=9,3,458,385,7,30,3,79
frame=9,4,112,142,6,43,-10,77
frame=9,5,119,142,11,43,-12,71
frame=9,6,69,186,13,42,-7,64
frame=9,7,131,142,12,43,4,62

[swing]
frames=8
duration=640ms
type=play_once
hit=160ms
frame=0,0,79,385,29,32,-13,42
frame=0,1,398,349,14,33,13,38
frame=0,2,340,450,41,25,56,43
frame=0,3,213,600,44,11,67,53
frame=0,4,383,528,29,18,40,71
frame=0,5,82,478,14,24,-1,77
frame=0,6,102,549,41,17,-17,64
frame=0,7,127,528,47,19,-22,51
frame=1,0,426,504,46,20,-19,47
frame=1,1,109,385,26,32,-6,40
frame=1,2,413,349,17,33,23,40
frame=1,3,97,478,42,24,60,48
frame=1,4,258,600,46,11,63,57
frame=1,5,144,549,25,17,30,74
frame=1,6,140,478,17,24,-8,75
frame=1,7,182,568,42,15,-20,59
frame=2,0,86,585,43,13,65,44
frame=2,1,170,549,22,17,42,59
frame=2,2,411,549,19,16,9,66
frame=2,3,130,585,41,13,-12,60
frame=2,4,434,419,43,27,-24,51
frame=2,5,329,271,22,37,-22,40
frame=2,6,352,271,19,37,8,33
frame=2,7,0,450,43,27,51,35
frame=3,0,305,600,31,11,-3,57
frame=3,1,175,528,43,19,-4,54
frame=3,2,314,385,23,31,-12,50
frame=3,3,338,385,19,31,1,44
frame=3,4,267,504,44,21,32,40
frame=3,5,337,600,46,11,45,40
frame=3,6,158,478,26,24,33,56
frame=3,7,54,504,19,22,16,63
frame=4,0,392,613,35,9,-7,47
frame=4,1,473,504,34,20,-5,43
frame=4,2,136,385,7,32,-8,45
frame=4,3,108,450,36,26,22,41
frame=4,4,384,600,48,11,40,39
frame=4,5,413,528,37,18,37,49
frame=4,6,382,450,7,25,13,59
frame=4,7,225,568,25,15,1,57
frame=5,0,372,271,32,37,19,78
frame=5,1,370,478,27,23,0,72
frame=5,2,193,549,20,17,-7,62
frame=5,3,312,504,14,21,-8,55
frame=5,4,390,450,32,25,11,54
frame=5,5,425,311,35,35,25,60
frame=5,6,100,96,22,45,25,70
frame=5,7,301,0,14,47,20,77
frame=6,0,70,0,14,48,22,79
frame=6,1,334,229,21,40,18,82
frame=6,2,145,450,12,26,-3,80
frame=6,3,113,311,10,36,-10,74
frame=6,4,461,311,14,35,-10,68
frame=6,5,463,229,21,39,1,65
frame=6,6,289,96,20,44,13,67
frame=6,7,85,0,10,48,18,73
frame=7,0,83,186,18,42,17,70
frame=7,1,405,271,18,37,23,72
frame=7,2,144,385,10,32,16,76
frame=7,3,327,504,11,21,8,80
frame=7,4,102,186,18,42,-1,81
frame=7,5,170,49,18,46,-7,78
frame=7,6,96,0,13,48,-5,74
frame=7,7,316,0,18,47,8,71

[swing2]
frames=8
duration=680ms
type=play_once
hit=170ms
frame=0,0,185,478,46,24,-4,75
frame=0,1,248,613,40,10,7,60
frame=0,2,172,585,17,13,18,62
frame=0,3,428,613,31,9,39,67
frame=0,4,251,568,46,15,48,80
frame=0,5,466,385,40,30,31,96
frame=0,6,121,271,17,38,-3,100
frame=0,7,476,311,31,35,-10,92
frame=1,0,0,349,25,35,-17,56
frame=1,1,121,186,27,42,-4,50
frame=1,2,335,0,19,47,14,50
frame=1,3,110,0,16,48,29,56
frame=1,4,144,142,25,43,40,64
frame=1,5,26,349,27,35,29,70
frame=1,6,451,528,13,18,-3,69
frame=1,7,270,419,16,28,-15,63
frame=2,0,0,271,29,39,52,29
frame=2,1,192,419,26,29,53,40
frame=2,2,74,504,17,22,24,48
frame=2,3,431,549,11,16,-14,41
frame=2,4,431,349,29,33,-25,44
frame=2,5,149,186,30,42,-25,32
frame=2,6,127,0,17,48,-9,23
frame=2,7,355,0,21,47,23,22
frame=3,0,377,0,6,47,22,24
frame=3,1,189,49,13,46,31,33
frame=3,2,0,229,17,41,24,39
frame=3,3,398,478,9,23,3,25
frame=3,4,139,271,6,38,-18,38
frame=3,5,356,229,13,40,-20,28
frame=3,6,180,186,17,42,-9,20
frame=3,7,310,96,14,44,9,18
frame=4,0,203,49,6,46,23,24
frame=4,1,123,96,14,45,32,33
frame=4,2,370,229,17,40,24,39
frame=4,3,92,504,9,22,2,25
frame=4,4,146,271,6,38,-19,38
frame=4,5,18,229,14,41,-20,29
frame=4,6,170,142,17,43,-9,21
frame=4,7,210,49,13,46,9,19
frame=5,0,0,419,38,30,54,26
frame=5,1,443,549,30,16,51,33
frame=5,2,433,600,14,11,20,42
frame=5,3,49,625,7,7,-22,36
frame=5,4,287,419,38,28,-18,41
frame=5,5,30,271,34,39,-19,31
frame=5,6,325,96,14,44,-8,23
frame=5,7,33,229,29,41,27,21
frame=6,0,153,271,29,38,41,63
frame=6,1,224,49,21,46,37,78
frame=6,2,138,96,11,45,17,87
frame=6,3,424,271,18,37,-7,85
frame=6,4,443,271,29,37,-14,73
frame=6,5,219,419,23,29,-16,58
frame=6,6,232,478,13,24,-6,48
frame=6,7,243,419,26,29,23,50
frame=7,0,83,186,18,42,17,70
frame=7,1,405,271,18,37,23,72
frame=7,2,144,385,10,32,16,76
frame=7,3,327,504,11,21,8,80
frame=7,4,102,186,18,42,-1,81
frame=7,5,170,49,18,46,-7,78
frame=7,6,96,0,13,48,-5,74
frame=7,7,316,0,18,47,8,71

[swing3]
frames=8
duration=600ms
type=play_once
hit=150ms
frame=0,0,392,568,42,14,34,35
frame=0,1,190,585,45,13,51,43
frame=0,2,246,478,29,24,39,60
frame=0,3,158,450,19,26,18,69
frame=0,4,465,528,33,18,-3,64
frame=0,5,433,585,47,12,-6,52
frame=0,6,408,478,30,23,-11,46
frame=0,7,439,478,19,23,-1,38
frame=1,0,0,528,40,20,29,34
frame=1,1,97,625,45,6,48,34
frame=1,2,0,549,33,18,41,51
frame=1,3,423,450,16,25,20,62
frame=1,4,236,585,29,13,-2,58
frame=1,5,298,568,47,15,-3,51
frame=1,6,44,450,33,27,-10,46
frame=1,7,326,419,16,28,-6,38
frame=2,0,178,450,41,26,66,66
frame=2,1,155,385,18,32,30,84
frame=2,2,39,419,26,30,-4,85
frame=2,3,219,528,45,19,-22,67
frame=2,4,448,600,41,11,-27,46
frame=2,5,34,549,18,18,-14,34
frame=2,6,214,549,32,17,28,32
frame=2,7,0,613,45,11,65,39
frame=3,0,220,450,39,26,65,66
frame=3,1,174,385,15,32,26,84
frame=3,2,343,419,29,28,-6,82
frame=3,3,346,568,45,15,-25,62
frame=3,4,266,585,39,13,-28,43
frame=3,5,265,528,15,19,-13,31
frame=3,6,247,549,35,17,33,30
frame=3,7,0,600,45,12,68,39
frame=4,0,220,450,39,26,65,66
frame=4,1,174,385,15,32,26,84
frame=4,2,343,419,29,28,-6,82
frame=4,3,346,568,45,15,-25,62
frame=4,4,266,585,39,13,-28,43
frame=4,5,265,528,15,19,-13,31
frame=4,6,247,549,35,17,33,30
frame=4,7,0,600,45,12,68,39
frame=5,0,124,311,37,36,61,72
frame=5,1,198,186,20,42,33,90
frame=5,2,63,229,26,41,5,93
frame=5,3,461,349,39,33,-18,79
frame=5,4,41,528,37,20,-26,56
frame=5,5,289,613,20,10,-15,37
frame=5,6,46,600,26,12,19,34
frame=5,7,459,478,38,23,55,49
frame=6,0,340,96,11,44,28,74
frame=6,1,150,96,13,45,26,84
frame=6,2,90,229,11,41,13,90
frame=6,3,352,96,10,44,-8,89
frame=6,4,219,186,11,42,-19,80
frame=6,5,102,229,13,41,-15,70
frame=6,6,388,229,13,40,-2,64
frame=6,7,116,229,12,41,16,65
frame=7,0,83,186,18,42,17,70
frame=7,1,405,271,18,37,23,72
frame=7,2,144,385,10,32,16,76
frame=7,3,327,504,11,21,8,80
frame=7,4,102,186,18,42,-1,81
frame=7,5,170,49,18,46,-7,78
frame=7,6,96,0,13,48,-5,74
frame=7,7,316,0,18,47,8,71

[hit]
frames=2
duration=300ms
type=play_once
frame=0,0,129,229,20,41,17,70
frame=0,1,162,311,19,36,23,72
frame=0,2,358,385,10,31,16,75
frame=0,3,298,349,18,34,9,79
frame=0,4,150,229,20,41,1,81
frame=0,5,246,49,19,46,-6,79
frame=0,6,384,0,13,47,-5,74
frame=0,7,266,49,18,46,7,71
frame=1,0,171,229,20,41,17,70
frame=1,1,182,311,19,36,23,72
frame=1,2,358,385,10,31,16,75
frame=1,3,298,349,18,34,9,79
frame=1,4,192,229,20,41,1,81
frame=1,5,285,49,19,46,-6,79
frame=1,6,398,0,13,47,-5,74
frame=1,7,305,49,18,46,7,71

[block]
frames=2
duration=300ms
type=play_once
frame=0,0,188,142,12,43,12,69
frame=0,1,402,229,14,40,19,72
frame=0,2,202,311,10,36,16,75
frame=0,3,339,504,9,21,8,79
frame=0,4,201,142,12,43,-2,80
frame=0,5,164,96,14,45,-7,77
frame=0,6,324,49,13,46,-5,73
frame=0,7,338,49,14,46,4,70
frame=1,0,0,568,47,16,17,56
frame=1,1,73,600,36,12,21,55
frame=1,2,48,568,13,16,16,59
frame=1,3,306,585,37,13,29,63
frame=1,4,62,568,47,16,28,67
frame=1,5,66,419,36,30,13,75
frame=1,6,54,349,13,35,-5,74
frame=1,7,103,419,37,30,6,67

[cast]
frames=6
duration=600ms
type=play_once
hit=300ms
frame=0,0,79,528,47,20,18,48
frame=0,1,190,385,34,32,21,53
frame=0,2,213,311,13,36,15,58
frame=0,3,440,450,39,25,29,55
frame=0,4,435,568,47,14,27,55
frame=0,5,46,613,34,11,11,53
frame=0,6,283,549,14,17,-3,53
frame=0,7,110,600,39,12,8,45
frame=1,0,281,528,47,19,17,45
frame=1,1,225,385,36,32,20,51
frame=1,2,473,271,12,37,14,55
frame=1,3,373,419,29,28,27,54
frame=1,4,110,568,47,16,28,52
frame=1,5,460,613,36,9,14,49
frame=1,6,298,549,12,17,-4,50
frame=1,7,150,600,36,12,7,43
frame=2,0,53,549,48,18,18,45
frame=2,1,369,385,36,31,20,50
frame=2,2,227,311,12,36,14,55
frame=2,3,403,419,30,28,27,54
frame=2,4,0,585,48,14,28,51
frame=2,5,310,613,36,10,14,49
frame=2,6,329,528,12,19,-4,51
frame=2,7,49,585,36,14,7,44
frame=3,0,0,311,36,37,15,78
frame=3,1,260,450,34,26,27,73
frame=3,2,311,549,19,17,27,75
frame=3,3,158,568,23,16,23,81
frame=3,4,0,478,36,25,19,89
frame=3,5,183,271,34,38,5,94
frame=3,6,353,49,19,46,-10,92
frame=3,7,179,96,23,45,-2,85
frame=4,0,68,349,39,35,13,76
frame=4,1,0,504,37,23,26,70
frame=4,2,344,585,20,13,28,70
frame=4,3,187,600,25,12,27,77
frame=4,4,102,504,39,22,24,87
frame=4,5,108,349,37,35,9,93
frame=4,6,363,96,20,44,-10,92
frame=4,7,384,96,25,44,-4,85
frame=5,0,83,186,18,42,17,70
frame=5,1,405,271,18,37,23,72
frame=5,2,144,385,10,32,16,76
frame=5,3,327,504,11,21,8,80
frame=5,4,102,186,18,42,-1,81
frame=5,5,170,49,18,46,-7,78
frame=5,6,96,0,13,48,-5,74
frame=5,7,316,0,18,47,8,71

[shoot]
frames=7
duration=700ms
type=play_once
hit=300ms
frame=0,0,410,96,11,44,13,42
frame=0,1,214,142,5,43,24,48
frame=0,2,220,142,11,43,28,58
frame=0,3,232,142,13,43,16,65
frame=0,4,246,142,11,43,-4,65
frame=0,5,422,96,5,44,-21,59
frame=0,6,258,142,11,43,-19,49
frame=0,7,270,142,13,43,-5,42
frame=1,0,203,96,12,45,9,43
frame=1,1,284,142,9,43,24,47
frame=1,2,231,186,11,42,28,56
frame=1,3,213,229,14,41,20,64
frame=1,4,243,186,12,42,1,66
frame=1,5,294,142,9,43,-17,61
frame=1,6,216,96,11,45,-19,53
frame=1,7,228,96,14,45,-8,45
frame=2,0,203,96,12,45,9,43
frame=2,1,284,142,9,43,24,47
frame=2,2,231,186,11,42,28,56
frame=2,3,213,229,14,41,20,64
frame=2,4,256,186,12,42,1,66
frame=2,5,294,142,9,43,-17,61
frame=2,6,216,96,11,45,-19,53
frame=2,7,228,96,14,45,-8,45
frame=3,0,373,49,21,46,16,49
frame=3,1,417,229,21,40,33,52
frame=3,2,317,349,18,34,33,60
frame=3,3,262,385,13,32,19,67
frame=3,4,240,311,21,36,3,70
frame=3,5,228,229,21,41,-14,66
frame=3,6,395,49,18,46,-17,58
frame=3,7,145,0,13,48,-8,51
frame=4,0,414,49,18,46,14,47
frame=4,1,269,186,17,42,30,51
frame=4,2,37,311,16,37,31,59
frame=4,3,146,349,13,35,19,66
frame=4,4,218,271,18,38,2,68
frame=4,5,287,186,17,42,-15,64
frame=4,6,433,49,16,46,-17,56
frame=4,7,412,0,13,47,-8,49
frame=5,0,81,613,44,11,17,41
frame=5,1,295,450,44,26,26,48
frame=5,2,262,311,25,36,23,56
frame=5,3,160,349,18,35,21,59
frame=5,4,37,478,44,25,25,58
frame=5,5,347,613,44,10,16,51
frame=5,6,126,613,17,11,-8,46
frame=5,7,365,585,25,13,2,44
frame=6,0,83,186,18,42,17,70
frame=6,1,405,271,18,37,23,72
frame=6,2,144,385,10,32,16,76
frame=6,3,327,504,11,21,8,80
frame=6,4,102,186,18,42,-1,81
frame=6,5,170,49,18,46,-7,78
frame=6,6,159,0,13,48,-5,74
frame=6,7,316,0,18,47,8,71

[die]
frames=6
duration=900ms
type=play_once
frame=0,0,304,142,9,43,14,67
frame=0,1,428,96,9,44,19,73
frame=0,2,438,96,10,44,16,78
frame=0,3,142,504,7,22,2,81
frame=0,4,314,142,9,43,-7,78
frame=0,5,305,186,12,42,-9,72
frame=0,6,250,229,13,41,-5,66
frame=0,7,318,186,12,42,4,64
frame=1,0,54,311,16,37,5,66
frame=1,1,336,349,11,34,12,66
frame=1,2,0,385,15,33,19,70
frame=1,3,38,504,15,23,20,77
frame=1,4,450,49,16,46,9,83
frame=1,5,173,0,11,48,-3,83
frame=1,6,467,49,19,46,-2,78
frame=1,7,264,229,23,41,1,71
frame=2,0,349,504,35,21,-9,53
frame=2,1,391,585,15,13,-1,42
frame=2,2,407,585,25,13,26,44
frame=2,3,276,478,40,24,47,58
frame=2,4,237,271,35,38,42,76
frame=2,5,243,96,15,45,14,87
frame=2,6,331,186,28,42,0,84
frame=2,7,16,385,40,33,-9,71
frame=3,0,385,504,40,21,-32,37
frame=3,1,78,450,14,27,-17,24
frame=3,2,150,504,34,22,31,19
frame=3,3,0,625,48,9,70,26
frame=3,4,342,528,40,19,70,51
frame=3,5,93,450,14,27,29,70
frame=3,6,317,478,34,24,1,70
frame=3,7,144,613,48,11,-24,50
frame=4,0,360,186,27,42,-50,15
frame=4,1,324,142,19,43,-25,-4
frame=4,2,288,311,39,36,36,-11
frame=4,3,185,504,40,22,76,-2
frame=4,4,193,613,27,11,75,18
frame=4,5,57,625,19,7,42,35
frame=4,6,331,549,39,17,1,43
frame=4,7,141,419,40,30,-38,34
frame=5,0,388,186,26,42,-51,15
frame=5,1,449,96,19,44,-25,-4
frame=5,2,179,349,39,35,36,-12
frame=5,3,226,504,40,22,76,-2
frame=5,4,221,613,26,11,75,17
frame=5,5,77,625,19,7,42,35
frame=5,6,371,549,39,17,1,43
frame=5,7,406,385,40,31,-38,34
